116 1270
0 2 10 12 15 26 43 45 46 51 63 65 69 75 83 87 88 89 95 97 98 103 107 109
1 3 15 16 24 31 35 40 41 42 43 57 59 65 67 74 102 105 114
2 0 3 4 12 20 24 26 27 28 38 41 61 62 90 99 101 109 110 111 115
3 1 2 5 6 8 14 18 23 27 28 29 30 31 36 40 43 52 56 59 66 76 82 86 94
4 2 8 10 16 17 21 27 31 36 40 42 45 49 60 61 68 74 81 84 96 97 100 102 105
5 3 8 29 61 65 68 74 80 83 91 95 96 101 103 107
6 3 8 26 27 35 37 43 46 52 58 60 61 67 68 69 75 77 80 84 86 90 91 96 97 100 101
7 8 12 13 20 24 25 26 27 30 40 46 50 56 64 66 71 72 83 99 103 107 108 114
8 3 4 5 6 7 26 27 34 37 38 46 49 51 55 64 69 75 87 88 90 92 96 111 113 114
9 43 51 52 59 64 75 76 78 82 94 95 98 101 110 111
10 0 4 13 15 17 18 20 29 32 41 44 49 55 57 61 65 83 98 99 103 107 108 115
11 17 18 19 27 41 50 52 55 57 69 73 79 91 92 99 102 105 114
12 0 2 7 17 19 28 33 36 38 40 42 46 67 72 84 93 98 105 111
13 7 10 22 24 35 36 38 40 49 51 70 72 74 89 93 95 101
14 3 19 20 23 26 31 38 41 51 55 56 65 68 69 70 74 83 88 98 103 112
15 0 1 10 24 29 30 31 33 34 37 40 44 53 56 62 64 74 77 78 79 80 81 82 85 94 103 104 105 109 110 115
16 1 4 18 23 27 37 40 41 43 48 66 72 78 83 84 91 98 105 106 107 115
17 4 10 11 12 19 20 28 29 37 46 55 64 78 85 88 104 109
18 3 10 11 16 20 25 31 34 35 37 41 44 47 54 57 62 69 74 82 87 89 94 98 108 114
19 11 12 14 17 22 23 33 35 38 39 45 74 76 82 97 98 100 101 102 105 109 110 111 115
20 2 7 10 14 17 18 27 33 35 36 38 59 60 70 71 85 98 99 100 101 104 110 113
21 4 44 47 64 67 69 70 71 74 75 79 84 91 92 94 96 100 109
22 13 19 23 27 32 35 45 50 52 53 54 60 62 64 65 72 74 85 88 92 93 103 104 111
23 3 14 16 19 22 35 43 44 56 67 69 84 91 92 95 97 100 104 108 111 115
24 1 2 7 13 15 35 43 47 49 52 54 72 74 80 81 83 89
25 7 18 26 31 36 45 47 51 53 55 58 61 74 75 82 83 90 93 95 110 115
26 0 2 6 7 8 14 25 28 29 32 39 41 43 44 50 53 64 76 82 88 94 97 101 104
27 2 3 4 6 7 8 11 16 20 22 31 32 34 39 40 41 42 44 50 51 52 54 55 63 64 65 72 74 89 90 91 106 112
28 2 3 12 17 26 34 40 45 47 49 52 53 54 55 57 58 86 87 96
29 3 5 10 15 17 26 34 36 44 45 53 64 69 72 74 91 98 108 112 115
30 3 7 15 34 38 53 61 63 64 67 69 70 75 78 82 87 88 90 97 104 106 109
31 1 3 4 14 15 18 25 27 43 47 51 54 59 83 84 86 91 97 99 104 109 111 114
32 10 22 26 27 33 35 38 40 44 45 51 55 56 64 65 73 74 76 84 87 90 94 95 96 100 102 110 112 115
33 12 15 19 20 32 34 50 56 63 68 73 78 82 99 100 102 107
34 8 15 18 27 28 29 30 33 37 39 42 44 48 57 75 77 93 101 102 109 111
35 1 6 13 18 19 20 22 23 24 32 44 45 47 48 51 54 57 87 88 89 96 99 101 105 112
36 3 4 12 13 20 25 29 50 55 60 68 69 70 85 87 91 95 103 104 108 110 111
37 6 8 15 16 17 18 34 46 48 60 66 87 89 94 100 110
38 2 8 12 13 14 19 20 30 32 41 43 44 45 48 53 54 61 66 74 84 101 109 111 112
39 19 26 27 34 76 93 94
40 1 3 4 7 12 13 15 16 27 28 32 43 44 47 53 54 55 59 61 78 84 113 115
41 1 2 10 11 14 16 18 26 27 38 42 58 59 61 63 65 68 78 80 82 85 92 93 95 100 106 113
42 1 4 12 27 34 41 45 51 54 60 64 87 88 90 91 95 98 113
43 0 1 3 6 9 16 23 24 26 31 38 40 48 49 51 64 70 81 85 86 90 93 97 104 105 114
44 10 15 18 21 23 26 27 29 32 34 35 38 40 49 50 52 65 75 77 78 79 82 91 92 97 98 100 105 115
45 0 4 19 22 25 28 29 32 35 38 42 48 55 56 58 62 64 65 85 87 90 95 96 100 103 105 106 112
46 0 6 7 8 12 17 37 50 52 53 59 64 68 77 80 91 100 101 106 108 114
47 18 21 24 25 28 31 35 40 50 54 59 69 70 85 87 92 99 103 104 106 107 109 111
48 16 34 35 37 38 43 45 61 62 65 71 74 77 79 82 84 93 107 110
49 4 8 10 13 24 28 43 44 51 52 64 70 78 83 85 86 94 95 101 106
50 7 11 22 26 27 33 36 44 46 47 58 65 68 70 71 77 83 86 87 89 91 92 95 98 100 114
51 0 8 9 13 14 25 27 31 32 35 42 43 49 55 61 71 74 78 79 86 87 91 98 102 104 107 115
52 3 6 9 11 22 24 27 28 44 46 49 57 69 79 91 92 102 104 105 111 112 114
53 15 22 25 26 28 29 30 38 40 46 62 65 66 68 69 75 79 86 90 92 106 115
54 18 22 24 27 28 31 35 38 40 42 47 62 68 69 74 83 92 95
55 8 10 11 14 17 25 27 28 32 36 40 45 51 58 62 73 75 82 89 90 98 103 107 112
56 3 7 14 15 23 32 33 45 64 67 69 74 77 78 79 83 84 87 90 97 102 106 112
57 1 10 11 18 28 34 35 52 66 74 77 87 100 110 115
58 6 25 28 41 45 50 55 63 70 77 84 89 92 94 103 104 105
59 1 3 9 20 31 40 41 46 47 61 62 63 65 67 71 72 76 81 90 98 99 104 107
60 4 6 20 22 36 37 42 61 65 71 72 75 79 80 82 85 86 91 92 94 102 103 110 113 115
61 2 4 5 6 10 25 30 38 40 41 48 51 59 60 67 75 78 86 87 99 102 103 109 110 113 115
62 2 15 18 22 45 48 53 54 55 59 65 68 72 73 79 83 84 89 98 99 102 105 109 115
63 0 27 30 33 41 58 59 66 73 76 78 86 87 108 110 111 112
64 7 8 9 15 17 21 22 26 27 29 30 32 42 43 45 46 49 56 70 83 92 94 100 107
65 0 1 5 10 14 22 27 32 41 44 45 48 50 53 59 60 62 68 80 83 86 90 99 100 102
66 3 7 16 37 38 53 57 63 71 77 82 87 92 93 102 112 113
67 1 6 12 21 23 30 56 59 61 69 77 80 99 103 104 105 114
68 4 5 6 14 33 36 41 46 50 53 54 62 65 69 70 80 81 89 90 92 96 102 112
69 0 6 8 11 14 18 21 23 29 30 36 47 52 53 54 56 67 68 70 74 80 88 93 99 100 102
70 13 14 20 21 30 36 43 47 49 50 58 64 68 69 76 77 78 83 85 87 88 90 92 93 96 101 112 114
71 7 20 21 48 50 51 59 60 66 79 81 95 98 101 102 105
72 7 12 13 16 22 24 27 29 59 60 62 80
73 11 32 33 55 62 63 75 86 90 95 97 100 106 109
74 1 4 5 13 14 15 18 19 21 22 24 25 27 29 32 38 48 51 54 56 57 69 75 85 97 98 105 110
75 0 6 8 9 21 25 30 34 44 53 55 60 61 73 74 80 82 88 91 104 108 109 111
76 3 9 19 26 32 39 59 63 70 84 85 87 91 95 101 104 109 112 114
77 6 15 34 44 46 48 50 56 57 58 66 67 70 87 88 89 90 94 95 101 105
78 9 15 16 17 30 33 40 41 44 49 51 56 61 63 70 84 93 94 101 105 111
79 11 15 21 44 48 51 52 53 56 60 62 71 81 82 90 91 99 100 103 109 114
80 5 6 15 24 41 46 60 65 67 68 69 72 75 82 87 89 91 97 109
81 4 15 24 43 59 68 71 79 107 111
82 3 9 15 18 19 25 26 30 33 41 44 48 55 60 66 75 79 80 86 88 95 96 97 100 102 104 115
83 0 5 7 10 14 16 24 25 31 49 50 54 56 62 64 65 70 84 88 100 103 113 115
84 4 6 12 16 21 23 31 32 38 40 48 56 58 62 76 78 83 85 97 101 102 105 112
85 15 17 20 22 36 41 43 45 47 49 60 70 74 76 84 87 88 94 108 111 112 113
86 3 6 28 31 43 49 50 51 53 60 61 63 65 73 82 90 99
87 0 8 18 28 30 32 35 36 37 42 45 47 50 51 56 57 61 63 66 70 76 77 80 85 91 96 104 106
88 0 8 14 17 22 26 30 35 42 69 70 75 77 82 83 85 89 90 106 110 111 112
89 0 13 18 24 27 35 37 50 55 58 62 68 77 80 88 95 96 98 100 107 109 113 114
90 2 6 8 25 27 30 32 42 43 45 53 55 56 59 65 68 70 73 77 79 86 88 91 95 102 111
91 5 6 11 16 21 23 27 29 31 36 42 44 46 50 51 52 60 75 76 79 80 87 90 92 101 105 106 108 112 115
92 8 11 21 22 23 41 44 47 50 52 53 54 58 60 64 66 68 70 91 97 112
93 12 13 22 25 34 39 41 43 48 66 69 70 78 107
94 3 9 15 18 21 26 32 37 39 49 58 60 64 77 78 85 96 97 98 111 112 113
95 0 5 9 13 23 25 32 36 41 42 45 49 50 54 71 73 76 77 82 89 90 97 102 104
96 4 5 6 8 21 28 32 35 45 68 70 82 87 89 94 105 111 112 113 115
97 0 4 6 19 23 26 30 31 43 44 56 73 74 80 82 84 92 94 95 99 104
98 0 9 10 12 14 16 18 19 20 29 42 44 50 51 55 59 62 71 74 89 94 99 100 101 104 105 107 112 113 114
99 2 7 10 11 20 31 33 35 47 59 61 62 65 67 69 79 86 97 98 100 106 107 108 114
100 4 6 19 20 21 23 32 33 37 41 44 45 46 50 57 64 65 69 73 79 82 83 89 98 99 103 106 108 109 112
101 2 5 6 9 13 19 20 26 34 35 38 46 49 70 71 76 77 78 84 91 98 104 108 111 115
102 1 4 11 19 32 33 34 51 52 56 60 61 62 65 66 68 69 71 82 84 90 95 103 107 112 114
103 0 5 7 10 14 15 22 36 45 47 55 58 60 61 67 79 83 100 102 112 115
104 15 17 20 22 23 26 30 31 36 43 47 51 52 58 59 67 75 76 82 87 95 97 98 101
105 1 4 11 12 15 16 19 35 43 44 45 52 58 62 67 71 74 77 78 84 91 96 98 108 109 112 113
106 16 27 30 41 45 46 47 49 53 56 73 87 88 91 99 100
107 0 5 7 10 16 33 47 48 51 55 59 64 81 89 93 98 99 102 111 114
108 7 10 18 23 29 36 46 63 75 85 91 99 100 101 105 114
109 0 2 15 17 19 21 30 31 34 38 47 61 62 73 75 76 79 80 89 100 105 113
110 2 9 15 19 20 25 32 36 37 48 57 60 61 63 74 88 112
111 2 8 9 12 19 22 23 31 34 36 38 47 52 63 75 78 81 85 88 90 94 96 101 107 114
112 14 27 29 32 35 38 45 52 55 56 63 66 68 70 76 84 85 88 91 92 94 96 98 100 102 103 105 110 113 114
113 8 20 40 41 42 60 61 66 83 85 89 94 96 98 105 109 112
114 1 7 8 11 18 31 43 46 50 52 67 70 76 79 89 98 99 102 107 108 111 112
115 2 10 15 16 19 23 25 29 32 40 44 51 53 57 60 61 62 82 83 91 96 101 103
