110 1065
0 1 4 5 14 18 21 22 26 42 50 52 53 54 55 58 67 69 72 97 98
1 0 14 17 18 20 23 24 25 26 29 31 32 33 37 52 64 68 72 79 109
2 5 13 14 35 38 44 46 48 49 58 59 62 86 89 95 96 101 109
3 6 10 12 21 29 34 35 37 44 53 61 62 66 78 82 95 102 108
4 0 6 7 8 12 42 52 53 74 76 78 99 109
5 0 2 6 7 14 16 17 18 38 40 41 44 45 47 58 61 65 66 79 84 94 105 109
6 3 4 5 7 9 11 28 36 41 45 46 50 54 62 63 70 71 75 79 81 87 98 100 104 105
7 4 5 6 26 30 32 34 38 41 42 47 50 54 65 68 74 75 83 88 105 106
8 4 12 16 22 37 38 55 56 70 86 88 91 94 105
9 6 10 15 17 36 42 43 52 58 64 69 82 88 92 101 102
10 3 9 13 25 32 38 40 43 44 49 54 70 71 74 82 86 96 97 98 107 108
11 6 12 16 19 23 28 39 51 52 54 61 64 66 69 77 78 79 85 91 98 99
12 3 4 8 11 14 32 42 44 46 49 74 89 91 92 108
13 2 10 23 30 52 56 57 71 73 74 80 82 85 104 105 106
14 0 1 2 5 12 16 23 27 28 29 37 40 43 48 51 52 53 62 66 67 69 88 105
15 9 20 21 35 40 41 45 61 64 65 67 79 90 92 93 95 105 108 109
16 5 8 11 14 27 29 33 34 44 46 48 50 55 57 61 74 83 89 90 94 96 98 105
17 1 5 9 20 28 40 55 59 62 65 76 81 87 93 95 97 99 108
18 0 1 5 20 24 26 31 33 46 53 58 61 64 70 71 73 83 86 88 91 97 103 106 108
19 11 25 28 33 36 37 38 39 40 48 56 57 61 67 73 74 76 79 87 88 92 94 101 102 108
20 1 15 17 18 30 39 41 43 48 52 53 65 67 68 74 77 82 104 108
21 0 3 15 29 33 41 44 51 53 62 65 72 91 92 93 99 105 108 109
22 0 8 31 38 45 53 57 58 63 64 65 68 70 71 75 78 90 94 99 102
23 1 11 13 14 25 27 28 36 40 44 55 66 68 76 89 92 96 104 105 107
24 1 18 25 26 29 48 49 51 62 63 66 67 70 72 81 86 88 91 97 101 109
25 1 10 19 23 24 30 37 43 45 48 65 73 76 81 83 89 93 99 109
26 0 1 7 18 24 42 45 50 57 63 64 68 73 80 82 88 89 93 99 100 101 104 106 108
27 14 16 23 46 51 54 55 56 61 68 69 71 76 79 91 92 99 100 104 105
28 6 11 14 17 19 23 40 60 65 67 70 82 84 86 93 94 103 106 107
29 1 3 14 16 21 24 34 35 37 41 53 58 60 61 72 74 77 90 99 104 106 107
30 7 13 20 25 37 54 55 57 65 77 84 85 89 103
31 1 18 22 34 37 39 40 51 54 61 62 67 68 69 74 80 96
32 1 7 10 12 34 44 45 48 49 50 55 59 61 63 75 83 87 92 93 99 108
33 1 16 18 19 21 38 39 54 57 61 68 73 76 77 85 86 88 92 97 101 103
34 3 7 16 29 31 32 35 38 45 54 73 74 85 89 99 100 103 107 108
35 2 3 15 29 34 37 39 50 55 60 62 65 68 69 99 103 104
36 6 9 19 23 38 39 40 57 61 79 81 83 86 90 93 97 106
37 1 3 8 14 19 25 29 30 31 35 45 49 51 54 57 69 73 87 107 109
38 2 5 7 8 10 19 22 33 34 36 43 47 50 58 59 71 72 75 85 87 93 97 98 107 108
39 11 19 20 31 33 35 36 40 42 46 51 71 73 78 79 88 93 97 108
40 5 10 14 15 17 19 23 28 31 36 39 41 44 49 53 57 61 70 80 81 90 92
41 5 6 7 15 20 21 29 40 64 67 69 72 73 74 75 80 95 98 99 102 104 107
42 0 4 7 9 12 26 39 55 58 59 62 64 65 68 75 77 85 88 90 91 93 95 108
43 9 10 14 20 25 38 44 46 49 68 70 80 84 88 89 94 96 105
44 2 3 5 10 12 16 21 23 32 40 43 51 57 68 71 77 85 92 104 109
45 5 6 15 22 25 26 32 34 37 46 72 78 83 85 88 92 94 95 98 107 108
46 2 6 12 16 18 27 39 43 45 48 55 64 65 70 76 78 81 83 95 97 107
47 5 7 38 52 59 72 76 80 86 92 101 103
48 2 14 16 19 20 24 25 32 46 50 54 63 65 81 87 94 99 102 107
49 2 10 12 24 32 37 40 43 57 61 62 72 80 88 93 98 100 106 107
50 0 6 7 16 26 32 35 38 48 59 70 73 79 81 93 94 101 108
51 11 14 21 24 27 31 37 39 44 53 61 68 78 80 88 103 104 109
52 0 1 4 9 11 13 14 20 47 59 66 68 70 71 74 76 80 84 85 90 96 105 108 109
53 0 3 4 14 18 20 21 22 29 40 51 58 64 76 77 78 79 82 85 89 93 96 103
54 0 6 7 10 11 27 30 31 33 34 37 48 62 70 71 72 73 87 92 101 102 105 107 109
55 0 8 16 17 23 27 30 32 35 42 46 59 66 67 68 73 76 83 95
56 8 13 19 27 57 58 68 72 75 79 80 85 86 87 94
57 13 16 19 22 26 30 33 36 37 40 44 49 56 62 73 80 82 88 90 96
58 0 2 5 9 18 22 29 38 42 53 56 61 63 66 71 79 86 88 90 106 109
59 2 17 32 38 42 47 50 52 55 65 74 77 94 95 102 105 107 109
60 28 29 35 64 66 78 81 89 92 96 101 103 104 108
61 3 5 11 15 16 18 19 27 29 31 32 33 36 40 49 51 58 86 89 92 104
62 2 3 6 14 17 21 24 31 35 42 49 54 57 78 81 88 91 94 99 103 108
63 6 22 24 26 32 48 58 74 78 108
64 1 9 11 15 18 22 26 41 42 46 53 60 66 67 69 71 83 86 90 94 95 98 101
65 5 7 15 17 20 21 22 25 28 30 35 42 46 48 59 67 74 75 78 85 86 90
66 3 5 11 14 23 24 52 55 58 60 64 72 81 96 98 99 106 107
67 0 14 15 19 20 24 28 31 41 55 64 65 69 70 72 73 76 82 87 97 101 106
68 1 7 20 22 23 26 27 31 33 35 42 43 44 51 52 55 56 85 87 89 92 103 109
69 0 9 11 14 27 31 35 37 41 64 67 71 93 104
70 6 8 10 18 22 24 28 40 43 46 50 52 54 67 73 76 82 83 86 96 102 106
71 6 10 13 18 22 27 38 39 44 52 54 58 64 69 76 80 82 93 95 98 101 109
72 0 1 21 24 29 38 41 45 47 49 54 56 66 67 101 106
73 13 18 19 25 26 33 34 37 39 41 50 54 55 57 67 70 75 97 100 101 105
74 4 7 10 12 13 16 19 20 29 31 34 41 52 59 63 65 77 81 84 86 95 96 102 109
75 6 7 22 32 38 41 42 56 65 73 76 79 85 90 95 96 98 108
76 4 17 19 23 25 27 33 46 47 52 53 55 67 70 71 75 78 81 83 84 88 96 97 105 107 108
77 11 20 29 30 33 42 44 53 59 74 102 108
78 3 4 11 22 39 45 46 51 53 60 62 63 65 76 82 86
79 1 5 6 11 15 19 27 36 39 50 53 56 58 75 85 94 101 102 103 104
80 13 26 31 40 41 43 47 49 51 52 56 57 71 86 89
81 6 17 24 25 36 40 46 48 50 60 62 66 74 76 87 108
82 3 9 10 13 20 26 28 53 57 67 70 71 78 84 88 95 97 101 106 107 108
83 7 16 18 25 32 36 45 46 55 64 70 76 88 92 99 102
84 5 28 30 43 52 74 76 82 99 101
85 11 13 30 33 34 38 42 44 45 52 53 56 65 68 75 79 88 96 101 105 106 108
86 2 8 10 18 24 28 33 36 47 56 58 61 64 65 70 74 78 80 93
87 6 17 19 32 37 38 48 54 56 67 68 81 94 98 99
88 7 8 9 14 18 19 24 26 33 39 42 43 45 49 51 57 58 62 76 82 83 85 91 96 98 102 107
89 2 12 16 23 25 26 30 34 43 53 60 61 68 80 96 100 102 103 104 106
90 15 16 22 29 36 40 42 52 57 58 64 65 75 96 100 103 108
91 8 11 12 18 21 24 27 42 62 88 99 105
92 9 12 15 19 21 23 27 32 33 40 44 45 47 54 60 61 68 83 100
93 15 17 21 25 26 28 32 36 38 39 42 49 50 53 69 71 86 94 99 102 109
94 5 8 16 19 22 28 43 45 48 50 56 59 62 64 79 87 93
95 2 3 15 17 41 42 45 46 55 59 64 71 74 75 82 105 106 108
96 2 10 16 23 31 43 52 53 57 60 66 70 74 75 76 85 88 89 90
97 0 10 17 18 24 33 36 38 39 46 67 73 76 82 100 102 109
98 0 6 10 11 16 38 41 45 49 64 66 71 75 87 88 99 101 103 106
99 4 11 17 21 22 25 26 27 29 32 34 35 41 48 62 66 83 84 87 91 93 98 100 101 103
100 6 26 27 34 49 73 89 90 92 97 99
101 2 9 19 24 26 33 47 50 54 60 64 67 71 72 73 79 82 84 85 98 99
102 3 9 19 22 41 48 54 59 70 74 77 79 83 88 89 93 97 107 109
103 18 28 30 33 34 35 47 51 53 60 62 68 79 89 90 98 99
104 6 13 20 23 26 27 29 35 41 44 51 60 61 69 79 89
105 5 6 7 8 13 14 15 16 21 23 27 43 52 54 59 73 76 85 91 95 106
106 7 13 18 26 28 29 36 49 58 66 67 70 72 82 85 89 95 98 105 108
107 10 23 28 29 34 37 38 41 45 46 48 49 54 59 66 76 82 88 102 109
108 3 10 12 15 17 18 19 20 21 26 32 34 38 39 42 45 50 52 60 62 63 75 76 77 81 82 85 90 95 106
109 1 2 4 5 15 21 24 25 37 44 51 52 54 58 59 68 71 74 93 97 102 107
