35 217
0 2 4 6 11 12 13 14 16 17 21 24 26 29 30 34
1 9 10 13 14 17 21 22 27 28 30 32 34
2 0 6 7 10 12 13 17 18 21 25 26 34
3 11 15 18 21 25 31
4 0 11 13 17 18 19 20 21 22 25 28 33
5 10 13 14 15 17 18 19 20 23 32 34
6 0 2 7 12 15 20 22 32
7 2 6 20 24 26 27 29 30
8 12 13 14 17 20 22 24 25 27 29 30 32
9 1 11 13 18 20 21 22 24 32
10 1 2 5 12 13 22 23 27 28 34
11 0 3 4 9 13 14 16 18 19 20 22 23 24 25 28 29 32 34
12 0 2 6 8 10 13 16 18 19 22 24 26 27 29 31 33
13 0 1 2 4 5 8 9 10 11 12 14 22 24 25 26 27 32 33
14 0 1 5 8 11 13 16 18 20 25 34
15 3 5 6 16 17 18 21 22 26 28 29 30 31 33
16 0 11 12 14 15 18 19 22 26 29 32 33
17 0 1 2 4 5 8 15 20 22 23 28 29 33
18 2 3 4 5 9 11 12 14 15 16 26 34
19 4 5 11 12 16 21 22 23 26 31 34
20 4 5 6 7 8 9 11 14 17 22 26 27 28 29 30 31 33
21 0 1 2 3 4 9 15 19 27 29
22 1 4 6 8 9 10 11 12 13 15 16 17 19 20 25 26 28 30 32 34
23 5 10 11 17 19 27 34
24 0 7 8 9 11 12 13 26 27 28 30 31 33
25 2 3 4 8 11 13 14 22 27 29 30 32
26 0 2 7 12 13 15 16 18 19 20 22 24 27 30 31 32
27 1 7 8 10 12 13 20 21 23 24 25 26 28 31
28 1 4 10 11 15 17 20 22 24 27 29 31
29 0 7 8 11 12 15 16 17 20 21 25 28 31 34
30 0 1 7 8 15 20 22 24 25 26 32
31 3 12 15 19 20 24 26 27 28 29 34
32 1 5 6 8 9 11 13 16 22 25 26 30 34
33 4 12 13 15 16 17 20 24 34
34 0 1 2 5 10 11 14 18 19 22 23 29 31 32 33
