26 120
0 2 3 5 6 7 9 13 15 22 23 24
1 3 5 7 8 9 10 12 13 14 17 24
2 0 7 8 9 14 15 16 22 24 25
3 0 1 5 11 12 15 16 17 19 23 24
4 5 6 7 13 16 17 24
5 0 1 3 4 6 14 17 19 21 24
6 0 4 5 8 9 10 12 17 18 19 20 22
7 0 1 2 4 12 13 15 16 21 23
8 1 2 6 9 10 11 16 18 20 21
9 0 1 2 6 8 10 13 16 17 19 20 22
10 1 6 8 9 11 15 19 25
11 3 8 10 12 15 16 17 18 25
12 1 3 6 7 11 15 19 23
13 0 1 4 7 9 15 18 19 21
14 1 2 5 17 20 24
15 0 2 3 7 10 11 12 13 16 19 20 21 24 25
16 2 3 4 7 8 9 11 15 21 22 24 25
17 1 3 4 5 6 9 11 14 19 20 23
18 6 8 11 13 19 23
19 3 5 6 9 10 12 13 15 17 18 20 24
20 6 8 9 14 15 17 19 24
21 5 7 8 13 15 16
22 0 2 6 9 16
23 0 3 7 12 17 18
24 0 1 2 3 4 5 14 15 16 19 20
25 2 10 11 15 16
