32 91
0 14 15 20 26 27 30
1 3 17 19 22 27 30
2 8 11 12 15 16 18 27 29
3 1 5 15 27 29
4 15
5 3 8 12 28
6 7 9 15 26
7 6 9 10 15 16 17 18 22 25
8 2 5 11 15 16 18 30
9 6 7 11 20 23 29
10 7 12 15 23 27 28 30
11 2 8 9 19 21 26
12 2 5 10 20 29
13 26 27
14 0 17 21 30
15 0 2 3 4 6 7 8 10 29 31
16 2 7 8 17 18 29
17 1 7 14 16 24 31
18 2 7 8 16 19 20
19 1 11 18 20
20 0 9 12 18 19 25 30
21 11 14 23 30 31
22 1 7 25 28 30
23 9 10 21 25 29 30
24 17 25 30
25 7 20 22 23 24
26 0 6 11 13
27 0 1 2 3 10 13 28
28 5 10 22 27 30 31
29 2 3 9 12 15 16 23
30 0 1 8 10 14 20 21 22 23 24 28
31 15 17 21 28
