124 772
0 10 26 47 52 90 100 103 104 107 110 115
1 9 12 26 40 42 61 68 85 86
2 23 58 89 101
3 18 35 40 47 50 56 58 69 73 76 91 95 106 123
4 10 15 29 35 41 59 60 61 69 72 73 79 91 92 93 115 117
5 21 43 55 56 57 63 70 106 112
6 7 14 22 37 42 48 62 77 109 117 119
7 6 17 27 50 53 54 79 83 85 103 105
8 18 35 49 69 81 83 94 99
9 1 15 20 24 48 50 88 91 94 113 115
10 0 4 49 70 80 84 88 121
11 12 18 30 32 40 46 50 62 70 84 91 103
12 1 11 17 38 42 59 67 88 94 118
13 20 25 29 33 36 42 64 66 68 71 72 96 109 112 118
14 6 16 42 65 67 68 71 82 95 111 117 120
15 4 9 27 29 67 88 107 109 113 114 118 121
16 14 18 22 59 61 75 93 97 102 106
17 7 12 38 41 47 53 57 66 67 69 82 84 95
18 3 8 11 16 26 33 34 54 60 72 73 77 84 101 105 112 113 114 121
19 34 44 54 64 78 85 106 109 113
20 9 13 25 84 89 98 114 123
21 5 22 41 52 53 66 68 80 81 110 122
22 6 16 21 39 43 45 73 83 86 88
23 2 24 62 63 104 105 116
24 9 23 27 37 45 47 49 53 55 68 73 75 80 99 122
25 13 20 38 53 62 72 95 105 121
26 0 1 18 35 39 40 48 55 56 66 67 68 74 78 80 82 96 110 111 112 119
27 7 15 24 39 42 93 97 103
28 55 60 68 71 74 79 86 91 98 105 121 122
29 4 13 15 34 43 48 55 56 57 77 84 87 107 111
30 11 31 37 41 64 69 73 96 122
31 30 32 34 56 57 76 78 79 82 94 99 109 118
32 11 31 47 79 82 97 106 107 113
33 13 18 53 66 72 73 83 113
34 18 19 29 31 38 46 48 50 87 112 118
35 3 4 8 26 36 99 111 113 118
36 13 35 52 54 99 107 109 110 115
37 6 24 30 53 57 64 68 76 84 88 105 115 120
38 12 17 25 34 39 55 77 79 89 97 111 117
39 22 26 27 38 42 56 60 66 68 84 86 104 105 109 114 115 123
40 1 3 11 26 48 51 53 72 80 86 110 112
41 4 17 21 30 67 73 75 81 114
42 1 6 12 13 14 27 39 47 78 80 85 95 115
43 5 22 29 50 76 83 85 95 102 108 110 121
44 19 46 52 68 70 72 74 102 103 107 108 114 123
45 22 24 47 55 61 67 85 90 95 103
46 11 34 44 50 56 68 83 92
47 0 3 17 24 32 42 45 55 60 67 85 89 90 91 101 117
48 6 9 26 29 34 40 51 74 77 79 109 113
49 8 10 24 57 60 69 72 76 92 120
50 3 7 9 11 34 43 46 51 53 71 72 80 120
51 40 48 50 69 71 83 86 98 108 113 118
52 0 21 36 44 56 89 91
53 7 17 21 24 25 33 37 40 50 63 69 71 88 94 100 101 102 108 110
54 7 18 19 36 66 72 76 84 108 113 114 119
55 5 24 26 28 29 38 45 47 71 75 84 92 101 102 103 109 112 119
56 3 5 26 29 31 39 46 52 63 68 73 76 86
57 5 17 29 31 37 49 81 85 104 112 113 116 120 121
58 2 3 76 85 95 100 109 113 122
59 4 12 16 75 81 87 94 103 107
60 4 18 28 39 47 49 66 105
61 1 4 16 45 64 70 78 88 97 107 122
62 6 11 23 25 69 70 71 73 80 82 86 89 94 102 103 104 106 109 116 118 123
63 5 23 53 56 70 71 75 83 87 110 118 120 121
64 13 19 30 37 61 73 75 83 85 94 100 109 119 123
65 14 68 72 79 89
66 13 17 21 26 33 39 54 60 70 99 114 118
67 12 14 15 17 26 41 45 47 79 80 89 99
68 1 13 14 21 24 26 28 37 39 44 46 56 65 90 94 103 122
69 3 4 8 17 30 49 51 53 62 80 91 92 93 107 116
70 5 10 11 44 61 62 63 66 77 80 85 86 87 105 106 111
71 13 14 28 50 51 53 55 62 63 82 88 94 96 99
72 4 13 18 25 33 40 44 49 50 54 65 76 85 90 93 95 98 103 107
73 3 4 18 22 24 30 33 41 56 62 64 119 122 123
74 26 28 44 48 76 88 97 102 109 119 122
75 16 24 41 55 59 63 64 78 85 91 96 97 102 108 113 120
76 3 31 37 43 49 54 56 58 72 74 83 84 88 89 98 100 110 114
77 6 18 29 38 48 70 82 83 88 98 103 110
78 19 26 31 42 61 75 79 91 100 102 116 119
79 4 7 28 31 32 38 48 65 67 78 92 102 108 110 112 114
80 10 21 24 26 40 42 50 62 67 69 70 86 89 99 109 120 122 123
81 8 21 41 57 59 90 94 103 114 123
82 14 17 26 31 32 62 71 77 101 105 111 123
83 7 8 22 33 43 46 51 63 64 76 77 88 108 116 117
84 10 11 17 18 20 29 37 39 54 55 76 98 100 101
85 1 7 19 42 43 45 47 57 58 64 70 72 75 86 106 107 119 122
86 1 22 28 39 40 51 56 62 70 80 85 91 100 101 113 116 118 122
87 29 34 59 63 70 93 94 100 103 106 115
88 9 10 12 15 22 37 53 61 71 74 76 77 83 93 105
89 2 20 38 47 52 62 65 67 76 80 94 107 109
90 0 45 47 68 72 81 93 95 111 113 117
91 3 4 9 11 28 47 52 69 75 78 86 109 112
92 4 46 49 55 69 79 109 122
93 4 16 27 69 72 87 88 90 96 107 118
94 8 9 12 31 53 59 62 64 68 71 81 87 89 96 103
95 3 14 17 25 42 43 45 58 72 90 100
96 13 26 30 71 75 93 94 115 120 121
97 16 27 32 38 61 74 75 106 109 111 115 123
98 20 28 51 72 76 77 84 101 102 109 116
99 8 24 31 35 36 66 67 71 80 123
100 0 53 58 64 76 78 84 86 87 95 108 110 114 116 117 122
101 2 18 47 53 55 82 84 86 98 111 119 121
102 16 43 44 53 55 62 74 75 78 79 98 105 110 113 115 123
103 0 7 11 27 44 45 55 59 62 68 72 77 81 87 94 110
104 0 23 39 57 62 110
105 7 18 23 25 28 37 39 60 70 82 88 102 106
106 3 5 16 19 32 62 70 85 87 97 105 111 121
107 0 15 29 32 36 44 59 61 69 72 85 89 93 108 116 120
108 43 44 51 53 54 75 79 83 100 107 120
109 6 13 15 19 31 36 39 48 55 58 62 64 74 80 89 91 92 97 98
110 0 21 26 36 40 43 53 63 76 77 79 100 102 103 104
111 14 26 29 35 38 70 82 90 97 101 106 122
112 5 13 18 26 34 40 55 57 79 91
113 9 15 18 19 32 33 35 48 51 54 57 58 75 86 90 102 116 117
114 15 18 20 39 41 44 54 66 76 79 81 100
115 0 4 9 36 37 39 42 87 96 97 102
116 23 57 62 69 78 83 86 98 100 107 113 118
117 4 6 14 38 47 83 90 100 113 119 121 122
118 12 13 15 31 34 35 51 62 63 66 86 93 116 123
119 6 26 54 55 64 73 74 78 85 101 117 122
120 14 37 49 50 57 63 75 80 96 107 108
121 10 15 18 25 28 43 57 63 96 101 106 117 122
122 21 24 28 30 58 61 68 73 74 80 85 86 92 100 111 117 119 121
123 3 20 39 44 62 64 73 80 81 82 97 99 102 118
