34 154
0 2 7 22 25 26 27 28 33
1 6 9 11 16 18 22 23 25 30 32 33
2 0 3 7 8 10 13 14 20 24 27 29 33
3 2 4 6 8 10 11 14 16 23 31
4 3 12 13 14 16 17 24 32
5 6 11 13 21 23 27 28 32
6 1 3 5 9 10 12 14 17 26
7 0 2 14 18 21 22 27 29
8 2 3 9 16 22 23 26 27 29 30 31
9 1 6 8 10 15 21 23 28 29
10 2 3 6 9 12 13 19 23 25 31 32 33
11 1 3 5 15 16 19 22 25 30 31
12 4 6 10 14 15 18 19 25 27 31 32 33
13 2 4 5 10 15 22 24
14 2 3 4 6 7 12 19 20 27 29
15 9 11 12 13 16 21 22
16 1 3 4 8 11 15 19 27 32
17 4 6 19 20 23 25 28 29 32 33
18 1 7 12 19 24 30 32 33
19 10 11 12 14 16 17 18 21 22 30 33
20 2 14 17
21 5 7 9 15 19 23 24 26 29 30
22 0 1 7 8 11 13 15 19 29
23 1 3 5 8 9 10 17 21 24 26 29 30 31
24 2 4 13 18 21 23 33
25 0 1 10 11 12 17 26 30
26 0 6 8 21 23 25 32
27 0 2 5 7 8 12 14 16
28 0 5 9 17 29 32
29 2 7 8 9 14 17 21 22 23 28
30 1 8 11 18 19 21 23 25 32
31 3 8 10 11 12 23
32 1 4 5 10 12 16 17 18 26 28 30 33
33 0 1 2 10 12 17 18 19 24 32
