40 171
0 5 6 9 12 16 21 26 28 33
1 3 5 8 17 23 37
2 4 10 12 13 15 19 21 29 33 36
3 1 9 10 11 13 15 21 22 27 33 35 36
4 2 7 15 17 27 33 35 37 38 39
5 0 1 11 12 15 29 35 37
6 0 14 20 21 22 25 32 35 37
7 4 8 15 20 21 28 32 33 34 39
8 1 7 14 16 19 22 32 39
9 0 3 17 18 19 28 31 32 33 36 37
10 2 3 11 12 13 18 20 21 23 29 32 35
11 3 5 10 17 26 28 34 38 39
12 0 2 5 10 28 31 32 39
13 2 3 10 16 28 30 34
14 6 8 16 20 21 30 36
15 2 3 4 5 7 17 19 21 26 30 34
16 0 8 13 14 22 25 30 31 34
17 1 4 9 11 15 28 29 31 33
18 9 10 22 26 31 39
19 2 8 9 15 23 27 33 34 38
20 6 7 10 14 22 24 33
21 0 2 3 6 7 10 14 15 23 26 28
22 3 6 8 16 18 20 26 36
23 1 10 19 21 26 28 31 32 33 35
24 20 26 27
25 6 16 26 37
26 0 11 15 18 21 22 23 24 25 27 31 36
27 3 4 19 24 26
28 0 7 9 11 12 13 17 21 23 32 37 39
29 2 5 10 17 30
30 13 14 15 16 29 36
31 9 12 16 17 18 23 26 32
32 6 7 8 9 10 12 23 28 31 33 39
33 0 2 3 4 7 9 17 19 20 23 32 34 37
34 7 11 13 15 16 19 33 36 37
35 3 4 5 6 10 23 38
36 2 3 9 14 22 26 30 34 37
37 1 4 5 6 9 25 28 33 34 36
38 4 11 19 35
39 4 7 8 11 12 18 28 32
