142 851
0 4 7 13 25 35 106
1 6 7 9 14 29 30 63 67 70 87 89 90 91 115 119 120
2 10 20 35 40 57 60 74 79 93 141
3 13 16 19 22 55 76 87 98 111 114 125 137 138
4 0 25 27 31 46 53 59 71 88 89 90 96 101 102 110 141
5 21 56 74 105 111 113 117 133 141
6 1 11 17 29 39 58 61 94 95 99 101 126 132 140
7 0 1 14 28 31 69 70 78 96 110 114 125 140
8 15 26 40 45 81 94 109 113 131
9 1 14 16 27 83 84 94 122 127 138
10 2 13 38 41 44 54 66 70 88 103 105 113 118 137
11 6 16 27 50 55 66 75 85 102 112 129 132 137
12 38 39 45 49 72 76 84 102 103 121 122
13 0 3 10 23 25 26 48 60 80 84 89 102 127 133 137
14 1 7 9 26 30 39 44 50 54 65 72 101 120 133
15 8 36 37 67 76 80 81 103 126 133 136 139
16 3 9 11 18 25 31 39 43 51 61 66 69 70 115 121
17 6 20 21 30 33 35 47 49 58 61 93 98 99 103 141
18 16 29 39 48 52 111 115 117 134 140
19 3 33 49 56 68 72 85 94 97
20 2 17 30 41 44 51 57 60 85 95 109 119 126 132 133 139
21 5 17 37 42 45 61 64 65 82 97 102 111 118 129 133
22 3 23 62 75 82 88 93 96 98 102 104 107 119 130
23 13 22 24 40 47 48 65 72 76 81 90 99 109 114 125 139 140
24 23 29 66 76 84 100 103 118 119 131
25 0 4 13 16 52 59 61 70 85 130
26 8 13 14 36 41 56 76 93 94 98 115 132
27 4 9 11 33 40 43 52 61 62 65 67 80 82 85 89 98 104 106 132
28 7 34 41 60 66 71 105 106 116 130 134
29 1 6 18 24 36 62 73 76 89 95 123 125 126
30 1 14 17 20 33 37 64 79 85 95 97 106 116 120
31 4 7 16 55 56 64 80 84 91 92 109 110 120 125 135
32 37 40 42 49 51 67 69 73 75 98 111 134 135 137
33 17 19 27 30 35 38 50 58 77 81 92 96 101 121 123 127 139
34 28 52 53 54 64 83 114
35 0 2 17 33 41 49 50 51 52 55 71 72 101 125 127 129 135
36 15 26 29 51 73 83 97 101 106 123 128
37 15 21 30 32 44 51 59 79 81 98 99 102 103 130
38 10 12 33 55 57 60 79 89 100 102 121 130
39 6 12 14 16 18 41 50 55 78 86 89 105 131
40 2 8 23 27 32 57 60 78 86 87 99 106 120 124
41 10 20 26 28 35 39 43 54 62 68 71 78 85 109
42 21 32 58 79 83 88 101 104 133 139
43 16 27 41 50 56 57 67 77 89 95 103 110 113 118 136 141
44 10 14 20 37 101 109
45 8 12 21 56 70 83 85 90 91 111
46 4 64 67 98 111 130
47 17 23 53 54 80 83 87 125 138
48 13 18 23 53 54 87 92 104 115
49 12 17 19 32 35 52 66 90 123
50 11 14 33 35 39 43 53 61 69 86 87 106 107 114 119
51 16 20 32 35 36 37 56 74 75 80 85 94 102 135
52 18 25 27 34 35 49 76 80 87 88 103 104 106 108 135
53 4 34 47 48 50 57 61 71 138
54 10 14 34 41 47 48 55 63 66 83 111 123
55 3 11 31 35 38 39 54 63 81 95 120 133
56 5 19 26 31 43 45 51 62 66 67 72 92 115 131 132
57 2 20 38 40 43 53 59 69 83 91 95 107 114 129 132
58 6 17 33 42 109 120 121 126 132
59 4 25 37 57 60 68 85 98 121 124 132 134
60 2 13 20 28 38 40 59 102 117
61 6 16 17 21 25 27 50 53 74 86 100 131 141
62 22 27 29 41 56 87 101 106 124 137 141
63 1 54 55 68 87 93 94 119 123 130 132 136
64 21 30 31 34 46 69 102 111 121 135
65 14 21 23 27 82 95 117 119 123 128
66 10 11 16 24 28 49 54 56 75 76 80 117 122
67 1 15 27 32 43 46 56 82 88 89 110 113 114 123
68 19 41 59 63 69 70 77 96 123 129
69 7 16 32 50 57 64 68 86 101 105 115 123 126 128 131 137
70 1 7 10 16 25 45 68 74 78 84 89 94 98 112 113 131 140
71 4 28 35 41 53 80 85 91 119 122
72 12 14 19 23 35 56 109 110 112 116 122 132
73 29 32 36 93 117 133
74 2 5 51 61 70 81 90 141
75 11 22 32 51 66 92 98 107
76 3 12 15 23 24 26 29 52 66 91 126 130
77 33 43 68 86 92 93 106 107 114 116
78 7 39 40 41 70 95 97 101 121 123 138
79 2 30 37 38 42
80 13 15 27 31 47 51 52 66 71 87 138
81 8 15 23 33 37 55 74 83 96 100 113 120 128 130 133 135 138
82 21 22 27 65 67 84 89 91 96 128 132
83 9 34 36 42 45 47 54 57 81 111 118 135 137
84 9 12 13 24 31 70 82 88 94 99 103 117 126
85 11 19 20 25 27 30 41 45 51 59 71 86 88 98 105 112 115 117 134 137
86 39 40 50 61 69 77 85 98 104 131
87 1 3 40 47 48 50 52 62 63 80 133
88 4 10 22 42 52 67 84 85 118 121 135
89 1 4 13 27 29 38 39 43 67 70 82 113 126
90 1 4 23 45 49 74 94 95 109 127 133
91 1 31 45 57 71 76 82 96 113 125 138
92 31 33 48 56 75 77 96 111 115 125 133
93 2 17 22 26 63 73 77 107 118 119 133 134 135
94 6 8 9 19 26 51 63 70 84 90 99 137
95 6 20 29 30 43 55 57 65 78 90 124 128
96 4 7 22 33 68 81 82 91 92 100 119 122 123 135
97 19 21 30 36 78 100 116 118 119 130 135
98 3 17 22 26 27 32 37 46 59 70 75 85 86 120 123 136 140
99 6 17 23 37 40 84 94 100 107 113 120 135 136
100 24 38 61 81 96 97 99 105 111 116 118 127 138
101 4 6 14 33 35 36 42 44 62 69 78 111 116 127 128
102 4 11 12 13 21 22 37 38 51 60 64 117 125 135 137
103 10 12 15 17 24 37 43 52 84 111 129 140
104 22 27 42 48 52 86 118 120
105 5 10 28 39 69 85 100 118 123 130
106 0 27 28 30 36 40 50 52 62 77 110 113 117 129 139
107 22 50 57 75 77 93 99 111 113 126
108 52 117 121 138 139
109 8 20 23 31 41 44 58 72 90 120 140
110 4 7 31 43 67 72 106 120 123 131 140
111 3 5 18 21 32 45 46 54 64 83 92 100 101 103 107 112
112 11 70 72 85 111 116 120 125 137
113 5 8 10 43 67 70 81 89 91 99 106 107 127 135 137
114 3 7 23 34 50 57 67 77 123 130
115 1 16 18 26 48 56 69 85 92 122 123
116 28 30 72 77 97 100 101 112 141
117 5 18 60 65 66 73 84 85 102 106 108 128 131
118 10 21 24 43 83 88 93 97 100 104 105
119 1 20 22 24 50 63 65 71 93 96 97
120 1 14 30 31 40 55 58 81 98 99 104 109 110 112 127 129 136 141
121 12 16 33 38 58 59 64 78 88 108 129
122 9 12 66 71 72 96 115
123 29 33 36 49 54 63 65 67 68 69 78 96 98 105 110 114 115
124 40 59 62 95 125
125 3 7 23 29 31 35 47 91 92 102 112 124 135
126 6 15 20 29 58 69 76 84 89 107 136 140
127 9 13 33 35 90 100 101 113 120 130 135
128 36 65 69 81 82 95 101 117 134 138
129 11 21 35 57 68 103 106 120 121 131
130 22 25 28 37 38 46 63 76 81 97 105 114 127 139
131 8 24 39 56 61 69 70 86 110 117 129 139
132 6 11 20 26 27 56 57 58 59 63 72 82 140
133 5 13 14 15 20 21 42 55 73 81 87 90 92 93
134 18 28 32 59 85 93 128
135 31 32 35 51 52 64 81 83 88 93 96 97 99 102 113 125 127 140
136 15 43 63 98 99 120 126
137 3 10 11 13 32 62 69 83 85 94 102 112 113
138 3 9 47 53 78 80 81 91 100 108 128
139 15 20 23 33 42 106 108 130 131
140 6 7 18 23 70 98 103 109 110 126 132 135
141 2 4 5 17 43 61 62 74 116 120
