75 695
0 3 4 6 15 21 38 40 43 48 50 53 54 56 57 58
1 4 8 10 11 12 21 30 33 35 36 39 43 44 45 47 49 54 58 59 63 68 73
2 3 8 11 16 22 25 26 30 33 36 40 41 47 48 51 54 55 58 59 63 67 73
3 0 2 5 8 13 18 23 25 26 27 29 37 45 47 57 63 64 65 66 68
4 0 1 10 12 17 18 32 33 45 52 57 60 61
5 3 8 13 16 28 35 37 41 42 44 48 56 58 60
6 0 8 15 16 17 22 23 34 41 42 44 48 49 50 51 53 54 56 60 64 68
7 8 9 10 12 25 28 29 30 34 42 45 46 48 50 55 57 60 61 73
8 1 2 3 5 6 7 9 13 18 20 21 23 24 26 37 38 39 40 42 46 54 55 58 65 67 69 71 74
9 7 8 10 11 14 23 33 34 35 42 44 45 46 47 48 51 57 58 59 60 62 70 72 73
10 1 4 7 9 18 30 35 52 55 56 61 63 65 66 67
11 1 2 9 16 20 23 27 30 33 34 37 41 45 53 55 56 62 63 64 69 74
12 1 4 7 13 14 16 20 24 26 33 36 42 43 47 50 52 56 57 62 66 69 71 73
13 3 5 8 12 14 22 24 25 34 35 37 40 48 52 55 61
14 9 12 13 15 24 26 29 30 31 32 34 39 42 45 46 49 52 53 61 71 72
15 0 6 14 16 17 25 27 33 35 36 39 40 42 47 48 59 63 64 66 70 72
16 2 5 6 11 12 15 22 27 29 33 38 39 41 45 46 48 56 64 65 66 73 74
17 4 6 15 19 26 29 35 42 44 45 47 51 54 61
18 3 4 8 10 26 29 32 38 39 43 53 54 55 57 58 60 61 62 66 71 74
19 17 22 24 25 28 29 41 44 56 66 68 71
20 8 11 12 23 24 25 32 34 35 40 41 53 56 60 65 66 67 70 71 72
21 0 1 8 29 30 33 38 40 44 45 51 57 59 63 64 66 74
22 2 6 13 16 19 28 37 39 41 51 54 59 61 67 70 71 72 74
23 3 6 8 9 11 20 24 32 41 47 48 51 53 54 58 65 68 69 72 73
24 8 12 13 14 19 20 23 27 29 35 38 39 50 51 53 62 63 66 70 74
25 2 3 7 13 15 19 20 28 29 30 31 32 33 42 45 49 50 54 55 58 65 68
26 2 3 8 12 14 17 18 38 44 51 54 63 68 74
27 3 11 15 16 24 29 35 36 37 38 43 46 47 49 51 52 59 60 63 66 67 68 70 73
28 5 7 19 22 25 32 39 50 63 67 68
29 3 7 14 16 17 18 19 21 24 25 27 39 49 52 58 70
30 1 2 7 10 11 14 21 25 35 43 54 58 66 70 72 73
31 14 25 33 35 39 41 43 45 49 60 64 72
32 4 14 18 20 23 25 28 34 35 42 44 52 53 54 62 69 70
33 1 2 4 9 11 12 15 16 21 25 31 36 38 50 59 65 71 74
34 6 7 9 11 13 14 20 32 40 41 43 45 47 51 53 54 64 69 72
35 1 5 9 10 13 15 17 20 24 27 30 31 32 41 42 43 45 46 52 55 56 61 64 74
36 1 2 12 15 27 33 39 40 41 42 44 52 56 57 58 60 64 65 67 71
37 3 5 8 11 13 22 27 45 51 55 56
38 0 8 16 18 21 24 26 27 33 39 44 46 50 53 55 57 59 62 65
39 1 8 14 15 16 18 22 24 28 29 31 36 38 43 44 53 55 57 58 62 66 68 71 74
40 0 2 8 13 15 20 21 34 36 42 44 49 57 58 69 73
41 2 5 6 11 16 19 20 22 23 31 34 35 36 44 53 61 63 70 72
42 5 6 7 8 9 12 14 15 17 25 32 35 36 40 53 63 65
43 0 1 12 18 27 30 31 34 35 39 53 54 58 59 61 62 63 65 66 69 70
44 1 5 6 9 17 19 21 26 32 36 38 39 40 41 55 58 61 62 67 69 70
45 1 3 4 7 9 11 14 16 17 21 25 31 34 35 37 50 51 56 57 60 61 66 67 70
46 7 8 9 14 16 27 35 38 48 51 56 61 63 64 65 67 72 74
47 1 2 3 9 12 15 17 23 27 34 48 59 60 67
48 0 2 5 6 7 9 13 15 16 23 46 47 49 50 51 58 62 68 70 73 74
49 1 6 14 25 27 29 31 40 48 53 54 64 67 69
50 0 6 7 12 24 25 28 33 38 45 48 54 58 59 60 62 68 70
51 2 6 9 17 21 22 23 24 26 27 34 37 45 46 48 54 55 58 61 67 69 72 73
52 4 10 12 13 14 27 29 32 35 36 54 61 63 70 73
53 0 6 11 14 18 20 23 24 32 34 38 39 41 42 43 49 56
54 0 1 2 6 8 17 18 22 23 25 26 30 32 34 43 49 50 51 52 67 71
55 2 7 8 10 11 13 18 25 35 37 38 39 44 51 58 59 60 62 65 68 70 71
56 0 5 6 10 11 12 16 19 20 35 36 37 45 46 53 58 60 63 67
57 0 3 4 7 9 12 18 21 36 38 39 40 45 59 60 68 69 70 74
58 0 1 2 5 8 9 18 23 25 29 30 36 39 40 43 44 48 50 51 55 56 72
59 1 2 9 15 21 22 27 33 38 43 47 50 55 57 67 68 74
60 4 5 6 7 9 18 20 27 31 36 45 47 50 55 56 57 63 72 74
61 4 7 10 13 14 17 18 22 35 41 43 44 45 46 51 52 63 70 73
62 9 11 12 18 24 32 38 39 43 44 48 50 55 64 65 67 74
63 1 2 3 10 11 15 21 24 26 27 28 41 42 43 46 52 56 60 61 65 69
64 3 6 11 15 16 21 31 34 35 36 46 49 62 65 66 67
65 3 8 10 16 20 23 25 33 36 38 42 43 46 55 62 63 64 72
66 3 10 12 15 16 18 19 20 21 24 27 30 39 43 45 64 69 71 74
67 2 8 10 20 22 27 28 36 44 45 46 47 49 51 54 56 59 62 64 71
68 1 3 6 19 23 25 26 27 28 39 48 50 55 57 59 70 73
69 8 11 12 23 32 34 40 43 44 49 51 57 63 66 70
70 9 15 20 22 24 27 29 30 32 41 43 44 45 48 50 52 55 57 61 68 69
71 8 12 14 18 19 20 22 33 36 39 54 55 66 67 74
72 9 14 15 20 22 23 30 31 34 41 46 51 58 60 65
73 1 2 7 9 12 16 23 27 30 40 48 51 52 61 68
74 8 11 16 18 21 22 24 26 33 35 39 46 48 57 59 60 62 66 71
