35 211
0 1 3 4 8 9 11 20 21 22 25 27 30 32 33 34
1 0 2 3 4 12 13 18 19 21 22 29 30 31 33
2 1 3 4 7 14 18 19 22 27 29 30 31 34
3 0 1 2 4 18 21 22 23 24 25 28 29 30
4 0 1 2 3 6 9 19 22 24 30 31 33
5 9 10 15 16 18 26 31 32 34
6 4 8 10 11 12 16 18 24 26 32 33 34
7 2 8 10 13 18 19 20 21 22 23 26 34
8 0 6 7 9 10 11 13 14 15 18 19 27 28 31
9 0 4 5 8 12 13 14 17 22 25 26 31 34
10 5 6 7 8 21 22 24 25 26 27 32
11 0 6 8 12 14 15 16 17 18 22 23 26 27 33
12 1 6 9 11 14 16 17 18 19 21 22 23 31
13 1 7 8 9 15 16 18 19 20 23 26 30 31
14 2 8 9 11 12 16 21 23 31 32
15 5 8 11 13 16 17 20 21 22 23 25 27 33
16 5 6 11 12 13 14 15 17 21 22 23 24 27 28 30 31
17 9 11 12 15 16 21 22 31 34
18 1 2 3 5 6 7 8 11 12 13 21 30 33
19 1 2 4 7 8 12 13 20 23 24 27 31
20 0 7 13 15 19 25 26 27 28 32 33 34
21 0 1 3 7 10 12 14 15 16 17 18 22 23 24 29 32
22 0 1 2 3 4 7 9 10 11 12 15 16 17 21 24 25 27 29 30
23 3 7 11 12 13 14 15 16 19 21 25 26 31
24 3 4 6 10 16 19 21 22 28 30 34
25 0 3 9 10 15 20 22 23 27 29 33
26 5 6 7 9 10 11 13 20 23 27
27 0 2 8 10 11 15 16 19 20 22 25 26 32
28 3 8 16 20 24 29 34
29 1 2 3 21 22 25 28
30 0 1 2 3 4 13 16 18 22 24
31 1 2 4 5 8 9 12 13 14 16 17 19 23
32 0 5 6 10 14 20 21 27
33 0 1 4 6 11 15 18 20 25 34
34 0 2 5 6 7 9 17 20 24 28 33
