43 226
0 1 4 6 7 10 18 19 24 28 32 34 38 40
1 0 8 16 17 19 23 28 31 35 41
2 5 16 21 22 23 25 30 42
3 4 8 9 12 20 22 25 30 31 36 39
4 0 3 7 11 14 19 22 24 35 37
5 2 9 10 15 17 18 23 24 25 27 28 32 33 36 39
6 0 8 11 12 16 19 21 23 24 29 31 32 37 40 41 42
7 0 4 9 12 14 15 17 19 20 22 26 31 32 41
8 1 3 6 12 20 23 24 25 31 33 37 40
9 3 5 7 14 15 30 31 32 33 37
10 0 5 16 18 21 25 35 41
11 4 6 12 17 22 28 31 35
12 3 6 7 8 11 13 35 41
13 12 15 16 17 22
14 4 7 9 19 30 39
15 5 7 9 13 19 20 24 25 30 31 33 35 36 41
16 1 2 6 10 13 18 27
17 1 5 7 11 13 19 26 29 32 41 42
18 0 5 10 16 19 21 22 23 25 39
19 0 1 4 6 7 14 15 17 18 25 29 30 39 40 42
20 3 7 8 15 22 29 31 33 35 38 40
21 2 6 10 18 30 35 37 38 39
22 2 3 4 7 11 13 18 20 29 30 34 38 41
23 1 2 5 6 8 18 30 33 35 36 37
24 0 4 5 6 8 15 26 29 34 35
25 2 3 5 8 10 15 18 19 28 30 32 42
26 7 17 24 30 31 32 34
27 5 16 31 36 39 41
28 0 1 5 11 25 29 30 32 36
29 6 17 19 20 22 24 28 30 35 36 38 39
30 2 3 9 14 15 19 21 22 23 25 26 28 29 31 40 41
31 1 3 6 7 8 9 11 15 20 26 27 30
32 0 5 6 7 9 17 25 26 28 34 36 39
33 5 8 9 15 20 23 34 37
34 0 22 24 26 32 33 38
35 1 4 10 11 12 15 20 21 23 24 29 37 38 40 42
36 3 5 15 23 27 28 29 32 37 38
37 4 6 8 9 21 23 33 35 36 38 42
38 0 20 21 22 29 34 35 36 37 39 40
39 3 5 14 18 19 21 27 29 32 38 40
40 0 6 8 19 20 30 35 38 39
41 1 6 7 10 12 15 17 22 27 30 42
42 2 6 17 19 25 35 37 41
