52 282
0 1 19 20 21 31 34 35 36 42 43 46 49 51
1 0 3 16 20 33 34 35 38 45 49
2 6 22 30 32 33 34 39 45 49
3 1 5 7 10 11 14 17 18 22 26 28 31 33 35 39 43 45
4 8 11 15 22 23 29 38 41 42 48 51
5 3 7 10 15 16 19 20 33 43 44
6 2 9 18 19 23 28 30 36 38 45 48 49
7 3 5 9 17 22 23 25 28 33 35 39 40 41 45 46 48
8 4 9 16 17 18 21 24 26 31 36 40
9 6 7 8 13 15 17 25 29 30 36 39 40 42 43 46
10 3 5 11 15 18 20 21 27 33 36 43
11 3 4 10 14 32 50
12 14 17 19 25 32 34 35 39 40 45 47
13 9 15 20 22 24 29 41
14 3 11 12 22 30 38 49
15 4 5 9 10 13 20 22 23 26 35 38 49 50
16 1 5 8 19 26 41 42 45 46
17 3 7 8 9 12 25 30 34 37 41 42 51
18 3 6 8 10 23 30 31 34 35 36 41 48
19 0 5 6 12 16 20 21 28 35 42 43 44 46
20 0 1 5 10 13 15 19 21 23 30 32 45
21 0 8 10 19 20 23 48 49 51
22 2 3 4 7 13 14 15 24 25 36 40 42 43 49
23 4 6 7 15 18 20 21 42 49
24 8 13 22 26 29 30 31 33 41 44 48 49 50
25 7 9 12 17 22 30 34 37 39 40
26 3 8 15 16 24 30 48
27 10 34 41 48
28 3 6 7 19 33 42
29 4 9 13 24 33 35 36 37 43 46 49
30 2 6 9 14 17 18 20 24 25 26 31 41 46 47 48
31 0 3 8 18 24 30 32 36 42 49 50 51
32 2 11 12 20 31 35 42 44 49 51
33 1 2 3 5 7 10 24 28 29 36 43 46 47 49 50
34 0 1 2 12 17 18 25 27 38 39 44 46
35 0 1 3 7 12 15 18 19 29 32 42 43 44 47 49
36 0 6 8 9 10 18 22 29 31 33 45 47
37 17 25 29 40 45 50 51
38 1 4 6 14 15 34 48
39 2 3 7 9 12 25 34 47 51
40 7 8 9 12 22 25 37 42 47
41 4 7 13 16 17 18 24 27 30 42 43 48
42 0 4 9 16 17 19 22 23 28 31 32 35 40 41
43 0 3 5 9 10 19 22 29 33 35 41 51
44 5 19 24 32 34 35 50
45 1 2 3 6 7 12 16 20 36 37 46
46 0 7 9 16 19 29 30 33 34 45
47 12 30 33 35 36 39 40
48 4 6 7 18 21 24 26 27 30 38 41 50
49 0 1 2 6 14 15 21 22 23 24 29 31 32 33 35 50
50 11 15 24 31 33 37 44 48 49 51
51 0 4 17 21 31 32 37 39 43 50
