146 2095
0 1 7 13 14 17 19 24 26 34 36 39 41 44 48 56 57 58 59 60 63 71 73 75 82 86 101 103 106 113 124 131 133 143
1 0 13 18 22 29 32 34 39 40 45 56 57 62 65 67 77 83 89 101 103 106 113 119 121 125 126 128 139 140 143
2 4 9 15 19 20 22 26 27 31 34 38 40 43 49 62 64 67 71 73 75 76 81 86 99 115 116 119 122 126 132 137 139
3 5 10 11 22 26 27 30 33 49 52 53 60 64 67 69 73 75 77 84 96 101 104 109 123 131 133 137 140
4 2 25 35 39 43 44 47 59 61 64 67 70 72 76 77 78 89 92 99 105 116 119 120 122 123 128 133 140
5 3 9 16 28 29 33 40 41 44 45 62 65 67 68 85 88 95 113 116 120 126 137 141
6 11 13 17 18 28 30 36 38 41 52 53 57 61 76 79 84 99 110 116 119 121 122 124 137 141 145
7 0 8 12 13 21 27 33 40 41 43 57 65 69 72 78 80 83 85 94 102 107 114 122 123 125 128 130 137 139
8 7 9 10 13 14 15 26 41 48 51 59 61 68 69 71 79 85 87 89 91 97 102 111 112 113 116 120 123 124 137 138 142
9 2 5 8 25 26 27 34 49 50 51 56 68 72 75 76 82 83 84 89 96 107 111 127 129
10 3 8 12 13 19 23 25 30 34 35 37 41 51 52 53 63 77 81 86 89 90 93 94 97 111 113 119 121 124 126 127 143
11 3 6 12 27 39 40 44 50 54 59 67 83 84 87 88 97 99 101 103 105 110 122 124 127 128 136 138 144 145
12 7 10 11 18 20 26 29 30 37 38 39 49 51 61 64 74 75 77 80 88 90 102 111 119 137
13 0 1 6 7 8 10 14 20 21 37 41 51 54 79 92 94 96 104 109 118 123 125 131 132 137 142 144
14 0 8 13 16 19 25 36 45 47 52 59 60 65 66 69 75 77 81 83 86 101 110 111 118 130 131 136
15 2 8 21 24 29 42 47 48 52 53 65 68 78 83 90 97 104 110 112 127 128 131 144
16 5 14 39 41 43 45 53 56 62 68 69 71 84 85 91 94 100 102 113 114 125 142 143 145
17 0 6 18 23 29 31 32 38 42 49 50 52 55 67 74 75 85 88 97 110 112 118 120 124 126 144
18 1 6 12 17 19 22 23 30 45 56 59 64 67 70 75 76 84 90 92 96 97 101 105 106 111 121 129 142 143 144
19 0 2 10 14 18 20 21 24 27 31 35 44 46 47 49 50 52 53 54 84 85 93 95 98 101 116 119 122 123 128 138
20 2 12 13 19 24 31 32 56 58 61 62 71 73 82 89 91 96 99 103 115 120 123 128 131 132 134 138
21 7 13 15 19 23 25 30 32 38 42 50 54 59 81 85 91 93 94 95 99 108 110 116 118 124 127 133 143 144
22 1 2 3 18 30 47 48 52 55 56 62 69 73 75 77 82 83 85 95 97 99 111 112 117 120 121 125 135 137 140
23 10 17 18 21 31 39 44 45 50 51 52 56 57 58 59 75 78 89 90 93 99 102 110 111 120 140 142
24 0 15 19 20 25 28 29 45 54 56 63 68 70 71 76 82 83 84 88 101 107 115 121 123 138 139 140
25 4 9 10 14 21 24 60 64 66 72 74 81 102 103 105 107 116 118 120 124 132 133 136 138
26 0 2 3 8 9 12 36 38 41 42 48 52 55 59 67 68 77 92 97 99 105 109 113 117 121 130 132 134 143
27 2 3 7 9 11 19 36 37 40 46 54 61 63 67 81 82 83 88 94 100 106 112 116 135 136 142
28 5 6 24 30 32 36 40 46 50 52 72 75 76 81 82 90 94 100 103 106 108 112 124 126 127 133 134 141 142 145
29 1 5 12 15 17 24 32 34 47 48 51 56 57 58 71 77 82 88 89 90 98 103 104 111 112 120 130 134
30 3 6 10 12 18 21 22 28 43 46 52 56 65 66 67 69 71 73 83 91 92 96 118 124 137
31 2 17 19 20 23 32 44 45 46 50 59 62 72 81 84 92 101 104 109 111 112 117 120 121 123 126 131 133 136 144
32 1 17 20 21 28 29 31 46 50 60 68 70 88 91 98 99 106 107 108 116 120 121 122 130 132 139 141
33 3 5 7 43 45 47 52 53 54 58 64 70 79 81 85 86 95 98 99 110 115 121 122 125 135 138 140 144 145
34 0 1 2 9 10 29 36 38 51 65 69 72 84 97 99 100 111 116 129
35 4 10 19 43 46 47 51 52 54 58 72 73 78 83 86 87 89 93 94 99 107 128 132 138 141 144
36 0 6 14 26 27 28 34 38 39 57 58 59 62 65 66 68 69 86 96 104 106 115 117 129 131 136 137 140 145
37 10 12 13 27 38 53 54 66 67 75 77 78 79 85 99 101 103 110 111 114 125 127 133 142
38 2 6 12 17 21 26 34 36 37 45 46 48 51 64 66 69 70 74 76 78 79 84 87 91 92 93 101 105 114 117 122 128 133 134 142 143
39 0 1 4 11 12 16 23 36 44 47 51 53 54 55 57 66 68 75 76 80 84 93 95 99 100 103 112 114 117 119 121 125 127 128 131 137 140
40 1 2 5 7 11 27 28 43 44 46 47 56 67 68 77 84 85 104 106 112 121 122 123 125 133 139 143
41 0 5 6 7 8 10 13 16 26 43 48 49 52 56 69 70 71 74 83 84 88 89 91 99 117 118 121 134 138 143 144 145
42 15 17 21 26 44 53 66 70 72 74 77 82 101 106 121 124 126 134
43 2 4 7 16 30 33 35 40 41 44 45 60 62 72 81 84 90 91 95 97 107 108 109 110 113 125 129 132
44 0 4 5 11 19 23 31 39 40 42 43 46 54 64 67 68 75 82 84 90 94 95 103 105 107 110 113 119 126
45 1 5 14 16 18 23 24 31 33 38 43 49 77 78 79 81 88 90 99 100 104 115 118 121 126 127 128 131 135 144 145
46 19 27 28 30 31 32 35 38 40 44 47 57 59 64 66 70 72 73 78 82 87 88 93 94 96 105 108 110 111 122 123 127 131 137 140
47 4 14 15 19 22 29 33 35 39 40 46 54 58 63 65 67 68 71 75 84 87 93 98 100 115 124 125 129 144
48 0 8 15 22 26 29 38 41 57 60 61 64 67 70 79 82 86 89 91 92 102 110 112 114 116 120 123 124 135 138 140 141
49 2 3 9 12 17 19 41 45 54 67 75 77 87 89 101 107 108 116 125 132 138
50 9 11 17 19 21 23 28 31 32 52 61 63 66 70 78 80 83 84 88 91 94 99 109 112 120 125 127 135 137 138 141 145
51 8 9 10 12 13 23 29 34 35 38 39 53 56 72 78 93 98 100 106 109 111 113 119 120 124 125 126 132 133 136 141 143
52 3 6 10 14 15 17 19 22 23 26 28 30 33 35 41 50 54 59 63 68 71 73 74 80 82 88 94 95 100 103 105 115 118 123 131 136 137 141 144
53 3 6 10 15 16 19 33 37 39 42 51 55 57 61 63 66 68 73 74 76 83 84 86 87 89 91 92 96 98 104 108 111 120 123 124 128 138 143
54 11 13 19 21 24 27 33 35 37 39 44 47 49 52 57 64 68 71 72 76 80 87 89 96 99 101 106 110 112 117 120 123 137
55 17 22 26 39 53 61 67 68 69 73 80 82 90 93 102 103 105 115 121 123 126 129 132 134 141 143
56 0 1 9 16 18 20 22 23 24 29 30 40 41 51 66 67 76 82 88 96 102 105 107 112 114 116 120 129 130 132 133 137
57 0 1 6 7 23 29 36 39 46 48 53 54 66 70 78 86 96 109 111 112 113 117 120 128 132 133 134 139 142
58 0 20 23 29 33 35 36 47 60 71 77 96 101 104 106 109 113 116 117 119 123 124 127 130
59 0 4 8 11 14 18 21 23 26 31 36 46 52 83 84 103 106 114 123 125 139 140
60 0 3 14 25 32 43 48 58 62 67 71 74 76 78 83 86 87 101 106 113 114 118 124 127 135 143
61 4 6 8 12 20 27 48 50 53 55 62 65 72 75 77 78 81 82 86 88 91 93 95 99 101 105 112 115 117 119 131 138 140 141 142
62 1 2 5 16 20 22 31 36 43 60 61 67 72 74 80 82 89 98 100 114 116 118 120 121 128 135 138 140 145
63 0 10 24 27 47 50 52 53 75 76 77 79 89 92 94 96 97 101 105 106 109 118 126 131 145
64 2 3 4 12 18 25 33 38 44 46 48 54 75 79 81 84 85 91 93 95 97 98 100 108 115 119 129 133 137 139 141 143
65 1 5 7 14 15 30 34 36 47 61 71 95 99 100 102 103 113 116 132 133 134 139 141 145
66 14 25 30 36 37 38 39 42 46 50 53 56 57 73 74 89 94 104 106 109 112 116 118 125 127 128 140 142
67 1 2 3 4 5 11 17 18 26 27 30 37 40 44 47 48 49 55 56 60 62 70 74 76 79 91 92 103 130 137 140
68 5 8 9 15 16 24 26 32 36 39 40 44 47 52 53 54 55 71 73 79 89 91 92 98 102 109 118 125 126 130 134 141
69 3 7 8 14 16 22 30 34 36 38 41 55 70 73 83 93 105 111 121 123 124 134 145
70 4 18 24 32 33 38 41 42 46 48 50 57 67 69 80 82 94 100 105 107 108 113 117 121 122 124 126 128 129 138 139 145
71 0 2 8 16 20 24 29 30 41 47 52 54 58 60 65 68 72 84 92 97 103 120 125 126 128 129 130 133 137 138 143
72 4 7 9 25 28 31 34 35 42 43 46 51 54 61 62 71 79 99 105 107 110 113 115 116 118 125 127 134 140 145
73 0 2 3 20 22 30 35 46 52 53 55 66 68 69 74 80 94 99 105 131 133 139 143
74 12 17 25 38 41 42 52 53 60 62 66 67 73 76 86 95 100 101 111 114 125 126 138 140 145
75 0 2 3 9 12 14 17 18 22 23 28 37 39 44 47 49 61 63 64 92 94 97 99 100 102 107 112 123 126 131 135 140 141 145
76 2 4 6 9 18 24 28 38 39 53 54 56 60 63 67 74 77 88 94 102 124 128 135 139 145
77 1 3 4 10 12 14 22 26 29 37 40 42 45 49 58 61 63 76 84 93 94 95 104 112 114 120 123 140 142
78 4 7 15 23 35 37 38 45 46 50 51 57 60 61 81 88 91 98 99 112 115 127 132 134 135 136 140 143
79 6 8 13 33 37 38 45 48 63 64 67 68 72 80 93 98 107 111 122 123 128 136 143
80 7 12 39 50 52 54 55 62 70 73 79 87 88 90 93 95 96 104 105 106 122 129 130 132 137 140 141 143
81 2 10 14 21 25 27 28 31 33 43 45 61 64 78 82 83 92 100 101 108 109 118 119 123 134 137 145
82 0 9 20 22 24 27 28 29 42 44 46 48 52 55 56 61 62 70 81 84 86 87 88 89 93 96 99 106 109 110 111 118 122 128 138 139 141 143
83 1 7 9 11 14 15 22 24 27 30 35 41 50 53 59 60 69 81 91 92 93 99 110 114 115 120 123 129 130 135 137 139 144 145
84 3 6 9 11 16 18 19 24 31 34 38 39 40 41 43 44 47 50 53 59 64 71 77 82 85 88 89 91 92 97 98 101 102 105 112 113 116 118 129 130
85 5 7 8 16 17 19 21 22 33 37 40 64 84 90 93 94 95 97 98 112 121 125 128 131 135
86 0 2 10 14 33 35 36 48 53 57 60 61 74 82 87 89 92 94 96 97 98 110 114 115 125 136 139
87 8 11 35 38 46 47 49 53 54 60 80 82 86 93 101 102 103 111 117 121 122 124 126 128 130 134 137 140 145
88 5 11 12 17 24 27 29 32 41 45 46 50 52 56 61 76 78 80 82 84 90 92 101 103 108 111 113 119 124 125 126 132 143 145
89 1 4 8 9 10 20 23 29 35 41 48 49 53 54 62 63 66 68 82 84 86 90 91 92 94 105 106 107 109 116 118 129 132 144 145
90 10 12 15 18 23 28 29 43 44 45 55 80 85 88 89 99 107 114 131 139 145
91 8 16 20 21 30 32 38 41 43 48 50 53 61 64 67 68 78 83 84 89 96 98 99 102 115 117 120 122 136 139 144
92 4 13 18 26 30 31 38 48 53 63 67 68 71 75 81 83 84 86 88 89 99 100 104 106 112 117 127 130 132 144
93 10 19 21 23 35 38 39 46 47 51 55 61 64 69 77 79 80 82 83 85 87 95 96 100 103 105 108 112 113 125 127 128 132 133 134 136 137
94 7 10 13 16 21 27 28 35 44 46 50 52 63 66 70 73 75 76 77 85 86 89 97 102 124 125 138
95 5 19 21 22 33 39 43 44 52 61 64 65 74 77 80 85 93 96 97 110 116 119 124 133 134 135 143
96 3 9 13 18 20 30 36 46 53 54 56 57 58 63 80 82 86 91 93 95 100 103 104 107 109 110 124 129 130 131 135 137 144 145
97 8 10 11 15 17 18 22 26 34 43 63 64 71 75 84 85 86 94 95 107 117 138
98 19 29 32 33 47 51 53 62 64 68 78 79 84 85 86 91 100 102 103 112 117 119 120 126 133 134 136 142
99 2 4 6 11 20 21 22 23 26 32 33 34 35 37 39 41 45 50 54 61 65 72 73 75 78 82 83 90 91 92 108 110 131 138 143
100 16 27 28 34 39 45 47 51 52 62 64 65 70 74 75 81 92 93 96 98 111 119 121 123 130 133 141 142 145
101 0 1 3 11 14 18 19 24 31 37 38 42 49 54 58 60 61 63 74 81 84 87 88 106 111 113 114 118 128 129 135
102 7 8 12 16 23 25 48 55 56 65 68 75 76 84 87 91 94 98 111 112 114 116 123 125 126 128 129 135 144
103 0 1 11 20 25 28 29 37 39 44 52 55 59 65 67 71 87 88 93 96 98 105 106 117 123 128 130 132 135 143
104 3 13 15 29 31 36 40 45 53 58 66 77 80 92 96 105 108 109 113 116 124 137 139 142 144 145
105 4 11 18 25 26 38 44 46 52 55 56 61 63 69 70 72 73 80 84 89 93 103 104 107 125 127 140
106 0 1 18 27 28 32 36 40 42 51 54 58 59 60 63 66 80 82 89 92 101 103 110 111 117 118 127 128 136
107 7 9 24 25 32 35 43 44 49 56 70 72 75 79 89 90 96 97 105 109 115 117 120 128 129 131 144 145
108 21 28 32 43 46 49 53 64 70 81 88 93 99 104 109 118 122 132
109 3 13 26 31 43 50 51 57 58 63 66 68 81 82 89 96 104 107 108 118 119 121 127 136 137 145
110 6 11 14 15 17 21 23 33 37 43 44 46 48 54 72 82 83 86 95 96 99 106 118 119 124 130 133
111 8 9 10 12 14 18 22 23 29 31 34 37 46 51 53 57 69 74 79 82 87 88 100 101 102 106 119 122 123 124 126 132 135 138 139
112 8 15 17 22 27 28 29 31 39 40 48 50 54 56 57 61 66 75 77 78 84 85 92 93 98 102 116 127 133 143 145
113 0 1 5 8 10 16 26 43 44 51 57 58 60 65 70 72 84 88 93 101 104 116 117 120 124 127 132
114 7 16 37 38 39 48 56 59 60 62 74 77 83 86 90 101 102 128 138 141 145
115 2 20 24 33 36 45 47 52 55 61 64 72 78 83 86 91 107 119 120 123 125 128 135 140
116 2 4 5 6 8 19 21 25 27 32 34 48 49 56 58 62 65 66 72 84 89 95 102 104 112 113 120 132 136
117 22 26 31 36 38 39 41 54 57 58 61 70 87 91 92 97 98 103 106 107 113 131 133 138
118 13 14 17 21 25 30 41 45 52 60 62 63 66 68 72 81 82 84 89 101 106 108 109 110 120 125 130 134 137
119 1 2 4 6 10 12 19 39 44 51 58 61 64 81 88 95 98 100 109 110 111 115 121 129 130 131 132 134 135 136 140 145
120 4 5 8 17 20 22 23 25 29 31 32 48 50 51 53 54 56 57 62 71 77 83 91 98 107 113 115 116 118 125 127 129 131 133 134 141 144
121 1 6 10 18 22 24 26 31 32 33 39 40 41 42 45 55 62 69 70 85 87 100 109 119 123 130 138 143
122 2 4 6 7 11 19 32 33 38 40 46 70 79 80 82 87 91 108 111 125 126 131 136 138 141 143
123 3 4 7 8 13 19 20 24 31 40 46 48 52 53 54 55 58 59 69 75 77 79 81 83 100 102 103 111 115 121 131 132 133 136 141 142
124 0 6 8 10 11 17 21 25 28 30 42 47 48 51 53 58 60 69 70 76 87 88 94 95 96 104 110 111 113 141
125 1 7 13 16 22 33 37 39 40 43 47 49 50 51 59 66 68 71 72 74 85 86 88 93 94 102 105 115 118 120 122 127 129 132 136 138 143 144
126 1 2 5 10 17 28 31 42 44 45 51 55 63 68 70 71 74 75 87 88 98 102 111 122 127 132 140 143
127 9 10 11 15 21 28 37 39 45 46 50 58 60 66 72 78 92 93 105 106 109 112 113 120 125 126 134
128 1 4 7 11 15 19 20 35 38 39 45 53 57 62 66 70 71 76 79 82 85 87 93 101 102 103 106 107 114 115 129 132 136 142
129 9 18 34 36 43 47 55 56 64 70 71 80 83 84 89 96 101 102 107 119 120 125 128 133 138 145
130 7 14 26 29 32 56 58 67 68 71 80 83 84 87 92 96 100 103 110 118 119 121 134 136 144
131 0 3 13 14 15 20 31 36 39 45 46 52 61 63 73 75 85 90 96 99 107 117 119 120 122 123 133 141
132 2 13 20 25 26 32 35 43 49 51 55 56 57 65 78 80 88 89 92 93 103 108 111 113 116 119 123 125 126 128 137 138 144
133 0 3 4 21 25 28 31 37 38 40 51 56 57 64 65 71 73 93 95 98 100 110 112 117 120 123 129 131 134 139
134 20 26 28 29 38 41 42 55 57 65 68 69 72 78 81 87 93 95 98 118 119 120 127 130 133 136 137
135 22 27 33 45 48 50 60 62 75 76 78 83 85 95 96 101 102 103 111 115 119
136 11 14 25 27 31 36 51 52 78 79 86 91 93 98 106 109 116 119 122 123 125 128 130 134 137 138 140
137 2 3 5 6 7 8 12 13 22 30 36 39 46 50 52 54 56 64 67 71 80 81 83 87 93 96 104 109 118 132 134 136 140 145
138 8 11 19 20 24 25 33 35 41 48 49 50 53 61 62 70 71 74 82 94 97 99 111 114 117 121 122 125 129 132 136
139 1 2 7 24 32 40 57 59 64 65 70 73 76 82 83 86 90 91 104 111 133 144 145
140 1 3 4 22 23 24 33 36 39 46 48 59 61 62 66 67 72 74 75 77 78 80 87 105 115 119 126 136 137 144
141 5 6 28 32 35 48 50 51 52 55 61 64 65 68 75 80 82 100 114 120 122 123 124 131
142 8 13 16 18 23 27 28 37 38 57 61 66 77 98 100 104 123 128 144
143 0 1 10 16 18 21 26 38 40 41 51 53 55 60 64 71 73 78 79 80 82 88 95 99 103 112 121 122 125 126 144
144 11 13 15 17 18 21 31 33 35 41 45 47 52 83 89 91 92 96 102 104 107 120 125 130 132 139 140 142 143
145 6 11 16 28 33 36 41 45 50 62 63 65 69 70 72 74 75 76 81 83 87 88 89 90 96 100 104 107 109 112 114 119 129 137 139
