130 1742
0 14 17 21 24 26 29 34 47 49 53 54 59 63 65 71 73 77 81 82 87 92 96 104 106 116 123 126 129
1 6 18 19 21 22 24 29 32 33 37 40 41 42 50 51 59 64 73 77 79 83 90 93 97 98 102 106 115 117 121 126
2 6 9 13 28 32 41 53 55 57 66 79 81 86 87 88 93 95 97 110 115 121 123
3 4 7 14 20 24 34 37 38 43 53 61 62 69 81 83 84 89 95 100 109 113 118 120 122 124
4 3 13 14 18 23 26 27 36 43 45 50 56 61 67 70 71 75 77 79 80 86 92 103 106 107
5 11 12 15 25 29 30 35 41 45 53 62 64 75 76 80 81 85 87 89 93 94 95 100 103 116 117 121 122 123 125
6 1 2 16 17 18 22 29 42 46 48 49 53 57 58 64 73 75 82 92 102 110 123
7 3 11 13 14 20 21 25 55 57 60 62 71 77 79 83 84 87 88 94 102 110 115 116 122 123 125 127
8 11 12 14 16 17 18 22 28 36 41 44 52 56 63 64 70 84 89 96 102 104 108 121 122 128
9 2 11 13 18 23 36 43 46 47 50 54 62 68 69 73 78 79 80 82 84 96 99 100 105 106 109 111 115 120 125
10 14 16 28 41 46 47 52 56 61 63 66 70 82 93 97 105 109 111 117 118 128
11 5 7 8 9 13 14 19 20 21 38 39 48 50 51 56 63 65 68 80 85 86 95 97 99 101 104 109 110 111 114 118 124 126 129
12 5 8 14 17 18 19 20 24 25 32 39 42 46 47 52 60 62 69 71 74 89 99 105 110
13 2 4 7 9 11 20 25 36 39 51 52 56 62 64 77 82 88 93 94 104 107 111 115 119 121 122 124
14 0 3 4 7 8 10 11 12 15 17 29 34 43 45 53 58 70 72 84 89 90 94 95 97 102 109 116 126
15 5 14 16 18 24 28 29 32 36 39 47 50 56 57 59 63 65 70 72 76 78 82 97 98 101 104 107 112 118 120 125
16 6 8 10 15 21 22 25 36 38 39 40 42 44 47 48 51 54 58 60 72 73 80 85 88 91 93 96 98 104 106 114 115 117 118 119 120
17 0 6 8 12 14 21 22 28 29 45 47 48 49 51 55 59 61 65 69 80 81 83 91 94 98 100 104 107 109 112 113 118 127
18 1 4 6 8 9 12 15 34 35 42 44 50 54 57 60 63 64 70 71 72 74 75 80 82 92 98 101 104 106 107 109 110 112 119 125 129
19 1 11 12 24 30 34 43 47 56 64 66 83 90 93 97 98 106 108 112 115 118 123 125 127 129
20 3 7 11 12 13 21 22 25 27 28 30 43 44 52 65 68 71 78 92 97 98
21 0 1 7 11 16 17 20 25 30 31 49 59 66 70 71 72 75 85 95 105 106 107 110 112 113 118 120 125 127 128
22 1 6 8 16 17 20 36 46 49 52 53 59 60 61 66 67 72 73 75 81 83 85 102 105 106 113 117 119 122 126
23 4 9 24 25 32 53 55 56 59 70 72 79 81 92 100 110 111 116 117 119 124 127 128 129
24 0 1 3 12 15 19 23 29 30 32 35 36 37 39 46 63 66 68 77 95 96 99 100 102 106 110 117 118 128
25 5 7 12 13 16 20 21 23 31 36 44 48 57 63 67 70 72 78 86 89 90 105 109 110 117 118 120 123 124 126
26 0 4 29 45 47 49 61 68 70 74 75 77 80 88 95 103 104 105 112 113 120 127 128
27 4 20 28 34 39 46 47 61 63 66 67 69 72 74 86 102 107 111 112 118 121
28 2 8 10 15 17 20 27 30 35 41 43 56 57 64 67 70 78 79 85 86 90 92 95 99 103 112 115 127 128
29 0 1 5 6 14 15 17 24 26 32 35 38 40 46 54 65 69 70 74 76 81 82 84 87 106 112 116 118 119 124 125 128 129
30 5 19 20 21 24 28 35 42 43 46 51 55 57 63 64 72 74 78 79 82 90 92 97 108 111 119 127
31 21 25 36 38 40 41 42 44 49 52 57 59 76 80 85 87 88 90 97 98 103 105 107 109 114 125 126
32 1 2 12 15 23 24 29 33 45 57 59 65 69 73 79 83 85 87 93 94 100 104 108 110 115 117 119 128 129
33 1 32 40 43 56 61 62 70 76 80 88 102 110 111 115 121 125 126
34 0 3 14 18 19 27 38 40 50 58 61 75 81 86 87 88 112 114 123 125
35 5 18 24 28 29 30 40 41 45 48 58 67 70 76 84 88 89 96 99 107 109 114 128 129
36 4 8 9 13 15 16 22 24 25 31 49 53 54 63 75 79 84 93 97 98 100 104 120 127
37 1 3 24 40 45 47 50 59 60 77 83 90 92 93 100 113 114 118 123 129
38 3 11 16 29 31 34 41 46 58 59 60 62 72 73 76 80 93 117 126 129
39 11 12 13 15 16 24 27 53 56 58 63 64 71 96 97 99 103 109 113 120
40 1 16 29 31 33 34 35 37 46 47 48 55 58 66 71 73 83 85 89 91 93 94 98 102 103 109 111 113 123
41 1 2 5 8 10 28 31 35 38 44 49 50 58 64 70 71 86 88 91 95 98 100 103 108 111 115 116
42 1 6 12 16 18 30 31 46 49 51 53 65 69 73 82 84 87 94 111 114 118 124 128
43 3 4 9 14 19 20 28 30 33 65 66 67 69 72 73 74 80 87 92 101 107 109 124 126 129
44 8 16 18 20 25 31 41 54 57 66 68 70 73 80 83 88 104 105 116 119 122
45 4 5 14 17 26 32 35 37 50 55 57 59 61 69 76 78 84 87 93 95 108 113 122 123 126
46 6 9 10 12 22 24 27 29 30 38 40 42 47 52 54 59 60 71 75 80 82 86 95 109 111 113 126 128
47 0 9 10 12 15 16 17 19 26 27 37 40 46 48 52 55 56 61 62 69 74 75 81 82 93 94 98 101 103 113 116 120 128 129
48 6 11 16 17 25 35 40 47 51 52 53 54 59 61 69 74 77 80 81 85 90 98 101 106 110 113 116 120 123 124 128
49 0 6 17 21 22 26 31 36 41 42 63 79 85 92 93 95 96 98 102 110 113 118 125 127
50 1 4 9 11 15 18 34 37 41 45 53 56 58 59 61 64 73 74 77 78 79 86 88 89 101 105 106 108 116 124
51 1 11 13 16 17 30 42 48 60 68 71 73 76 78 80 81 83 90 94 95 106 109 114 116 117 118 119 122 126
52 8 10 12 13 20 22 31 46 47 48 55 56 58 63 73 77 82 83 98 100 114 119 120 126 128
53 0 2 3 5 6 14 22 23 36 39 42 48 50 59 64 65 69 82 86 94 103 109 114 115 120
54 0 9 16 18 29 36 44 46 48 60 88 92 96 98 100 105 111 115
55 2 7 17 23 30 40 45 47 52 59 61 72 74 81 82 83 86 89 91 93 112 115 116 117 119 128 129
56 4 8 10 11 13 15 19 23 28 33 39 47 50 52 59 76 79 83 87 93 96 110 115 116 126 129
57 2 6 7 15 18 25 28 30 31 32 44 45 61 62 63 69 75 92 98 108 109 120 125
58 6 14 16 34 35 38 39 40 41 50 52 64 66 83 84 88 89 92 94 95 97 100 108 109 110 114 115 125
59 0 1 15 17 21 22 23 31 32 37 38 45 46 48 50 53 55 56 68 71 73 74 77 78 91 98 100 112 116 127 129
60 7 12 16 18 22 37 38 46 51 54 63 64 67 69 70 79 81 94 99 101 103 111 126 127
61 3 4 10 17 22 26 27 33 34 45 47 48 50 55 57 63 65 66 67 69 73 79 82 84 88 92 94 95 100 105 106 109 120 122 125 127
62 3 5 7 9 12 13 33 38 47 57 63 65 66 67 69 70 72 74 85 86 89 91 102 109 112 113 119 122 129
63 0 8 10 11 15 18 24 25 27 30 36 39 49 52 57 60 61 62 67 69 80 83 85 86 88 89 90 91 94 99 102 107 113 116 118
64 1 5 6 8 13 18 19 28 30 39 41 50 53 58 60 65 70 71 76 77 81 89 112 117 123 126
65 0 11 15 17 20 29 32 42 43 53 61 62 64 66 68 77 79 83 87 96 105 117 120 125
66 2 10 19 21 22 24 27 40 43 44 58 61 62 65 68 70 73 83 84 93 96 98 103 106 116 118 123
67 4 22 25 27 28 35 43 60 61 62 63 68 76 83 89 93 94 96 97 99 104 106 110 114 117 118 119
68 9 11 20 24 26 44 51 59 65 66 67 71 75 80 91 92 96 97 100 110 123 128
69 3 9 12 17 27 29 32 42 43 45 47 48 53 57 60 61 62 63 71 76 91 93 96 98 108 109 115 126
70 4 8 10 14 15 18 21 23 25 26 28 29 33 35 41 44 60 62 64 66 71 72 73 77 88 91 95 102 104 107 113 124 127
71 0 4 7 12 18 20 21 39 40 41 46 51 59 64 68 69 70 72 80 89 105 110 125 128
72 14 15 16 18 21 22 23 25 27 30 38 43 55 62 70 71 78 80 82 83 87 88 90 92 93 94 95 113 115 117 122 123
73 0 1 6 9 16 22 32 38 40 42 43 44 50 51 52 59 61 66 70 74 79 80 84 85 88 105 116 120 121 123 124
74 12 18 26 27 29 30 43 47 48 50 55 59 62 73 76 80 87 88 90 93 94 95 97 98 101 102 103 106 108 111 116 119 121 124
75 4 5 6 18 21 22 26 34 36 46 47 57 68 82 91 97 98 108 112 115 120 122 124 125
76 5 15 29 31 33 35 38 45 51 56 64 67 69 74 79 80 83 86 90 98 101 102 103 109 112 116 117 118 129
77 0 1 4 7 13 24 26 37 48 50 52 59 64 65 70 79 82 85 89 98 109 111 112 126
78 9 15 20 25 28 30 45 50 51 59 72 83 84 86 97 100 102 110 113 115 123 125 129
79 1 2 4 7 9 23 28 30 32 36 49 50 56 60 61 65 73 76 77 80 81 88 91 100 103 107 113 115 120 123
80 4 5 9 11 16 17 18 26 31 33 38 43 44 46 48 51 63 68 71 72 73 74 76 79 86 88 97 98 100 103 105 115 118 120
81 0 2 3 5 17 22 23 29 34 47 48 51 55 60 64 79 85 87 105 106 109 112 116 122
82 0 6 9 10 13 15 18 29 30 42 46 47 52 53 55 61 72 75 77 83 88 90 92 94 98 100 106 108 109 116 120 123 126
83 1 3 7 17 19 22 32 37 40 44 51 52 55 56 58 63 65 66 67 72 76 78 82 84 85 90 95 97 98 99 115 118 120 124
84 3 7 8 9 14 29 35 36 42 45 58 61 66 73 78 83 91 92 109 111 116 119 125 128
85 5 11 16 21 22 28 31 32 40 48 49 62 63 73 77 81 83 87 101 102 104 105 111 116 124 126
86 2 4 11 25 27 28 34 41 46 50 53 55 62 63 76 78 80 92 95 96 98 104 106 112 114 128
87 0 2 5 7 29 31 32 34 42 43 45 56 65 72 74 81 85 88 91 94 99 104 109 112 113 114
88 2 7 13 16 26 31 33 34 35 41 44 50 54 58 61 63 70 72 73 74 79 80 82 87 91 93 94 96 109 111 112 119 120 127
89 3 5 8 12 14 25 35 40 50 55 58 62 63 64 67 71 77 92 96 102 113 117 118 121 123
90 1 14 19 25 28 30 31 37 48 51 63 72 74 76 82 83 91 94 99 102 107 110 114 118 120 122
91 16 17 40 41 55 59 62 63 68 69 70 75 79 84 87 88 90 96 101 102 109 110 119 121 122 123 129
92 0 4 6 18 20 23 28 30 37 43 49 54 57 58 61 68 72 82 84 86 89 93 95 101 103 118 121 129
93 1 2 5 10 13 16 19 32 36 37 38 40 45 47 49 55 56 66 67 69 72 74 88 92 95 103 107 110 118 119
94 5 7 13 14 17 32 40 42 47 51 53 58 60 61 63 67 72 74 82 87 88 90 105 113 122 126 127
95 2 3 5 11 14 21 24 26 28 41 45 46 49 51 58 61 70 72 74 83 86 92 93 97 105 107 115 117
96 0 8 9 16 24 35 39 49 54 56 65 66 67 68 69 86 88 89 91 97 98 99 105 108 114 124
97 1 2 10 11 14 15 19 20 30 31 36 39 58 67 68 74 75 78 80 83 95 96 101 112 118 127
98 1 15 16 17 18 19 20 31 36 40 41 47 48 49 52 54 57 59 66 69 74 75 76 77 80 82 83 86 96 99 102 106 109 124 127
99 9 11 12 24 28 35 39 60 63 67 83 87 90 96 98 101 104 106
100 3 5 9 17 23 24 32 36 37 41 52 54 58 59 61 68 78 79 80 82 102 106 109 112 124
101 11 15 18 43 47 48 50 60 74 76 85 91 92 97 99 102 105 111 115 117 120 129
102 1 6 7 8 14 22 24 27 33 40 49 62 63 70 74 76 78 85 89 90 91 98 100 101 104 106 118 119 124 126 127 128
103 4 5 26 28 31 39 40 41 47 53 60 66 74 76 79 80 92 93 107 110 115 118 124
104 0 8 11 13 15 16 17 18 26 32 36 44 67 70 85 86 87 99 102 111 113
105 9 10 12 21 22 25 26 31 44 50 54 61 65 71 73 80 81 85 94 95 96 101 107 109 115 116 117 126
106 0 1 4 9 16 18 19 21 22 24 29 48 50 51 61 66 67 74 81 82 86 98 99 100 102 109 116 122 123 127 129
107 4 13 15 17 18 21 27 31 35 43 63 70 79 90 93 95 103 105 109 112 117 119 122 123 129
108 8 19 30 32 41 45 50 57 58 69 74 75 82 96 109 127 128 129
109 3 9 10 11 14 17 18 25 31 35 39 40 43 46 51 53 57 58 61 62 69 76 77 81 82 84 87 88 91 98 100 105 106 107 108 113 114 118 124 126 127 129
110 2 6 7 11 12 18 21 23 24 25 32 33 48 49 56 58 67 68 71 78 90 91 93 103 113 115 117 119 120 123 126
111 9 10 11 13 23 27 30 33 40 41 42 46 54 60 74 77 84 85 88 101 104 116
112 15 17 18 19 21 26 27 28 29 34 55 59 62 64 75 76 77 81 86 87 88 97 100 107 114 116 118 121 127 129
113 3 17 21 22 26 37 39 40 45 46 47 48 49 62 63 70 72 78 79 87 89 94 104 109 110
114 11 16 31 34 35 37 42 51 52 53 58 67 86 87 90 96 109 112 122
115 1 2 7 9 13 16 19 28 32 33 41 53 54 55 56 58 69 72 75 78 79 80 83 95 101 103 105 110 129
116 0 5 7 14 23 29 41 44 47 48 50 51 55 56 59 63 66 73 74 76 81 82 84 85 105 106 111 112 129
117 1 5 10 16 22 23 24 25 32 38 51 55 64 65 67 72 76 89 95 101 105 107 110 122 127
118 3 10 11 15 16 17 19 21 24 25 27 29 37 42 49 51 63 66 67 76 80 83 89 90 92 93 97 102 103 109 112 122 125
119 13 16 18 22 23 29 30 32 44 51 52 55 62 67 74 84 88 91 93 102 107 110
120 3 9 15 16 21 25 26 36 39 47 48 52 53 57 61 65 73 75 79 80 82 83 88 90 101 110 122
121 1 2 5 8 13 27 33 73 74 89 91 92 112 122 123
122 3 5 7 8 13 22 44 45 51 61 62 72 75 81 90 91 94 106 107 114 117 118 120 121
123 0 2 5 6 7 19 25 34 37 40 45 48 64 66 68 72 73 78 79 82 89 91 106 107 110 121 128
124 3 11 13 23 25 29 42 43 48 50 70 73 74 75 83 85 96 98 100 102 103 109 127 128
125 5 7 9 15 18 19 21 29 31 33 34 49 57 58 61 65 71 75 78 84 118
126 0 1 11 14 22 25 31 33 38 43 45 46 51 52 56 60 64 69 77 82 85 94 102 105 109 110 128
127 7 17 19 21 23 26 28 30 36 49 59 60 61 70 88 94 97 98 102 106 108 109 112 117 124 128
128 8 10 21 23 24 26 28 29 32 35 42 46 47 48 52 55 68 71 84 86 102 108 123 124 126 127
129 0 11 18 19 23 29 32 35 37 38 43 47 55 56 59 62 76 78 91 92 101 106 107 108 109 112 115 116
