46 259
0 1 10 16 27 28 33 39 43 44 45
1 0 2 10 11 12 16 24 38 43
2 1 3 12 15 18 19 20 22 23 35 37 40 43
3 2 6 13 18 20 21 25 29 32 38 41 42
4 8 13 20 21 26 34 36 38 39 42 45
5 7 8 10 11 17 19 26 27 32 40
6 3 14 15 16 20 23 26 31 33 34 35 37 38 39 40 42 45
7 5 9 10 13 16 25 32 37 42
8 4 5 9 15 16 18 20 21 22 26 27 29 34 44
9 7 8 13 16 18 24 30 32 33 42 45
10 0 1 5 7 14 17 21 23 38 40 42 44
11 1 5 15 23 24 25 27 28 36 41 43
12 1 2 25 26 32 33 35 41 44
13 3 4 7 9 14 19 23 24 33
14 6 10 13 18 21 26 27 29 31 45
15 2 6 8 11 16 18 19 20 27 34 36 42 43 44 45
16 0 1 6 7 8 9 15 27 36 37 39 40 43 44
17 5 10 19 23 26 30 34
18 2 3 8 9 14 15 25 27 30 31 33 40 43
19 2 5 13 15 17 21 27 28 30 33 35 37 39
20 2 3 4 6 8 15 24 27 36 37 39 41
21 3 4 8 10 14 19 22 24 25 27 30 31 37
22 2 8 21 27 28 32 37 39 41 42 43 45
23 2 6 10 11 13 17 25 30 36 37 38 43 44
24 1 9 11 13 20 21 25 29 32 42 45
25 3 7 11 12 18 21 23 24 27 31 33 35 41 44
26 4 5 6 8 12 14 17 33 39 40 41
27 0 5 8 11 14 15 16 18 19 20 21 22 25 45
28 0 11 19 22 35 41
29 3 8 14 24 30 32 38 40 42 45
30 9 17 18 19 21 23 29 31 34 35 36 44 45
31 6 14 18 21 25 30 42 43 44
32 3 5 7 9 12 22 24 29 37 45
33 0 6 9 12 13 18 19 25 26 37 41 45
34 4 6 8 15 17 30 37
35 2 6 12 19 25 28 30 36
36 4 11 15 16 20 23 30 35 44 45
37 2 6 7 16 19 20 21 22 23 32 33 34 38 43 44 45
38 1 3 4 6 10 23 29 37 40 44
39 0 4 6 16 19 20 22 26
40 2 5 6 10 16 18 26 29 38 41
41 3 11 12 20 22 25 26 28 33 40
42 3 4 6 7 9 10 15 22 24 29 31
43 0 1 2 11 15 16 18 22 23 31 37
44 0 8 10 12 15 16 23 25 30 31 36 37 38
45 0 4 6 9 14 15 22 24 27 29 30 32 33 36 37
