185 1692
0 16 24 28 29 39 47 49 58 64 68 77 82 93 106 112 113 122 126 141 180
1 9 12 13 22 23 25 27 31 36 39 43 46 54 57 82 105 122 136 141 159 167 170 176 183
2 5 7 20 25 33 50 63 73 100 132 141 167 170 172 175 181
3 23 36 55 68 69 82 84 102 132 137 138 141 143 153 158 179
4 7 18 26 59 65 69 75 92 98 106 116 154 160 162 180 181
5 2 8 16 20 26 30 41 46 47 52 65 87 91 101 112 120 125 134 135 146 151 167 178 180
6 20 28 35 36 39 54 78 99 114 118 138 139 144 167 172 178
7 2 4 9 16 19 36 60 76 116 120 130 146 165 166 167 169 172 175 183 184
8 5 11 14 26 36 45 57 71 91 115 131 143 144 150 158 184
9 1 7 28 41 60 62 63 72 76 86 100 110 127 128 156 157 158 161 178 179
10 16 20 29 33 47 63 69 91 99 102 115 120 125 136 138 139 146 149 154 155 163 169 181 184
11 8 33 53 60 93 94 111 115 119 138 154 160 171 175 179 182
12 1 25 27 34 75 87 100 113 116 130 133 137 147 159 162 166 171 179 180 181 184
13 1 18 38 66 69 72 84 88 91 92 95 96 139 142 167 173 180
14 8 21 23 30 32 58 72 89 96 114 128 130 159 175 181
15 20 26 35 49 53 59 64 79 84 88 90 119 120 123 124 125 129 131 134 145 161 163 165 169
16 0 5 7 10 18 20 29 33 42 61 64 66 78 99 106 128 135 136 152 159 184
17 54 57 70 91 98 117 125 126 133 135 140 149 155 175 176
18 4 13 16 32 46 58 65 100 108 113 114 118 128 131 132 163 164 173 174 179
19 7 46 47 54 66 82 88 92 93 108 126 128 150 163 169 181
20 2 5 6 10 15 16 28 31 33 46 52 55 96 103 132 134 152 153 175 178
21 14 29 32 40 53 54 61 63 70 84 86 87 101 116 119 148 153 167 173 176 177
22 1 23 25 50 57 58 91 100 111 112 120 123 126 131 132 145 153 154 174
23 1 3 14 22 25 27 28 30 42 48 70 71 83 87 100 103 105 110 134 149 151 155 156 173 184
24 0 41 75 78 98 115 123 125 126 129 130 137 141 162 184
25 1 2 12 22 23 37 55 68 74 87 88 96 97 113 114 120 123 146 151 155 167 178 181
26 4 5 8 15 38 41 53 61 72 73 130 133 136 138 147 156 176 177
27 1 12 23 32 58 82 98 111 123 130 132 138 143 160 161 163 169 173 179
28 0 6 9 20 23 31 44 46 54 55 71 74 77 78 86 116 130 136
29 0 10 16 21 33 36 44 54 60 63 75 79 128 130 131 157 160 167 170
30 5 14 23 31 36 54 56 71 72 97 99 113 114 133 141 143 145 147 152 154
31 1 20 28 30 34 57 81 88 96 101 107 113 125 131 133 135 148 153 164 178
32 14 18 21 27 35 36 47 53 71 89 121 133 134 137 139 145 146 151 180
33 2 10 11 16 20 29 34 48 49 65 73 84 102 109 120 126 129 147 148 150 152 166 167 179
34 12 31 33 48 57 65 75 81 87 96 98 114 116 130 135 136 147 159 169
35 6 15 32 42 47 51 54 68 83 91 93 104 136 137 142 148 155 161 163 168 177 179
36 1 3 6 7 8 29 30 32 42 60 69 82 85 91 99 106 119 122 135 136 139 140 147 157 175 179 184
37 25 40 52 55 70 85 89 91 93 94 103 115 118 120 126 142 149 155 169 170
38 13 26 42 52 53 73 76 102 114 122 124 127 131 133 157 172 181
39 0 1 6 72 81 107 108 128 131 145 147 148 157 163 178 183
40 21 37 43 62 85 90 95 97 98 108 131 135 140 170 172 176 177 184
41 5 9 24 26 46 58 72 96 114 134 140 152 159 163 171
42 16 23 35 36 38 65 70 78 90 106 121 126 130 139 160
43 1 40 71 79 80 81 99 102 106 115 117 126 131 141 146 150 154 169 179
44 28 29 52 67 98 106 122 131 160 178
45 8 66 81 85 105 112 117 126 133 145 158 162 172
46 1 5 18 19 20 28 41 59 70 71 89 95 97 102 103 109 121 137 156 182 183
47 0 5 10 19 32 35 66 83 85 94 95 99 118 123 136 139 142 163 167 168 175 183
48 23 33 34 60 62 64 78 79 81 99 100 130 153 166 167 171 174
49 0 15 33 51 61 64 65 66 77 82 94 126 127 130 133 135 136 145 146 149 151 153 171
50 2 22 61 66 84 140 142 155 158 168 171
51 35 49 52 54 69 75 95 128 133 140 183
52 5 20 37 38 44 51 58 60 64 76 89 101 105 111 113 130 143 145 148 165 170
53 11 15 21 26 32 38 79 84 91 94 126 137 143 150 151 155 165 169
54 1 6 17 19 21 28 29 30 35 51 69 71 90 104 133 137 158 160 161 162 167 177
55 3 20 25 28 37 67 69 73 94 101 105 112 128 131 140 149 151 167 171
56 30 60 68 78 85 127 147 151 168 171 172
57 1 8 17 22 31 34 70 104 113 123 125 127 138 144 151 152 168
58 0 14 18 22 27 41 52 59 70 84 102 144 155 162 165 166 170 176 178
59 4 15 46 58 62 65 69 72 73 81 90 109 111 116 122 128 131 141 148 159
60 7 9 11 29 36 48 52 56 66 70 82 88 96 105 113 129 152 155 175
61 16 21 26 49 50 64 73 123 134 136 145 150 155 162
62 9 40 48 59 67 80 83 85 89 90 100 101 102 113 115 117 121 125 144 166 167 173 178
63 2 9 10 21 29 64 70 73 82 92 135 155 165
64 0 15 16 48 49 52 61 63 74 77 89 91 94 128 129 152
65 4 5 18 33 34 42 49 59 75 79 99 120 125 131 142 154 163 172
66 13 16 19 45 47 49 50 60 86 87 88 94 107 114 118 153 169 182
67 44 55 62 74 79 87 91 102 106 112 117 126 130 142 172
68 0 3 25 35 56 76 98 104 130 131 154 179
69 3 4 10 13 36 51 54 55 59 77 81 87 97 105 121 137 141 143 146 147 153 157 167 182
70 17 21 23 37 42 46 57 58 60 63 75 78 83 105 111 113 134 152 162 180
71 8 23 28 30 32 43 46 54 82 88 101 103 106 118 126 139 152 159 161 169
72 9 13 14 26 30 39 41 59 82 108 127 138 140 158 184
73 2 26 33 38 55 59 61 63 93 105 150
74 25 28 64 67 75 83 97 100 106 121 131 155 160 169 170 171 179 184
75 4 12 24 29 34 51 65 70 74 84 92 109 126 129 142 144 160 166 167
76 7 9 38 52 68 80 83 84 97 107 108 109 121 123 124 127 140 145 170
77 0 28 49 64 69 91 119 150 160 167
78 6 16 24 28 42 48 56 70 79 121 122 136 140 156 157 164 165 172 173 177
79 15 29 43 48 53 65 67 78 81 89 91 98 104 109 111 114 116 152 166 176
80 43 62 76 84 93 99 122 124 125 132 137 138 152 159 163 167 180
81 31 34 39 43 45 48 59 69 79 105 116 123 125 132 135 140 174
82 0 1 3 19 27 36 49 60 63 71 72 85 96 100 152 174 183
83 23 35 47 62 70 74 76 93 113 136 140 143 147 165 170 178 180
84 3 13 15 21 33 50 53 58 75 76 80 88 121 122 123 137 169
85 36 37 40 45 47 56 62 82 111 119 131 132 142 168 183
86 9 21 28 66 97 106 108 120 121 123 148 158 173 184
87 5 12 21 23 25 34 66 67 69 90 94 95 117 121 124 140 156 158
88 13 15 19 25 31 60 66 71 84 104 115 122 163 170 173 182
89 14 32 37 46 52 62 64 79 98 111 116 119 120 140 157 162 173
90 15 40 42 54 59 62 87 108 119 121 127 132 143 159 164
91 5 8 10 13 17 22 35 36 37 53 64 67 77 79 103 142 153
92 4 13 19 63 75 98 110 118 121 123 144 160 174 179
93 0 11 19 35 37 73 80 83 102 127 150 162 164 167 174 182
94 11 37 47 49 53 55 64 66 87 101 105 110 129 137 138 142 148 162 166
95 13 40 46 47 51 87 102 117 125 126 128 161 180 184
96 13 14 20 25 31 34 41 60 82 98 114 116 150 166 171
97 25 30 40 46 69 74 76 86 110 121 129 142 175 181 184
98 4 17 24 27 34 40 44 68 79 89 92 96 104 106 121 150 152 181 182
99 6 10 16 30 36 43 47 48 65 80 101 106 140 167 172 173 176 184
100 2 9 12 18 22 23 48 62 74 82 108 119 124 147 162 164 171 174
101 5 21 31 52 55 62 71 94 99 103 104 130 138 144 155 167 173
102 3 10 33 38 43 46 58 62 67 93 95 119 124 136 155 165 182
103 20 23 37 46 71 91 101 131 137 139 154 157 176 178
104 35 54 57 68 79 88 98 101 108 110 122 123 129 143 147 150 155 156
105 1 23 45 52 55 60 69 70 73 81 94 109 115 128 143 166 170 183
106 0 4 16 36 42 43 44 67 71 74 86 98 99 111 114 122 125 137 138 148 151 154 158 166 172 176
107 31 39 66 76 112 117 119 133 160 167 173 184
108 18 19 39 40 72 76 86 90 100 104 109 118 126 127 143 152 153 154 160 183
109 33 46 59 75 76 79 105 108 116 119 129 140 148 155 156 162 163 170 181 182
110 9 23 92 94 97 104 114 117 130 144 181
111 11 22 27 52 59 70 79 85 89 106 129 137 144 146 148 161 162
112 0 5 22 45 55 67 107 116 151 154 168 170 174
113 0 12 18 25 30 31 52 57 60 62 70 83 119 127 131 132 150 154 169 172 175
114 6 14 18 25 30 34 38 41 66 79 96 106 110 115 121 148 154 178
115 8 10 11 24 37 43 62 88 105 114 121 129 130 134 144 146 162 165 175 181
116 4 7 12 21 28 34 59 79 81 89 96 109 112 147 150 152 153 157 158 165 174 183 184
117 17 43 45 62 67 87 95 107 110 121 135 140 148 166
118 6 18 37 47 66 71 92 108 119 136 142 143 152 153 156 158 170 171 175 183
119 11 15 21 36 77 85 89 90 100 102 107 109 113 118 121 139 140 166 167
120 5 7 10 15 22 25 33 37 65 86 89 122 140 179
121 32 42 46 62 69 74 76 78 84 86 87 90 92 97 98 114 115 117 119 123 128 137 149 182
122 0 1 36 38 44 59 78 80 84 88 104 106 120 133 136 160
123 15 22 24 25 27 47 57 61 76 81 84 86 92 104 121 128 132 141 151 155 166 170 173 174
124 15 38 76 80 87 100 102 127 137 138 156 159 161 164 174 175
125 5 10 15 17 24 31 57 62 65 80 81 95 106 127 149 154 163 173 178
126 0 17 19 22 24 33 37 42 43 45 49 53 67 71 75 95 108 139 165 170 179
127 9 38 49 56 57 72 76 90 93 108 113 124 125 141 149 153 161 175
128 9 14 16 18 19 29 39 51 55 59 64 95 105 121 123 133 134 153 174
129 15 24 33 60 64 75 94 97 104 109 111 115 130 143 151 157 170 174 178 180
130 7 12 14 24 26 27 28 29 34 42 48 49 52 67 68 101 110 115 129 132 145 147 150 175
131 8 15 18 22 29 31 38 39 40 43 44 55 59 65 68 74 85 103 113 163 164 168 181
132 2 3 18 20 22 27 80 81 85 90 113 123 130 141 147 161
133 12 17 26 30 31 32 38 45 49 51 54 107 122 128 140 169 174
134 5 15 20 23 32 41 61 70 115 128 147 148 166 168 181
135 5 16 17 31 34 36 40 49 63 81 117 147 161 164 167 183
136 1 10 16 26 28 34 35 36 47 49 61 78 83 102 118 122 140 148 158 184
137 3 12 24 32 35 46 53 54 69 80 84 94 103 106 111 121 124 147 174 177 184
138 3 6 10 11 26 27 57 72 80 94 101 106 124 143 153 156 157 159 177
139 6 10 13 32 36 42 47 71 103 119 126 147 157 164
140 17 36 40 41 50 51 55 72 76 78 81 83 87 89 99 109 117 119 120 133 136 145 152 161 169 178
141 0 1 2 3 24 30 43 59 69 123 127 132 149 168 175 178
142 13 35 37 47 50 65 67 75 85 91 94 97 118 151 164 178
143 3 8 27 30 52 53 69 83 90 104 105 108 118 129 138 148 156 160 163
144 6 8 57 58 62 75 92 101 110 111 115 146 158 164
145 15 22 30 32 39 45 49 52 61 76 130 140 146 152 158 174 180 181
146 5 7 10 25 32 43 49 69 111 115 144 145 153 161 166 171 172
147 12 26 30 33 34 36 39 56 69 83 100 104 116 130 132 134 135 137 139 153 155 183
148 21 31 33 35 39 52 59 86 94 106 109 111 114 117 134 136 143 159 163 164 166 170
149 10 17 23 37 49 55 121 125 127 141 163 168 178 184
150 8 19 33 43 53 61 73 77 93 96 98 104 113 116 130 164 168 176
151 5 23 25 32 49 53 55 56 57 106 112 123 129 142 152 160 174 179 183
152 16 20 30 33 41 57 60 64 70 71 79 80 82 98 108 116 118 140 145 151 154 167 180
153 3 20 21 22 31 48 49 66 69 91 108 116 118 127 128 138 146 147 154 162 169 170 173
154 4 10 11 22 30 43 65 68 103 106 108 112 113 114 125 152 153 165 168 173
155 10 17 23 25 35 37 50 53 58 60 61 63 74 101 102 104 109 123 147 160 165 167 171 173 176 181
156 9 23 26 46 78 87 104 109 118 124 138 143 166 171 174 180 181 183
157 9 29 36 38 39 69 78 89 103 116 129 138 139 162 168 175 176
158 3 8 9 45 50 54 72 86 87 106 116 118 136 144 145 161 178 179 182
159 1 12 14 16 34 41 59 71 80 90 124 138 148 161 173 182 184
160 4 11 27 29 42 44 54 74 75 77 92 107 108 122 143 151 155
161 9 15 27 35 54 71 95 111 124 127 132 135 140 146 158 159 170 177 183 184
162 4 12 24 45 54 58 61 70 89 93 94 100 109 111 115 153 157 171 172 180
163 10 15 18 19 27 35 39 41 47 65 80 88 109 125 131 143 148 149 178 179
164 18 31 78 90 93 100 124 131 135 139 142 144 148 150 175 183
165 7 15 52 53 58 63 78 83 102 115 116 126 154 155
166 7 12 33 48 58 62 75 79 94 96 105 106 117 119 123 134 146 148 156 170 183
167 1 2 5 6 7 13 21 25 29 33 47 48 54 55 62 69 75 77 80 93 99 101 107 119 135 152 155 170
168 35 47 50 56 57 85 112 131 134 141 149 150 154 157 171 175 178 179
169 7 10 15 19 27 34 37 43 53 66 71 74 84 113 133 140 153 177
170 1 2 29 37 40 52 58 74 76 83 88 105 109 112 118 123 126 129 148 153 161 166 167 178 184
171 11 12 41 48 49 50 55 56 74 96 100 118 146 155 156 162 168
172 2 6 7 38 40 45 56 65 67 78 99 106 113 146 162
173 13 18 21 23 27 62 78 86 88 89 99 101 107 123 125 153 154 155 159 176 177 183 184
174 18 22 48 81 82 92 93 100 112 116 123 124 128 129 133 137 145 151 156 182
175 2 7 11 14 17 20 36 47 60 97 113 115 118 124 127 130 141 157 164 168 176
176 1 17 21 26 40 58 79 99 103 106 150 155 157 173 175 184
177 21 26 35 40 54 78 137 138 161 169 173
178 5 6 9 20 25 31 39 44 58 62 83 103 114 125 129 140 141 142 149 158 163 168 170
179 3 9 11 12 18 27 33 35 36 43 68 74 92 120 126 151 158 163 168
180 0 4 5 12 13 32 70 80 83 95 129 145 152 156 162 184
181 2 4 10 12 14 19 25 38 97 98 109 110 115 131 134 145 155 156 183
182 11 46 66 69 88 93 98 102 109 121 158 159 174
183 1 7 39 46 47 51 82 85 105 108 116 118 135 147 151 156 161 164 166 173 181
184 7 8 10 12 16 23 24 36 40 72 74 86 95 97 99 107 116 136 137 149 159 161 170 173 176 180
