35 202
0 4 7 12 14 18 21 26 27 28 30 32 34
1 4 5 7 10 12 13 15 17 18 20 22 23 25 27 31 33
2 4 6 7 9 11 12 13 23 26 34
3 5 10 15 20 23 27 33 34
4 0 1 2 6 8 11 13 19 24 25 27 29 30 33
5 1 3 7 9 12 15 18 19 21 29 33 34
6 2 4 9 12 14 16 20 27 34
7 0 1 2 5 8 9 10 11 15 17 20 21 27 29 30 32 33
8 4 7 12 14 15 17 25 29 32
9 2 5 6 7 10 30 32 33
10 1 3 7 9 13 21 27 30 31 32 33
11 2 4 7 12 13 15 18 19 22 25 28 29 30 31 34
12 0 1 2 5 6 8 11 13 14 15 27 34
13 1 2 4 10 11 12 15 18 20 22 29 30 31 32
14 0 6 8 12 20 21 24 28 29 31
15 1 3 5 7 8 11 12 13 16 19 20 29 30
16 6 15 19 21 24 29 30 31
17 1 7 8 20 23 28 29 30 31 33 34
18 0 1 5 11 13 20 23 24 27 31 33
19 4 5 11 15 16 21 22 23 25 30 31 34
20 1 3 6 7 13 14 15 17 18 27 32
21 0 5 7 10 14 16 19 28 31 32 33
22 1 11 13 19 23 28 32
23 1 2 3 17 18 19 22 26 27 28
24 4 14 16 18 25 26 28 29 30 32
25 1 4 8 11 19 24 26 27 29 30 31
26 0 2 23 24 25 27 29 34
27 0 1 3 4 6 7 10 12 18 20 23 25 26 28 29 33
28 0 11 14 17 21 22 23 24 27 31 32
29 4 5 7 8 11 13 14 15 16 17 24 25 26 27 34
30 0 4 7 9 10 11 13 15 16 17 19 24 25
31 1 10 11 13 14 16 17 18 19 21 25 28 32 34
32 0 7 8 9 10 13 20 21 22 24 28 31
33 1 3 4 5 7 9 10 17 18 21 27
34 0 2 3 5 6 11 12 17 19 26 29 31
