35 198
0 1 2 3 4 6 9 20 23 25 26 27 28 30
1 0 3 4 13 16 17 19 20 25 26 29 31
2 0 4 5 16 18 19 23 24 25 26 27 31 33
3 0 1 7 8 14 26 27 31
4 0 1 2 6 10 13 15 16 18 20 25 28 29 30 34
5 2 8 11 14 15 17 20 21 23 25 27 28 31 33
6 0 4 7 8 9 10 15 20 24 26 27 29 31 32 34
7 3 6 12 15 18 19 21 22 25 28 30 31
8 3 5 6 18 23 24 25 33
9 0 6 11 12 18 23 24 26 27 28 30
10 4 6 15 16 21 23 29 30 31 32
11 5 9 13 15 17 18 26 27 32
12 7 9 13 19 20 25 29
13 1 4 11 12 26 28 33
14 3 5 15 18 21 22 23 29 32
15 4 5 6 7 10 11 14 16 20 21 29 34
16 1 2 4 10 15 17 29 34
17 1 5 11 16 18 20 22 23 28 30 32
18 2 4 7 8 9 11 14 17 20 22 26 31 34
19 1 2 7 12 25 28 30 31
20 0 1 4 5 6 12 15 17 18 22 28 29
21 5 7 10 14 15 28 30 31 33
22 7 14 17 18 20 24 26 30 31 32 33
23 0 2 5 8 9 10 14 17 24 27 28 29 32 33 34
24 2 6 8 9 22 23 28 31 32 33
25 0 1 2 4 5 7 8 12 19 28 31
26 0 1 2 3 6 9 11 13 18 22 27 29 30
27 0 2 3 5 6 9 11 23 26 31 32 34
28 0 4 5 7 9 13 17 19 20 21 23 24 25 29 30 33
29 1 4 6 10 12 14 15 16 20 23 26 28 32 34
30 0 4 7 9 10 17 19 21 22 26 28 31 32
31 1 2 3 5 6 7 10 18 19 21 22 24 25 27 30
32 6 10 11 14 17 22 23 24 27 29 30 34
33 2 5 8 13 21 22 23 24 28
34 4 6 15 16 18 23 27 29 32
