191 3917
0 4 6 10 12 13 19 22 25 28 38 39 54 57 59 61 65 67 73 77 81 87 88 95 104 105 106 120 125 139 144 149 151 163 168 172 176
1 4 5 11 18 19 25 31 35 36 38 39 54 61 67 71 78 85 88 101 112 125 126 146 149 150 156 157 166 167 168 169 177 178 182 185
2 4 7 8 9 20 24 27 31 32 36 45 52 70 72 75 77 79 80 83 91 95 102 107 114 115 122 123 132 135 136 141 142 146 155 167 177 182 186
3 4 5 20 22 27 29 37 57 66 74 75 87 90 94 96 103 111 112 125 130 131 152 153 156 160 179 181 182 190
4 0 1 2 3 14 16 17 18 20 29 30 48 56 76 78 81 83 97 99 106 109 113 115 116 121 122 128 132 140 144 146 150 160 163 167 170 176 179 185
5 1 3 14 17 18 19 31 40 41 48 49 51 54 69 71 76 78 86 98 99 101 103 104 105 108 122 125 127 128 133 134 139 140 142 143 144 148 151 158 164 168 169 176 180 184 185
6 0 16 17 23 24 28 34 35 47 50 51 52 55 56 58 63 64 67 69 75 79 85 86 88 93 94 95 104 108 114 120 122 137 138 142 158 170 175 176 178 183 186 187
7 2 13 24 30 43 65 66 68 78 79 85 86 87 89 92 96 103 105 110 118 119 125 128 131 142 150 155 161 174 175 178 180 182 186 189
8 2 10 14 19 20 22 34 40 44 49 53 58 59 63 70 71 75 76 82 86 87 94 95 97 99 101 107 111 118 123 131 134 138 144 154 157 165 175 182
9 2 11 13 16 17 18 19 20 21 25 33 35 42 44 50 51 56 73 79 80 83 86 87 99 103 107 109 111 116 124 127 134 139 144 145 159 171 174 176 178 183 187
10 0 8 21 25 26 30 35 38 43 45 58 62 64 71 76 88 93 95 98 108 109 114 130 134 137 141 142 154 155 158 161 171 175 178 183 189
11 1 9 23 48 51 53 54 58 65 67 76 79 81 87 88 89 93 107 109 114 118 119 120 121 131 135 136 137 138 141 142 143 155 156 157 158 161 165 167 171 177 182 189
12 0 17 18 20 23 27 38 44 51 58 68 72 73 81 84 85 86 87 94 95 96 97 100 107 111 129 135 136 137 139 150 158 177 180 182 183 187
13 0 7 9 15 18 26 27 34 39 41 45 48 50 52 56 60 78 81 82 85 86 93 100 101 106 112 120 122 124 128 132 139 140 141 142 146 152 153 156 167 168 180 189
14 4 5 8 15 18 23 26 28 29 46 47 51 56 66 74 75 76 77 84 87 93 100 106 111 128 132 134 138 147 148 152 163 171 178 181 183
15 13 14 16 29 31 34 40 48 49 52 54 61 62 72 73 91 94 96 97 102 105 115 125 127 137 140 142 147 148 151 154 160
16 4 6 9 15 21 23 27 31 35 45 57 60 61 62 68 70 76 84 89 94 98 105 106 111 115 118 120 121 122 123 128 130 134 136 138 163 170 172 173 175 177 183 190
17 4 5 6 9 12 18 22 24 27 33 48 50 52 53 57 65 77 83 104 106 111 112 129 145 147 156 158 163 168 170 175 176 184 187 188 189
18 1 4 5 9 12 13 14 17 25 29 36 38 46 49 52 56 57 61 74 79 85 87 91 93 97 98 108 112 117 124 129 146 150 151 153 155 160 161 168 171 176 183 185 189 190
19 0 1 5 8 9 20 26 32 37 41 51 53 55 62 66 69 79 80 81 85 94 101 116 118 121 126 127 128 129 137 139 143 149 151 157 162 164 168 171 173 175 176 184 188 190
20 2 3 4 8 9 12 19 28 29 31 37 42 44 48 49 51 53 56 73 91 98 100 102 111 114 119 123 130 140 142 143 146 154 155 156 160 166 172 178 183
21 9 10 16 25 26 32 34 36 40 43 44 45 52 59 62 63 65 70 78 84 85 86 88 98 101 107 111 112 126 130 134 137 143 149 152 154 155 162 166 173 175 181
22 0 3 8 17 33 39 48 49 54 55 59 61 64 67 73 80 89 96 98 101 104 106 107 115 119 121 124 126 132 137 139 140 141 154 167 169 170 173 178 179 185
23 6 11 12 14 16 29 31 42 49 50 51 54 60 68 69 85 95 99 103 104 107 111 113 114 115 123 127 129 131 147 148 149 150 156 157 158 159 161 171 174 181
24 2 6 7 17 30 31 32 39 40 41 46 52 58 60 65 76 80 82 83 90 97 98 105 109 116 117 118 121 125 128 129 132 138 152 164 167 170 176 179 180 184 189
25 0 1 9 10 18 21 35 37 39 42 43 54 56 58 65 67 76 77 79 91 92 95 100 105 112 115 121 128 131 134 135 146 147 150 154 161 170 172 174 176 179 184 186 189
26 10 13 14 19 21 29 30 35 37 38 42 43 44 45 52 57 62 66 73 92 94 97 99 101 111 114 124 135 140 141 151 157 158 162 163 167 180 185 188
27 2 3 12 13 16 17 28 29 30 33 34 41 45 48 49 50 51 59 67 70 85 89 92 95 97 102 104 106 111 112 113 125 126 133 134 135 139 145 146 152 153 160 163 167 168 172 177 178
28 0 6 14 20 27 32 41 42 45 47 51 71 75 80 85 95 98 115 120 122 128 130 145 148 149 152 163 166 176 177 180 181
29 3 4 14 15 18 20 23 26 27 31 39 41 47 49 52 54 64 66 70 75 76 80 81 85 87 94 95 96 100 101 104 105 106 110 120 121 122 123 124 141 143 153 157 160 163 166 168 177 179
30 4 7 10 24 26 27 33 34 38 39 41 42 46 47 49 51 52 62 64 65 67 79 81 84 87 89 92 99 106 108 112 117 121 122 126 128 130 132 134 141 147 148 162 165 173
31 1 2 5 15 16 20 23 24 29 39 41 43 58 60 63 65 73 83 91 92 99 101 109 114 116 118 119 124 125 126 129 130 134 138 149 151 158 161 166 167 171 174 182 183 190
32 2 19 21 24 28 44 48 60 61 67 68 72 73 74 80 82 83 86 89 90 96 98 100 105 114 115 118 136 138 141 143 148 149 150 170 173 177 179 180 183
33 9 17 22 27 30 40 46 50 53 58 59 60 61 63 64 65 68 73 78 81 83 93 97 98 100 115 118 121 130 133 136 138 139 140 143 145 146 155 159 161 171 178 179 180 183 185 189
34 6 8 13 15 21 27 30 35 41 42 44 52 53 59 66 79 82 85 90 92 101 102 105 107 109 112 118 121 128 129 138 139 148 150 158 164 170 172 174 179 181 185 187 189
35 1 6 9 10 16 25 26 34 36 38 39 43 44 49 51 60 63 71 79 83 90 101 102 104 106 108 114 118 119 127 131 132 134 138 142 143 149 153 154 155 157 161 169 172 175 179 182 189
36 1 2 18 21 35 38 42 43 44 45 49 50 53 56 62 65 67 75 76 79 87 104 116 121 122 133 134 136 138 140 162 173 174 180 183 190
37 3 19 20 25 26 49 55 56 60 61 62 71 72 77 78 81 89 99 106 111 121 123 127 128 130 131 133 150 153 155 169 174 176 180 181 188
38 0 1 10 12 18 26 30 35 36 46 56 59 60 65 66 75 77 80 85 96 100 113 116 117 118 124 126 128 135 136 139 142 147 148 157 158 159 167 171 177 179 183 187
39 0 1 13 22 24 25 29 30 31 35 40 50 60 65 70 71 74 81 88 93 103 104 105 119 121 134 142 144 154 158 161 168 171 174 183 184 190
40 5 8 15 21 24 33 39 49 51 56 59 62 64 71 76 80 81 85 90 94 98 99 124 138 139 152 154 155 156 165 167 173 175 178 179 185 187 189
41 5 13 19 24 27 28 29 30 31 34 42 58 63 64 67 75 82 84 87 88 93 100 108 113 114 118 119 130 134 137 139 151 153 156 160 167 168 169 170 173 176 177 186 188 190
42 9 20 23 25 26 28 30 34 36 41 43 46 54 56 62 65 67 74 77 78 86 87 90 115 119 121 125 134 136 150 156 161 168 172 181 190
43 7 10 21 25 26 31 35 36 42 45 58 59 61 68 69 73 74 77 80 82 84 87 95 96 100 112 113 115 128 130 134 144 146 149 167 168 171 172 173 179 186
44 8 9 12 20 21 26 32 34 35 36 49 53 57 58 60 75 87 95 98 100 109 126 128 135 139 145 148 157 158 164 165 168 169 184 185 187
45 2 10 13 16 21 26 27 28 36 43 58 61 63 67 74 75 78 82 89 91 112 114 117 121 124 129 148 149 151 155 158 162 164 165 170 171 172 176 181 182 186
46 14 18 24 30 33 38 42 49 50 54 57 69 70 78 83 86 87 89 92 95 99 101 103 104 106 111 113 116 120 124 132 134 135 153 159 162 163 169 172 173 181 186 187 190
47 6 14 28 29 30 57 58 60 63 66 73 81 91 92 93 96 97 101 104 106 112 117 120 122 127 129 131 142 144 148 150 157 159 166 167 186 189
48 4 5 11 13 15 17 20 22 27 32 53 61 64 65 66 71 82 86 103 107 110 112 117 122 134 138 142 144 145 161 168 172 182 183 188
49 5 8 15 18 20 22 23 27 29 30 35 36 37 40 44 46 60 63 68 69 74 77 78 88 89 93 96 100 101 104 105 112 118 120 122 127 129 130 135 146 159 160 163 167 172 173 185 187
50 6 9 13 17 23 27 33 36 39 46 52 58 60 64 65 68 69 70 74 80 93 103 111 114 116 120 121 122 126 131 142 159 167 168 170 172 180 181 185 189
51 5 6 9 11 12 14 19 20 23 27 28 30 35 40 53 59 62 69 74 77 79 87 88 98 103 107 110 114 124 126 128 129 131 132 135 136 140 142 153 154 162 164 167 179 180 185
52 2 6 13 15 17 18 21 24 26 29 30 34 50 53 60 66 68 76 90 98 102 107 111 115 119 124 129 133 140 147 150 165 174 177 180
53 8 11 17 19 20 33 34 36 44 48 51 52 54 56 63 65 67 70 72 87 88 93 94 95 98 99 100 113 118 121 127 131 132 138 148 150 156 160 161 163 165 166 178 179 181 184
54 0 1 5 11 15 22 23 25 29 42 46 53 63 68 88 89 90 93 94 100 106 107 120 131 136 140 141 142 145 159 163 164 167 173 178 182 188
55 6 19 22 37 56 57 60 62 63 64 76 88 93 96 99 108 120 123 125 126 127 129 131 151 152 162 165 172 173 186
56 4 6 9 13 14 18 20 25 36 37 38 40 42 53 55 57 58 67 68 69 77 84 90 91 95 96 101 103 106 107 108 109 111 113 120 121 124 129 133 136 140 142 144 147 153 156 162 165 166 168 170 174 179
57 0 3 16 17 18 26 44 46 47 55 56 58 59 60 64 66 72 77 78 82 84 87 98 100 102 103 110 119 121 123 124 132 137 139 141 147 158 161 169 170 171 172 174 180 183 185 187 188
58 6 8 10 11 12 24 25 31 33 41 43 44 45 47 50 56 57 60 62 75 79 84 87 90 93 95 97 98 100 102 111 116 119 132 133 139 155 159 161 164 172 181 185 186
59 0 8 21 22 27 33 34 38 40 43 51 57 60 62 67 69 72 79 84 87 88 94 101 111 118 123 127 138 139 143 147 148 150 152 155 157 162 163 169 170 183 186
60 13 16 23 24 31 32 33 35 37 38 39 44 47 49 50 52 55 57 58 59 63 65 76 89 91 92 97 102 114 117 122 126 129 130 136 140 158 168 184 187 190
61 0 1 15 16 18 22 32 33 37 43 45 48 62 64 65 69 71 77 79 80 82 85 88 92 97 99 115 117 120 124 131 135 142 143 144 154 161 166 169 174 180 189
62 10 15 16 19 21 26 30 36 37 40 42 51 55 58 59 61 75 79 80 81 82 84 87 88 92 93 95 96 101 107 111 115 116 122 124 126 130 134 135 138 142 144 147 163 165 167 169 170 174 176 179 186
63 6 8 21 31 33 35 41 45 47 49 53 54 55 60 64 69 71 76 84 92 95 98 101 111 115 119 122 129 130 132 140 148 151 154 155 156 161 166 171 173 175 181 182 183 187
64 6 10 22 29 30 33 40 41 48 50 55 57 61 63 71 72 82 85 88 101 116 118 126 141 143 149 151 156 160 170 172 174 180 181 183 186
65 0 7 11 17 21 24 25 30 31 33 36 38 39 42 48 50 53 60 61 71 73 76 89 98 100 104 105 107 110 118 119 120 122 124 125 134 139 141 149 151 154 160 161 162 174 177 186
66 3 7 14 19 26 29 34 38 47 48 52 57 70 71 72 73 82 83 85 87 94 96 98 102 106 107 109 111 113 117 118 123 133 138 142 144 165 170 172 178 182 185 186 189
67 0 1 6 11 22 25 27 30 32 36 41 42 45 53 56 59 72 82 96 97 101 104 119 126 133 158 162 164 175 176 186 187
68 7 12 16 23 32 33 43 49 50 52 54 56 77 78 87 90 93 94 96 120 125 129 133 138 141 142 145 148 149 152 154 155 156 160 162 164 167 170 172 183 184 189
69 5 6 19 23 43 46 49 50 51 56 59 61 63 74 81 87 100 101 106 107 109 111 121 128 129 133 135 140 142 149 157 160 162 165 171 172 178 186 187
70 2 8 16 21 27 29 39 46 50 53 66 73 90 91 92 93 110 118 124 132 143 144 147 150 153 157 161 166 168 172 178
71 1 5 8 10 28 35 37 39 40 48 61 63 64 65 66 80 84 88 89 92 100 104 107 108 109 131 135 144 146 147 150 160 166 168 175 177 180 181 186 187
72 2 12 15 32 37 53 57 59 64 66 67 79 87 92 97 109 110 111 115 120 128 134 151 154 155 162 167 169 175
73 0 9 12 15 20 22 26 31 32 33 43 47 65 66 70 74 84 88 101 103 108 113 114 118 120 141 152 158 160 161 174 182 183
74 3 14 18 32 39 42 43 45 49 50 51 69 73 79 87 89 91 94 95 98 106 110 113 118 126 132 134 144 145 153 161 162 166 167 170 171 176 177 178 180 184 188
75 2 3 6 8 14 28 29 36 38 41 44 45 58 62 76 82 86 93 97 108 116 120 123 124 125 126 127 137 141 144 151 156 158 162 168 171 173 175 176 177 178 185 187 189
76 4 5 8 10 11 14 16 24 25 29 36 40 52 55 60 63 65 75 78 80 82 84 87 88 94 96 109 114 117 124 130 136 137 140 141 144 145 146 147 148 158 160 175 178 184 186
77 0 2 14 17 25 37 38 42 43 49 51 56 57 61 68 78 86 88 94 101 107 118 120 126 127 138 149 150 162 163 164 168 178 179 188
78 1 4 5 7 13 21 33 37 42 45 46 49 57 68 76 77 83 87 88 95 98 99 100 101 104 105 107 115 117 118 122 124 128 130 131 143 146 151 157 160 168 169 171 173 174 178 179 181 190
79 2 6 7 9 11 18 19 25 30 34 35 36 51 58 59 61 62 72 74 85 88 91 98 106 107 109 110 113 115 116 121 124 129 133 134 135 137 138 140 141 143 148 150 153 155 156 157 158 163 164 168 180 182 185 190
80 2 9 19 22 24 28 29 32 38 40 43 50 61 62 71 76 85 93 94 96 97 99 106 107 112 116 118 120 122 130 135 138 139 142 145 146 149 153 155 157 165 168 174 185 188 189
81 0 4 11 12 13 19 29 30 33 37 39 40 47 62 69 97 101 104 108 114 126 132 135 136 138 142 147 148 149 153 164 166 172 178 183 190
82 8 13 24 32 34 41 43 45 48 57 61 62 64 66 67 75 76 84 91 96 99 103 111 113 120 123 126 135 136 138 143 145 147 148 161 169 183 185 190
83 2 4 9 17 24 31 32 33 35 46 66 78 84 85 86 88 90 91 93 96 100 101 104 122 123 124 129 130 134 139 143 148 150 155 164 169 173 179 182 185 188 189 190
84 12 14 16 21 30 41 43 56 57 58 59 62 63 71 73 76 82 83 90 92 98 113 117 120 123 126 127 133 145 147 151 162 176 177 189
85 1 6 7 12 13 18 19 21 23 27 28 29 34 38 40 61 64 66 79 80 83 90 95 110 117 119 124 126 135 140 142 145 157 159 172 186 189 190
86 5 6 7 8 9 12 13 21 32 42 46 48 75 77 83 87 88 91 92 93 97 114 115 117 119 130 135 141 142 148 155 166 177 182 186
87 0 3 7 8 9 11 12 14 18 29 30 36 41 42 43 44 46 51 53 57 58 59 62 66 68 69 72 74 76 78 86 101 104 105 107 109 123 124 130 133 136 138 142 152 157 158 161 168 169 173 176 180 184 186 188 190
88 0 1 6 10 11 21 39 41 49 51 53 54 55 59 61 62 64 71 73 76 77 78 79 83 86 93 94 96 102 107 109 117 120 121 123 124 125 129 131 132 135 137 138 146 148 149 153 157 169 182
89 7 11 16 22 27 30 32 37 45 46 49 54 60 65 71 74 90 91 93 97 98 104 105 110 117 123 125 135 137 139 153 154 155 163 165 166 169 171 188 189
90 3 24 32 34 35 40 42 52 54 56 58 68 70 83 84 85 89 104 108 109 113 118 120 123 124 125 128 132 135 139 143 145 151 156 161 164 168 173 175 177 179 180 188 190
91 2 15 18 20 25 31 45 47 56 60 70 74 79 82 83 86 89 93 96 97 106 110 118 119 121 123 125 136 138 143 157 161 172 180 185 186 188
92 7 25 26 27 30 31 34 46 47 60 61 62 63 70 71 72 84 86 94 102 106 107 111 117 118 124 125 132 133 134 150 154 159 161 179 186 187 188 189 190
93 6 10 11 13 14 18 33 39 41 47 49 50 53 54 55 58 62 68 70 75 80 83 86 88 89 91 96 97 106 112 113 115 116 126 127 128 130 138 140 142 148 151 152 156 163 169 175 179 188 189 190
94 3 6 8 12 15 16 19 26 29 40 53 54 59 66 68 74 76 77 80 88 92 115 121 127 142 148 150 161 165 171 172 175 179 183 184 186 188
95 0 2 6 8 10 12 23 25 27 28 29 43 44 46 53 56 58 62 63 74 78 85 108 109 110 117 119 120 125 127 129 140 147 149 155 172 176 189
96 3 7 12 15 22 29 32 38 43 47 49 55 56 62 66 67 68 76 80 82 83 88 91 93 98 99 105 109 135 142 143 162 169 171 174 177 180 184 185 187
97 4 8 12 15 18 24 26 27 33 47 58 60 61 67 72 75 80 81 86 89 91 93 101 103 106 133 134 135 138 140 141 142 143 149 152 158 159 162 173 175 177 181 182 190
98 5 10 16 18 20 21 22 24 28 32 33 40 44 51 52 53 57 58 63 65 66 74 78 79 84 89 96 99 102 104 106 111 120 124 132 134 139 140 141 144 149 150 151 153 163 166 168 170 171 174 183 186 187
99 4 5 8 9 23 26 30 31 37 40 46 53 55 61 78 80 82 96 98 101 102 103 111 112 120 126 127 132 136 141 143 150 153 171 177 178 181
100 12 13 14 20 25 29 32 33 38 41 43 44 49 53 54 57 58 65 69 71 78 83 103 104 105 107 119 120 130 131 133 138 141 146 151 155 163 165 166 178 179 180 190
101 1 5 8 13 19 21 22 26 29 31 34 35 46 47 49 56 59 62 63 64 67 69 73 77 78 81 83 87 97 99 102 105 118 119 132 133 139 142 152 157 166 170 173 176 177 183
102 2 15 20 27 34 35 52 57 58 60 66 88 92 98 99 101 115 123 125 127 131 135 141 144 147 150 153 156 157 160 161 175 179 180 183 190
103 3 5 7 9 23 39 46 48 50 51 56 57 73 82 97 99 100 104 107 114 125 128 135 137 140 145 147 149 157 160 166 172 179 184 186
104 0 5 6 17 22 23 27 29 35 36 39 46 47 49 65 67 71 78 81 83 87 89 90 98 100 103 107 131 137 141 145 147 151 152 154 160 163 173 174 176 177 184 189
105 0 5 7 15 16 24 25 29 32 34 39 49 65 78 87 89 96 100 101 120 121 124 127 128 137 144 147 148 152 168 170 173 179 180 181 186 188 189
106 0 4 13 14 16 17 22 27 29 30 35 37 46 47 54 56 66 69 74 79 80 91 92 93 97 98 116 117 122 124 127 128 158 170 180 186 188
107 2 8 9 11 12 21 22 23 34 48 51 52 54 56 62 65 66 69 71 77 78 79 80 87 88 92 100 103 104 109 110 112 113 120 121 123 125 129 140 152 153 165 166 168 179 184
108 5 6 10 18 30 35 41 55 56 71 73 75 81 90 95 117 120 124 126 129 134 141 144 146 149 161 162 181 183 188
109 4 9 10 11 24 31 34 44 56 66 69 71 72 76 79 87 88 90 95 96 107 120 124 129 131 133 136 141 153 156 158 161 162 168
110 7 29 48 51 57 65 70 72 74 79 85 89 91 95 107 111 113 115 118 124 128 133 136 144 147 151 152 158 161 164 166 167 168 171 175 176 182 183 184
111 3 8 9 12 14 16 17 20 21 23 26 27 37 46 50 52 56 58 59 62 63 66 69 72 82 92 98 99 110 114 117 119 129 130 135 136 138 143 145 147 150 152 161 163 168 171 172 175 176 179 182 187 188
112 1 3 13 17 18 21 25 27 30 34 43 45 47 48 49 80 93 99 107 113 116 119 120 123 128 130 132 137 139 140 143 146 148 150 151 152 156 161 168 169 179 184 185 188
113 4 23 27 38 41 43 46 53 56 66 73 74 79 82 84 90 93 107 110 112 115 118 128 130 131 132 137 140 141 144 160 163 168 172 176 182 189
114 2 6 10 11 20 23 26 31 32 35 41 45 50 51 60 73 76 81 86 103 111 123 124 128 132 141 145 156 159 162 163 164 167 168 169 172 175 177 178 183 184 185 188
115 2 4 15 16 22 23 25 28 32 33 42 43 52 61 62 63 72 78 79 86 93 94 102 110 113 116 117 123 125 126 128 134 138 140 141 142 145 148 150 154 167 171 179 182 189
116 4 9 19 24 31 36 38 46 50 58 62 64 75 79 80 93 106 112 115 123 126 127 133 134 138 143 144 148 157 161 162 173 177 190
117 18 24 30 38 45 47 48 60 61 66 76 78 84 85 86 88 89 92 95 106 108 111 115 124 129 130 136 137 141 150 164 165 171 172 179
118 7 8 11 16 19 24 31 32 33 34 35 38 41 49 53 59 64 65 66 70 73 74 77 78 80 90 91 92 101 110 113 121 122 125 135 153 154 162 163 168 171 179 180 184 190
119 7 11 20 22 31 35 39 41 42 52 57 58 63 65 67 85 86 91 95 100 101 111 112 121 133 136 141 144 149 157 158 165 167 171 173 177 184 185 190
120 0 6 11 13 16 28 29 46 47 49 50 54 55 56 61 65 68 72 73 75 77 80 82 84 88 90 95 98 99 100 105 107 108 109 112 125 130 132 134 144 149 153 154 157 158 164 170 177 184 186 190
121 4 11 16 19 22 24 25 29 30 33 34 36 37 39 42 45 50 53 56 57 69 79 88 91 94 105 107 118 119 134 135 137 140 153 154 155 159 164 165 173 178
122 2 4 5 6 13 16 28 29 30 36 47 48 49 50 60 62 63 65 78 80 83 106 118 128 132 133 149 151 153 157 158 159 164 175 179 181 189
123 2 8 16 20 23 29 37 55 57 59 66 75 82 83 84 87 88 89 90 91 102 107 112 114 115 116 124 125 131 134 140 155 158 160 163 171 190
124 9 13 18 22 26 29 31 38 40 45 46 51 52 56 57 61 62 65 70 75 76 78 79 83 85 87 88 90 92 98 105 106 108 109 110 114 117 123 125 137 139 143 144 145 147 149 151 161 167 173 174 175 179
125 0 1 3 5 7 15 24 27 31 42 55 65 68 75 88 89 90 91 92 95 102 103 107 115 118 120 123 124 138 139 148 156 172 173 178 181 183 185 186 188
126 1 19 21 22 27 30 31 38 44 50 51 55 60 62 64 67 74 75 77 81 82 84 85 93 99 108 115 116 129 130 139 140 142 150 160 162 166 173 178 180 185 188
127 5 9 15 19 23 35 37 47 49 53 55 59 75 77 84 93 94 95 99 102 105 106 116 128 129 133 140 142 143 145 146 150 158 161 165 166 167 170 180 183
128 4 5 7 13 14 16 19 24 25 28 30 34 37 38 43 44 51 69 72 78 90 93 103 105 106 110 112 113 114 115 122 127 130 132 143 144 146 159 160 162 172 175 176 183 187 188 190
129 12 17 18 19 23 24 31 34 45 47 49 51 52 55 56 60 63 68 69 79 83 88 95 107 108 109 111 117 126 127 136 141 142 144 152 153 159 161 163 170 178 180 184 185 190
130 3 10 16 20 21 28 30 31 33 37 41 43 49 60 62 63 76 78 80 83 86 87 93 100 111 112 113 117 120 126 128 138 141 143 147 152 158 167 170 175 180 181 182 183 184
131 3 7 8 11 23 25 35 37 47 50 51 53 54 55 61 71 78 88 100 102 104 109 113 123 133 138 139 141 142 145 149 153 168 170 172 173 180 188
132 2 4 13 14 22 24 30 35 46 51 53 57 58 63 70 74 81 88 90 92 98 99 101 112 113 114 120 122 128 136 139 140 146 156 159 162 166 169 173 175 176 177 179 183 186 189
133 5 27 33 36 37 52 56 58 66 67 68 69 79 84 87 92 97 100 101 109 110 116 119 122 127 131 134 135 139 143 145 146 149 154 156 160 162 163 166 169 170 173 174 175 180 185
134 5 8 9 10 14 16 21 25 27 30 31 35 36 39 41 42 43 46 48 62 65 72 74 79 83 92 97 98 108 115 116 120 121 123 133 136 137 140 142 153 158 165 169 182
135 2 11 12 25 26 27 38 44 46 49 51 61 62 69 71 79 80 81 82 85 86 88 89 90 96 97 102 103 111 118 121 133 142 144 147 148 161 168 169 172 178 179 188
136 2 11 12 16 32 33 36 38 42 51 54 56 60 76 81 82 87 91 99 109 110 111 117 119 129 132 134 137 140 144 145 150 154 155 159 164 165 175 177 180 184 185 186 189
137 6 10 11 12 15 19 21 22 41 57 75 76 79 88 89 103 104 105 112 113 117 121 124 134 136 143 147 154 155 158 161 177 180 181
138 6 8 11 14 16 24 31 32 33 34 35 36 40 48 53 59 62 66 68 77 79 80 81 82 87 88 91 93 97 100 111 115 116 125 130 131 140 147 148 149 156 160 162 166 167 171 173 176 179 184 185
139 0 5 9 12 13 19 22 27 33 34 38 40 41 44 57 58 59 65 80 83 89 90 98 101 112 124 125 126 131 132 133 142 149 168 184 187
140 4 5 13 15 20 22 26 33 36 51 52 54 56 60 63 69 76 79 85 93 95 97 98 103 107 112 113 115 121 123 126 127 132 134 136 138 141 142 144 159 167 175
141 2 10 11 13 22 26 29 30 32 54 57 64 65 68 73 75 76 79 86 97 98 99 100 102 104 108 109 113 114 115 117 119 129 130 131 140 142 146 150 159 165 169 173 175 178 190
142 2 5 6 7 10 11 13 15 20 35 38 39 47 48 50 51 54 56 61 62 66 68 69 80 81 85 86 87 93 94 96 97 101 115 126 127 129 131 134 135 139 140 141 151 152 166 173 176 179 181 183 190
143 5 11 19 20 21 29 32 33 35 59 61 64 70 78 79 82 83 90 91 96 97 99 111 112 116 124 127 128 130 133 137 151 154 155 161 162 164 171 177
144 0 4 5 8 9 39 43 47 48 56 61 62 66 70 71 74 75 76 98 102 105 108 110 113 116 119 120 124 128 129 135 136 140 148 159 164 168 178 187 190
145 9 17 27 28 33 44 48 54 68 74 76 80 82 84 85 90 103 104 111 114 115 124 127 131 133 136 148 150 155 159 160 163 168 170 181
146 1 2 4 13 18 20 25 27 33 43 49 71 76 78 80 88 100 108 112 127 128 132 133 141 147 152 153 155 157 161 167 168 169 172 176 185 186 188 190
147 14 15 17 23 25 30 38 52 56 57 59 62 70 71 76 81 82 84 95 102 103 104 105 110 111 124 130 135 137 138 146 149 156 157 159 167 171 172 180 188 190
148 5 14 15 23 28 30 32 34 38 44 45 47 53 59 63 68 76 79 81 82 83 86 88 93 94 105 112 115 116 125 135 138 144 145 151 152 154 157 160 166 169 172 173 175 180 181 184 187
149 0 1 19 21 23 28 31 32 35 43 45 64 65 68 69 77 80 81 88 95 97 98 103 108 119 120 122 124 131 133 138 139 147 152 156 157 161 162 163 165 167 171 172 176 180 181 185
150 1 4 7 12 18 23 25 32 34 37 42 47 52 53 59 70 71 77 79 83 92 94 98 99 102 111 112 115 117 126 127 136 141 145 152 161 162 166 169 172 181 188
151 0 5 15 18 19 26 31 41 45 55 63 64 65 72 75 78 84 90 93 98 100 104 110 112 122 124 142 143 148 152 182 188 189
152 3 13 14 21 24 27 28 40 55 59 68 73 87 93 97 101 104 105 107 110 111 112 129 130 142 146 148 149 150 151 155 157 159 163 173 175 177 184 188 189
153 3 13 18 27 29 35 37 41 46 51 56 70 74 79 80 81 88 89 98 99 102 107 109 118 120 121 122 129 131 134 146 160 161 162 174 179 183 187
154 8 10 15 20 21 22 25 35 39 40 51 61 63 65 68 72 89 92 104 115 118 120 121 133 136 137 143 148 155 160 162 163 171 174 175 176 177 182
155 2 7 10 11 18 20 21 33 35 37 40 45 58 59 63 68 72 79 80 83 86 89 95 100 121 123 136 137 143 145 146 152 154 156 159 162 167 170 171 175 177 178 179 183 186 188 190
156 1 3 11 13 17 20 23 40 41 42 53 56 63 64 68 75 79 90 93 102 109 112 114 125 132 133 138 147 149 155 158 160 161 169 173 174 176 177 178 182 184
157 1 8 11 19 23 26 29 35 38 44 47 59 69 70 78 79 80 85 87 88 91 101 102 103 116 119 120 122 146 147 148 149 152 160 167 178 182 190
158 5 6 10 11 12 17 23 26 31 34 38 39 44 45 57 60 67 73 75 76 79 87 97 106 109 110 119 120 122 123 127 130 134 137 156 159 160 167 171 174 183
159 9 23 33 38 46 47 49 50 54 58 85 92 97 114 121 122 128 129 132 136 140 141 144 145 147 152 155 158 160 162 175 176 178 180 184 186
160 3 4 15 18 20 27 29 41 49 53 64 65 68 69 71 73 76 78 102 103 104 113 123 126 128 133 138 145 148 153 154 156 157 158 159 172 175 180
161 7 10 11 18 23 25 31 33 35 39 42 48 53 57 58 61 63 65 70 73 74 82 87 90 91 92 94 102 108 109 110 111 112 116 124 127 129 135 137 143 146 149 150 153 156 162 166 175 177 179
162 19 21 26 30 36 45 46 51 55 56 59 65 67 68 69 72 74 75 77 84 96 97 108 109 114 116 118 126 128 132 133 138 143 149 150 153 154 155 159 161 173 182 183
163 0 4 14 16 17 26 27 28 29 46 49 53 54 59 62 77 79 89 93 98 100 104 111 113 114 118 123 129 133 145 149 152 154 172 181 183 188 190
164 5 19 24 34 44 45 51 54 58 67 68 77 79 81 83 90 110 114 117 120 121 122 136 143 144 165 168 172 175 178 179 184
165 8 11 30 40 44 45 52 53 55 56 62 66 69 80 89 94 100 107 117 119 121 127 134 136 141 149 164 168 176 178 185 189
166 1 20 21 28 29 31 47 53 56 61 63 70 71 74 81 86 89 98 100 101 103 107 110 126 127 132 133 138 142 148 150 161 167 169 182
167 1 2 4 11 13 22 24 26 27 31 38 40 41 43 47 49 50 51 54 62 68 72 74 110 114 115 119 124 127 130 138 140 146 147 149 155 157 158 166 168 180 185 189
168 0 1 5 13 17 18 19 27 29 39 41 42 43 44 48 50 56 60 70 71 75 77 78 79 80 87 90 98 105 107 109 110 111 112 113 114 118 131 135 139 144 145 146 164 165 167 175 180 184 186
169 1 5 22 35 37 41 44 46 57 59 61 62 72 78 82 83 87 88 89 93 96 112 114 132 133 134 135 141 146 148 150 156 166 172 175 180 182 187
170 4 6 16 17 22 24 25 32 34 41 45 50 56 57 59 62 64 66 68 74 98 101 105 106 120 127 129 130 131 133 145 155 171 180 183 190
171 9 10 11 14 18 19 23 31 33 38 39 43 45 57 63 69 74 75 78 89 94 96 98 99 110 111 115 117 118 119 123 138 143 147 149 154 155 158 170 172 189
172 0 16 20 25 27 34 35 42 43 45 46 48 49 50 55 57 58 64 66 68 69 70 81 85 91 94 95 103 111 113 114 117 125 128 131 135 146 147 148 149 150 160 163 164 169 171 185 186
173 16 19 21 22 30 32 36 40 41 43 46 49 54 55 63 75 78 83 87 90 97 101 104 105 116 119 121 124 125 126 131 132 133 138 141 142 148 152 156 162 178 189
174 7 9 23 25 31 34 36 37 39 52 56 57 61 62 64 65 73 78 80 96 98 104 124 133 153 154 156 158 178 179 183 188 190
175 6 7 8 10 16 17 19 21 35 40 63 67 71 72 75 76 90 93 94 97 102 110 111 114 122 124 128 130 132 133 136 140 141 148 152 154 155 159 160 161 164 168 169 176
176 0 4 5 6 9 17 18 19 24 25 28 37 41 45 62 67 74 75 84 87 95 101 104 110 111 113 128 132 138 142 146 149 154 156 159 165 175 182 184
177 1 2 11 12 16 27 28 29 32 38 41 52 65 71 74 75 84 86 90 96 97 99 101 104 114 116 119 120 132 136 137 143 152 154 155 156 161 181
178 1 6 7 9 10 14 20 22 27 33 40 53 54 66 69 70 74 75 76 77 78 81 99 100 114 121 125 126 129 135 141 144 155 156 157 159 164 165 173 174 187
179 3 4 22 24 25 29 32 33 34 35 38 40 43 51 53 56 62 77 78 83 90 92 93 94 100 102 103 105 107 111 112 115 117 118 122 124 132 135 138 142 153 155 161 164 174 180 185
180 5 7 12 13 24 26 28 32 33 36 37 50 51 52 57 61 64 71 74 79 87 90 91 96 100 102 105 106 118 126 127 129 130 131 133 136 137 147 148 149 159 160 167 168 169 170 179
181 3 14 21 23 28 34 37 42 45 46 50 53 58 63 64 71 78 97 99 105 108 122 125 130 137 142 145 148 149 150 163 177 189
182 1 2 3 7 8 11 12 31 35 45 48 54 63 66 73 79 83 86 88 97 110 111 113 115 130 134 151 154 156 157 162 166 169 176 184 189
183 6 9 10 12 14 16 18 20 31 32 33 36 38 39 48 57 59 63 64 68 73 81 82 94 98 101 102 108 110 114 125 127 128 130 132 142 153 155 158 162 163 170 174 185 188 190
184 5 17 19 24 25 39 44 53 60 68 74 76 87 94 96 103 104 107 110 112 114 118 119 120 129 130 136 138 139 148 152 156 159 164 168 176 182 187
185 1 4 5 18 22 26 33 34 40 44 49 50 51 57 58 66 75 79 80 82 83 91 96 112 114 119 125 126 129 133 136 138 146 149 165 167 172 179 183 186 189 190
186 2 6 7 25 41 43 45 46 47 55 58 59 62 64 65 66 67 69 71 76 85 86 87 91 92 94 98 103 105 106 120 125 132 136 146 155 159 168 172 185
187 6 9 12 17 34 38 40 44 46 49 57 60 63 67 69 71 75 92 96 98 111 128 139 144 148 153 169 178 184 188
188 17 19 26 37 41 48 54 57 74 77 80 83 87 89 90 91 92 93 94 105 106 108 111 112 114 125 126 128 131 135 146 147 150 151 152 155 163 174 183 187 189
189 7 10 11 13 17 18 24 25 33 34 35 40 47 50 61 66 68 75 80 83 84 85 89 92 93 95 104 105 113 115 122 132 136 151 152 165 167 171 173 181 182 185 188
190 3 16 18 19 31 36 39 41 42 46 60 78 79 81 82 83 85 87 90 92 93 97 100 102 116 118 119 120 123 128 129 141 142 144 146 147 155 157 163 170 174 183 185
