43 228
0 5 9 14 19 20 26 27 37 39
1 2 3 4 8 18 20 21 25 26 28 29 31 33 34 36
2 1 5 10 11 13 17 18 20 27 28 31 34 38
3 1 10 21 23 24 26 27 29 34 36 38 39
4 1 16 22 28 38 40
5 0 2 6 10 15 17 18 20 23 24 29 31 35 41
6 5 17 20 23 26 32
7 11 12 17 20 23 24 26 33 34 41 42
8 1 18 23 24 27 28 33 40
9 0 11 12 19 23 33 37 38 42
10 2 3 5 14 16 18 19 22 25 27 29 38 40 42
11 2 7 9 19 20 22 35 38 41 42
12 7 9 25 28 30 35 39 42
13 2 15 20 31
14 0 10 15 16 17 20 32 34 36 39
15 5 13 14 22 23 25 27 28 29 30 31 33
16 4 10 14 26 27 34 38 40 41
17 2 5 6 7 14 27 38
18 1 2 5 8 10 21 28 31 35 39 40
19 0 9 10 11 26 27 36 38 41 42
20 0 1 2 5 6 7 11 13 14 24 26 27 30 35 38 40 42
21 1 3 18 24 25 27 29 36 37 39 42
22 4 10 11 15 31 37
23 3 5 6 7 8 9 15 29 32 38
24 3 5 7 8 20 21 26 27 30 31 36 37
25 1 10 12 15 21 27 28 32 36 39
26 0 1 3 6 7 16 19 20 24 27 33 34 38 41
27 0 2 3 8 10 15 16 17 19 20 21 24 25 26 30 32 36 40 42
28 1 2 4 8 12 15 18 25 30 32 34
29 1 3 5 10 15 21 23 30 31 38 39 40
30 12 15 20 24 27 28 29 38 40 41
31 1 2 5 13 15 18 22 24 29
32 6 14 23 25 27 28 37
33 1 7 8 9 15 26 36 38 39 40
34 1 2 3 7 14 16 26 28 40 42
35 5 11 12 18 20 42
36 1 3 14 19 21 24 25 27 33 40 42
37 0 9 21 22 24 32 42
38 2 3 4 9 10 11 16 17 19 20 23 26 29 30 33 39
39 0 3 12 14 18 21 25 29 33 38 40 41
40 4 8 10 16 18 20 27 29 30 33 34 36 39 42
41 5 7 11 16 19 26 30 39 42
42 7 9 10 11 12 19 20 21 27 34 35 36 37 40 41
