27 93
0 4 5 6 8
1 3 9 10 15 19 24
2 3 6 8 9 21 26
3 1 2 16 17 25 26
4 0 11 15 23 24 25 26
5 0 6 7 9 14 15 19
6 0 2 5 7 9 14 15 20 23 26
7 5 6 23 26
8 0 2 12 14 15 17 22 25
9 1 2 5 6 16 20 23 25
10 1 11 13 15 16 18 22 26
11 4 10 15 16 23
12 8 14 16 17 18 20 22 24
13 10 14 20 21
14 5 6 8 12 13 24
15 1 4 5 6 8 10 11 17 18 19 21 25
16 3 9 10 11 12 23 26
17 3 8 12 15 22 24
18 10 12 15 25 26
19 1 5 15 21 22
20 6 9 12 13 21 22 23
21 2 13 15 19 20 22 23
22 8 10 12 17 19 20 21 23
23 4 6 7 9 11 16 20 21 22
24 1 4 12 14 17 26
25 3 4 8 9 15 18 26
26 2 3 4 6 7 10 16 18 24 25
