99 365
0 3 11 20 22 27 59 87 91
1 13 17 23 42 84 92 94
2 6 18 50 52 78 79 87
3 0 13 26 29 35 49 59
4 9 12 29 61 69 81 86 88 95 97
5 16 24 36 40 53 61 65 88
6 2 22 24 48 79
7 15 24 92 93
8 13 24 25 40 89
9 4 28 29 31 68 78 79 82 89
10 14 22 40 74 85 89 95
11 0 15 31 36 46 55 64 84
12 4 25 30 47 48 49 72 86 95
13 1 3 8 49 55 57 59 62 95
14 10 16 24 37 41 74 75 85 91 92 93
15 7 11 18 33 49 65
16 5 14 18 25 34 38 39 81
17 1 30 42 81
18 2 15 16 22 23 25 47 53 62 63
19 31 51 64 66 67 78
20 0 28 48 50 57 75 79
21 23 28 33 66 68 80
22 0 6 10 18 31 36 39 68 94
23 1 18 21 28 37 39 47 63 78 92 95
24 5 6 7 8 14 31 40 59 63 65 84 89
25 8 12 16 18 43 47 52 55 68
26 3 27 36 50 57
27 0 26 32 33 65 76 87 92
28 9 20 21 23 30 58 68 73 77 79 89
29 3 4 9 48 49 68 72 73 89
30 12 17 28 37 43 46 48 60 86
31 9 11 19 22 24 51 67 72 74
32 27 33 39 66 75 78 82 92 96
33 15 21 27 32 49 74 81 94
34 16 51 53 58 91
35 3 41 50 51 59 88 95
36 5 11 22 26 53 61 64 67 72 76 78 82 84
37 14 23 30 40 41 47 69 77 79 82 84 95 96
38 16 42 49 56 61 68 88
39 16 22 23 32 44 68
40 5 8 10 24 37 96
41 14 35 37 53 72 76 94
42 1 17 38 50 68 93
43 25 30 46 78
44 39 58 79 83
45 78 85 86 90
46 11 30 43 48
47 12 18 23 25 37 91
48 6 12 20 29 30 46 54 55 59 65 74 78 79 84 93
49 3 12 13 15 29 33 38 51 61 84 86 91
50 2 20 26 35 42 58 62 73 86
51 19 31 34 35 49 52 56 71 76 81 89 92
52 2 25 51 74 80 84 96
53 5 18 34 36 41 64 73 86 93
54 48 60 72 73 75 88
55 11 13 25 48 62
56 38 51 62
57 13 20 26 62 71 79 81 85 90
58 28 34 44 50 90
59 0 3 13 24 35 48 60 66 71 80 82 96
60 30 54 59
61 4 5 36 38 49
62 13 18 50 55 56 57 65
63 18 23 24 68 77 94
64 11 19 36 53 67 82 97
65 5 15 24 27 48 62 71 86 91 96
66 19 21 32 59 68 84
67 19 31 36 64 95
68 9 21 22 25 28 29 38 39 42 63 66 76 95
69 4 37 72 79 85 94
70 77
71 51 57 59 65 79
72 12 29 31 36 41 54 69 76
73 28 29 50 53 54 81 83
74 10 14 31 33 48 52 97
75 14 20 32 54 85
76 27 36 41 51 68 72 85 96
77 28 37 63 70 82 98
78 2 9 19 23 32 36 43 45 48
79 2 6 9 20 28 37 44 48 57 69 71 93
80 21 52 59 89
81 4 16 17 33 51 57 73
82 9 32 36 37 59 64 77 84
83 44 73 98
84 1 11 24 36 37 48 49 52 66 82 94
85 10 14 45 57 69 75 76 95
86 4 12 30 45 49 50 53 65 87
87 0 2 27 86
88 4 5 35 38 54 90
89 8 9 10 24 28 29 51 80
90 45 57 58 88 95
91 0 14 34 47 49 65 94
92 1 7 14 23 27 32 51 97
93 7 14 42 48 53 79 96
94 1 22 33 41 63 69 84 91
95 4 10 12 13 23 35 37 67 68 85 90
96 32 37 40 52 59 65 76 93
97 4 64 74 92
98 77 83
