60 522
0 5 6 8 10 13 19 20 21 22 23 26 27 28 30 34 35 39 40 45 46 49 50 52 53 58
1 2 10 12 16 17 18 21 24 29 30 31 33 34 39 43 44 46 50 56
2 1 14 22 26 31 32 34 36 38 40 44 48 50 55
3 4 7 14 15 16 17 19 20 26 28 29 32 35 39 40 42 43 55 57 59
4 3 11 16 17 22 28 29 33 36 39 43 44 55 58
5 0 7 21 25 29 33 34 36 37 40 41 42 48 54 55 57
6 0 7 8 9 12 15 18 21 24 28 35 37 52 54 56 58
7 3 5 6 12 14 16 18 20 22 26 28 35 36 37 38 40 43 48 49 51 55
8 0 6 12 16 30 34 35 43 49 54 57
9 6 18 20 21 29 30 36 37 38 44 45 46 47 53 55
10 0 1 15 21 26 27 32 37 43 56
11 4 12 18 19 26 31 35 37 38 51 53 55
12 1 6 7 8 11 14 15 16 20 25 33 34 36 38 40 46 50 54 57 58 59
13 0 16 26 27 28 34 41 44 45 47 48 51 53 54 56
14 2 3 7 12 16 24 26 27 29 31 32 35 42 43 44 45 49 51 52 56
15 3 6 10 12 20 21 23 26 34 35 44 45 48 53 55 58
16 1 3 4 7 8 12 13 14 21 24 28 29 30 42 43 44 45 54
17 1 3 4 21 25 44 47 48 51 53 56 58
18 1 6 7 9 11 19 26 28 30 33 39 40 43 44 47 49 50 52 55 58
19 0 3 11 18 22 28 31 38 42 47 51 54 59
20 0 3 7 9 12 15 21 23 25 27 32 39 40 41 47 56 58 59
21 0 1 5 6 9 10 15 16 17 20 24 25 29 30 35 36 38 39 40 42 53 54 57 59
22 0 2 4 7 19 29 31 32 34 36 38 48 49 52 54 55
23 0 15 20 28 30 36 39 46 48 49 51 52 59
24 1 6 14 16 21 26 27 30 34 35 36 39 41 43 46 47 49 50 52 54 56 57 58 59
25 5 12 17 20 21 26 38 41 44 45 49 51 53 57
26 0 2 3 7 10 11 13 14 15 18 24 25 29 31 32 39 46 47 57 59
27 0 10 13 14 20 24 36 37 38 41 48
28 0 3 4 6 7 13 16 18 19 23 39 45 49 51 56
29 1 3 4 5 9 14 16 21 22 26 35 37 38 41 46 50 56 58
30 0 1 8 9 16 18 21 23 24 35 36 38 41 42 43 44 46 48 50 51 52 53 56
31 1 2 11 14 19 22 26 32 34 37 39 40 43 44 46 48 49 53 54
32 2 3 10 14 20 22 26 31 34 35 38 39 42 48 49 50 56 58
33 1 4 5 12 18 34 39 45 46 49 51 56 57
34 0 1 2 5 8 12 13 15 22 24 31 32 33 36 38 41 43 50 54 57 59
35 0 3 6 7 8 11 14 15 21 24 29 30 32 36 40 49 52 54
36 2 4 5 7 9 12 21 22 23 24 27 30 34 35 38 43 45 47 52 53 55 57
37 5 6 7 9 10 11 27 29 31 39 40 41 42 45 47 51
38 2 7 9 11 12 19 21 22 25 27 29 30 32 34 36 39 41 42 45 48 52 54
39 0 1 3 4 18 20 21 23 24 26 28 31 32 33 37 38 42 43 47 48 50 51 52
40 0 2 3 5 7 12 18 20 21 31 35 37 41 56 58
41 5 13 20 24 25 27 29 30 34 37 38 40 42 43 52 54 59
42 3 5 14 16 19 21 30 32 37 38 39 41 43 48 49 52 55 57 58
43 1 3 4 7 8 10 14 16 18 24 30 31 34 36 39 41 42 44 45 48 49 52 54 59
44 1 2 4 9 13 14 15 16 17 18 25 30 31 43 48 49 54 59
45 0 9 13 14 15 16 25 28 33 36 37 38 43 47 48 52 53 54
46 0 1 9 12 23 24 26 29 30 31 33 53 57
47 9 13 17 18 19 20 24 26 36 37 39 45 51 54 59
48 2 5 7 13 15 17 22 23 27 30 31 32 38 39 42 43 44 45 53 55
49 0 7 8 14 18 22 23 24 25 28 31 32 33 35 42 43 44 51 52 58 59
50 0 1 2 12 18 24 29 30 32 34 39 54
51 7 11 13 14 17 19 23 25 28 30 33 37 39 47 49 52 53 55
52 0 6 14 18 22 23 24 30 35 36 38 39 41 42 43 45 49 51
53 0 9 11 13 15 17 21 25 30 31 36 45 46 48 51 54 55 56 57
54 5 6 8 12 13 16 19 21 22 24 31 34 35 38 41 43 44 45 47 50 53
55 2 3 4 5 7 9 11 15 18 22 36 42 48 51 53 56 58 59
56 1 6 10 13 14 17 20 24 28 29 30 32 33 40 53 55
57 3 5 8 12 21 24 25 26 33 34 36 42 46 53 59
58 0 4 6 12 15 17 18 20 24 29 32 40 42 49 55
59 3 12 19 20 21 23 24 26 34 41 43 44 47 49 55 57
