31 156
0 1 9 10 12 13 20 22 23 25 30
1 0 3 5 10 13 27 28 30
2 6 8 10 12 17 20 21 24 26 28
3 1 11 14 15 16 18 19 21 22 23 26 27 28
4 9 14 15 20 27
5 1 7 9 12 14 15 17 19 21 24 27 28 30
6 2 7 8 9 10 11 12 13 15 20 22 23 26
7 5 6 9 12 14 17 21 27 28
8 2 6 16 23 24 25 26 27 30
9 0 4 5 6 7 11 15 19 21 25 26 27 30
10 0 1 2 6 12 15 25 26 29 30
11 3 6 9 12 18 22 29
12 0 2 5 6 7 10 11 13 17 21 23 25 28 29 30
13 0 1 6 12 14 15 18 22 24 28
14 3 4 5 7 13 17 19
15 3 4 5 6 9 10 13 18 20 22 23 27 29 30
16 3 8 20 26
17 2 5 7 12 14 18 20 26 30
18 3 11 13 15 17 20 23 28
19 3 5 9 14 25 26 27 28
20 0 2 4 6 15 16 17 18 22 25 26
21 2 3 5 7 9 12 22 25 26 27 30
22 0 3 6 11 13 15 20 21 25 27 30
23 0 3 6 8 12 15 18 25 26 30
24 2 5 8 13 30
25 0 8 9 10 12 19 20 21 22 23 28 30
26 2 3 6 8 9 10 16 17 19 20 21 23 30
27 1 3 4 5 7 8 9 15 19 21 22
28 1 2 3 5 7 12 13 18 19 25 29
29 10 11 12 15 28 30
30 0 1 5 8 9 10 12 15 17 21 22 23 24 25 26 29
