33 171
0 9 10 18 19 20 21 26 30
1 6 12 14 16 19 20 22 24 27 29 31
2 4 7 15 16 20 23 26 27 28
3 7 11 12 14 18 22 24 28 29
4 2 8 9 10 15 16 20 23 25 30 31
5 7 9 10 11 15 22 25 26 29 30
6 1 8 9 11 13 14 18 20 25 31 32
7 2 3 5 10 12 18 22 25 27 28 30
8 4 6 9 11 16 18 21 24 27 28 31
9 0 4 5 6 8 13 15 16 17 19 21 22 27 29 30
10 0 4 5 7 14 16 20 29
11 3 5 6 8 13 24 26 28 31
12 1 3 7 15 19 23 25
13 6 9 11 14 15 16 20 23 25
14 1 3 6 10 13 15 16 17 19 25
15 2 4 5 9 12 13 14 17 19 21 23 24 25 29 31
16 1 2 4 8 9 10 13 14 17 19 20 29 32
17 9 14 15 16 19 21 24 27 29 31
18 0 3 6 7 8 24 26
19 0 1 9 12 14 15 16 17 23 25 26 28
20 0 1 2 4 6 10 13 16 25 32
21 0 8 9 15 17 22 30 31
22 1 3 5 7 9 21 23 26 27 29 31 32
23 2 4 12 13 15 19 22 26 27 32
24 1 3 8 11 15 17 18 27 30 32
25 4 5 6 7 12 13 14 15 19 20 27 30
26 0 2 5 11 18 19 22 23 30
27 1 2 7 8 9 17 22 23 24 25 31 32
28 2 3 7 8 11 19 30 31 32
29 1 3 5 9 10 15 16 17 22 31 32
30 0 4 5 7 9 21 24 25 26 28 31
31 1 4 6 8 11 15 17 21 22 27 28 29 30
32 6 16 20 22 23 24 27 28 29
