75 362
0 7 22 27 34 39 53 57 59 62 63 73 74
1 9 13 25 26 27 35 37 49 59 64 72
2 5 20 22 52 56 57 58 62 63 69 73
3 25 44 46 52 62 66 74
4 17 22 28 46 65 70
5 2 14 20 28 41 56 58 62 71
6 19 29 32 34 35 39 45 46 52 57 66
7 0 19 22 30 41 74
8 9 21 28 31 37 50 56 62 63 64 67 73
9 1 8 12 26 37 40 47 48 55 61 64
10 20 22 23 24 36 44 53 57 65 73
11 12 16 17 21 26 35
12 9 11 16 28 30 33 35 45 49 62 70
13 1 23 26 28 40 44 51 60
14 5 21 34 51 52 56
15 23 32 35 36 48 70
16 11 12 19 23 28 40 44 50 53 55 56 57 60 65
17 4 11 50 60 65 74
18 25 37 41 49
19 6 7 16 23 26 32 46 51 52 54 61
20 2 5 10 37 57 59 66 69 71
21 8 11 14 31 44 46
22 0 2 4 7 10 23 33 42 44 52 65 67 69
23 10 13 15 16 19 22 25 27 32 36 46 51 53 64 72 74
24 10 26 28 38 42 44 64 72
25 1 3 18 23 30 32 37 42 48 51 55 60 65 74
26 1 9 11 13 19 24 40 46 52 58 59 66
27 0 1 23 41 47 52 65 72 73
28 4 5 8 12 13 16 24 30 37 51 52 56 57 71
29 6 34 39 42 45 52 59 61 63
30 7 12 25 28 41 45 46 54 58 71
31 8 21 32 47 50 55
32 6 15 19 23 25 31 40 43 55 65 74
33 12 22 41 43 44 47 52 54 71
34 0 6 14 29 35 37 38 54 57 60 63 71
35 1 6 11 12 15 34 45 49 53
36 10 15 23 40 42 48 54 60 66 68 71
37 1 8 9 18 20 25 28 34 48 52 56 71 72 73
38 24 34 49 51 61 68
39 0 6 29 42 48 49 61 62 71 73
40 9 13 16 26 32 36 42 45 51 55 67 69
41 5 7 18 27 30 33 68 71 72 73
42 22 24 25 29 36 39 40 74
43 32 33 56 64 68 71 72
44 3 10 13 16 21 22 24 33 50 55 58 64 65
45 6 12 29 30 35 40 50 53 54
46 3 4 6 19 21 23 26 30 57 58 62
47 9 27 31 33 50 51 53 54 65
48 9 15 25 36 37 39 71
49 1 12 18 35 38 39 58 67
50 8 16 17 31 44 45 47 61 72 74
51 13 14 19 23 25 28 38 40 47 59 74
52 2 3 6 14 19 22 26 27 28 29 33 37 55 56 74
53 0 10 16 23 35 45 47 63 64 70
54 19 30 33 34 36 45 47 61 71 73
55 9 16 25 31 32 40 44 52 63
56 2 5 8 14 16 28 37 43 52 58 65 70 74
57 0 2 6 10 16 20 28 34 46 59 70
58 2 5 26 30 44 46 49 56 59 63
59 0 1 20 26 29 51 57 58
60 13 16 17 25 34 36 63 67 68 71 72
61 9 19 29 38 39 50 54 70
62 0 2 3 5 8 12 39 46
63 0 2 8 29 34 53 55 58 60 67 73
64 1 8 9 23 24 43 44 53
65 4 10 16 17 22 25 27 32 44 47 56 68 72 74
66 3 6 20 26 36
67 8 22 40 49 60 63
68 36 38 41 43 60 65 69
69 2 20 22 40 68
70 4 12 15 53 56 57 61
71 5 20 28 30 33 34 36 37 39 41 43 48 54 60
72 1 23 24 27 37 41 43 50 60 65
73 0 2 8 10 27 37 39 41 54 63
74 0 3 7 17 23 25 32 42 50 51 52 56 65
