81 1066
0 2 3 6 7 9 10 13 14 17 18 19 23 26 29 30 32 37 39 41 45 49 51 54 56 60 67 68 69 73 77 80
1 3 7 11 12 20 21 23 27 29 31 32 34 46 48 49 59 61 62 64 72 78
2 0 9 11 14 19 25 31 32 34 36 38 39 44 48 51 54 55 57 68 69 72 73 75 80
3 0 1 6 13 15 16 24 29 30 32 35 36 37 40 41 43 44 47 49 51 55 56 57 58 59 61 62 66 68 70 71 75 80
4 10 12 17 18 19 21 35 37 41 44 50 54 55 59 63 64 67 68 74 75 77 79
5 6 14 19 23 29 32 34 35 36 38 39 40 47 48 51 55 61 64 66 68 76
6 0 3 5 12 18 19 22 24 25 30 36 40 42 46 52 56 62 67 69 76 78
7 0 1 12 13 14 16 22 29 31 35 36 37 39 47 48 51 52 60 61 62 66 67 79
8 10 12 15 17 18 22 24 27 33 34 36 38 39 40 43 44 45 54 58 59 62 64 65 66 67 68 70 75 80
9 0 2 10 11 17 19 20 21 32 40 44 46 47 48 49 50 52 53 57 60 65 66 70 76 77
10 0 4 8 9 15 19 21 24 29 31 36 38 45 47 50 61 64 67 68 75
11 1 2 9 14 15 18 21 25 28 31 33 35 39 50 51 53 57 61 65 68 70 72 73 77 79
12 1 4 6 7 8 13 15 17 21 25 31 32 35 42 45 48 49 55 60 62 63 64 65 67 69 70 73 76 78
13 0 3 7 12 14 16 17 20 22 23 25 26 28 30 32 38 40 41 42 43 44 47 48 52 53 55 59 63 66 69 74 75 78 79
14 0 2 5 7 11 13 21 25 29 32 35 36 37 38 42 48 51 55 57 59 65 66 70 74 80
15 3 8 10 11 12 17 21 27 28 31 34 41 42 50 51 52 53 55 56 57 59 64 73 75 76 77 79
16 3 7 13 17 19 23 24 25 32 33 37 41 47 51 60 61 64 65 68 73 78 79
17 0 4 8 9 12 13 15 16 19 20 22 23 24 26 27 28 29 30 41 44 47 48 51 55 56 63 67 73 75 76 78
18 0 4 6 8 11 22 24 25 26 30 33 36 39 44 45 47 50 55 57 58 60 64 65 69 71 73 74
19 0 2 4 5 6 9 10 16 17 22 24 29 30 36 39 43 47 50 53 54 61 65 66 74 79
20 1 9 13 17 21 25 26 27 28 34 36 37 38 52 57 60 66 69 72 73 74 80
21 1 4 9 10 11 12 14 15 20 23 26 30 34 40 48 50 54 55 62 63 66 71 76
22 6 7 8 13 17 18 19 25 27 30 32 36 44 45 46 47 49 50 52 54 61 62 68 69 70 71 72 74 76 80
23 0 1 5 13 16 17 21 25 26 27 28 32 34 36 38 39 40 42 43 44 52 54 64 65 68 70 71 72 74 78 80
24 3 6 8 10 16 17 18 19 32 34 39 47 50 61 67 68 70 73
25 2 6 11 12 13 14 16 18 20 22 23 31 33 37 38 39 44 47 51 53 55 58 60 61 64 66 67 72 76 78 79
26 0 13 17 18 20 21 23 28 34 35 36 39 40 43 47 49 51 52 55 57 61 62 65 66 67 73
27 1 8 15 17 20 22 23 30 31 33 37 43 48 50 51 52 54 55 58 61 64 66 70 71 73 75 76
28 11 13 15 17 20 23 26 30 34 39 41 42 43 47 50 54 55 59 60 61 63 70 74 75 80
29 0 1 3 5 7 10 14 17 19 30 37 38 40 42 43 51 53 56 58 62 65 67 70 78 79 80
30 0 3 6 13 17 18 19 21 22 27 28 29 31 32 34 35 37 39 43 46 47 48 49 52 55 58 59 63 66 67 68 69 70 71 72 74 78 80
31 1 2 7 10 11 12 15 25 27 30 32 35 36 37 50 52 56 58 59 60 62 63 64 67 68 70 71 72 73 74 75 77 78 80
32 0 1 2 3 5 9 12 13 14 16 22 23 24 30 31 33 35 38 40 41 44 47 51 52 55 60 71 72 75 76 77
33 8 11 16 18 25 27 32 34 36 46 49 55 59 60 65 70 73 74 75
34 1 2 5 8 15 20 21 23 24 26 28 30 33 37 40 42 46 51 56 62 65 67 69 70 76 79
35 3 4 5 7 11 12 14 26 30 31 32 36 38 40 45 49 51 60 63 64 67 70 72 76 79
36 2 3 5 6 7 8 10 14 18 19 20 22 23 26 31 33 35 38 41 44 48 58 59 60 69 70 73 77 79
37 0 3 4 7 14 16 20 25 27 29 30 31 34 38 40 44 47 51 52 54 59 60 61 64 70 79 80
38 2 5 8 10 13 14 20 23 25 29 32 35 36 37 41 42 47 49 53 55 56 60 64 65 68 73 74 76
39 0 2 5 7 8 11 18 19 23 24 25 26 28 30 42 43 45 47 53 55 59 62 67 74 75 79
40 3 5 6 8 9 13 21 23 26 29 32 34 35 37 42 45 46 49 52 56 57 58 61 62 63 64 65 75 77
41 0 3 4 13 15 16 17 28 32 36 38 43 44 55 57 59 61 65 78 79
42 6 12 13 14 15 23 28 29 34 38 39 40 50 51 52 59 63 72 78 79
43 3 8 13 19 23 26 27 28 29 30 39 41 52 56 58 60 62 65 66 69 70 74 78
44 2 3 4 8 9 13 17 18 22 23 25 32 36 37 41 45 46 47 50 51 56 60 62 63 70 73 74 76 80
45 0 8 10 12 18 22 35 39 40 44 48 49 54 55 56 58 59 63 64 67 69 70 75
46 1 6 9 22 30 33 34 40 44 49 63 64 71 76 79
47 3 5 7 9 10 13 16 17 18 19 22 24 25 26 28 30 32 37 38 39 44 48 51 56 59 60 61 64 67 69 72 73 80
48 1 2 5 7 9 12 13 14 17 21 27 30 36 45 47 50 51 54 55 57 58 59 60 65 67 68 72 76
49 0 1 3 9 12 22 26 30 33 35 38 40 45 46 50 54 55 58 60 63 64 67 75 76 77
50 4 9 10 11 15 18 19 21 22 24 27 28 31 42 44 48 49 51 55 56 58 59 62 66 68 71 74 75 76 79
51 0 2 3 5 7 11 14 15 16 17 25 26 27 29 32 34 35 37 42 44 47 48 50 54 56 57 60 61 65 66 67 70 77 78 80
52 6 7 9 13 15 20 22 23 26 27 30 31 32 37 40 42 43 55 56 62 63 68 71 79 80
53 9 11 13 15 19 25 29 38 39 54 64 65 75 76 77 80
54 0 2 4 8 19 21 22 23 27 28 37 45 48 49 51 53 55 57 64 66 71 72 73 75 76
55 2 3 4 5 12 13 14 15 17 18 21 25 26 27 28 30 32 33 38 39 41 45 48 49 50 52 54 62 65 67 69 71 73 74 75
56 0 3 6 15 17 29 31 34 38 40 43 44 45 47 50 51 52 58 62 68 69 76 79 80
57 2 3 9 11 14 15 18 20 26 40 41 48 51 54 62 63 67 74 80
58 3 8 18 25 27 29 30 31 36 40 43 45 48 49 50 56 59 64 65 70 72 73 74
59 1 3 4 8 13 14 15 28 30 31 33 36 37 39 41 42 45 47 48 50 58 61 62 64 69 73 74 75 76 77 78 80
60 0 7 9 12 16 18 20 25 28 31 32 33 35 36 37 38 43 44 47 48 49 51 63 65 76 78 80
61 1 3 5 7 10 11 16 19 22 24 25 26 27 28 37 40 41 47 51 59 68 71 73 76
62 1 3 6 7 8 12 21 22 26 29 31 34 39 40 43 44 50 52 55 56 57 59 65 66 68 69 71 74 76 77 78 80
63 4 12 13 17 21 28 30 31 35 40 42 44 45 46 49 52 57 60 65 66 69 71 72 79
64 1 4 5 8 10 12 15 16 18 23 25 27 31 35 37 38 40 45 46 47 49 53 54 58 59 65 69 73 75 77 80
65 8 9 11 12 14 16 18 19 23 26 29 33 34 38 40 41 43 48 51 53 55 58 60 62 63 64 70 72 74
66 3 5 7 8 9 13 14 19 20 21 25 26 27 30 43 50 51 54 62 63 67 68 74 76 80
67 0 4 6 7 8 10 12 17 24 25 26 29 30 31 34 35 39 45 47 48 49 51 55 57 66 70 71 73 74 75 77
68 0 2 3 4 5 8 10 11 16 22 23 24 30 31 38 48 50 52 56 61 62 66 69 72 79
69 0 2 6 12 13 18 20 22 30 34 36 43 45 47 55 56 59 62 63 64 68 71 74 78 79 80
70 3 8 9 11 12 14 22 23 24 27 28 29 30 31 33 34 35 36 37 43 44 45 51 58 65 67 72 75 77 78
71 3 18 21 22 23 27 30 31 32 46 50 52 54 55 61 62 63 67 69 72 74 78
72 1 2 11 20 22 23 25 30 31 32 35 42 47 48 54 58 63 65 68 70 71 73 77 80
73 0 2 11 12 15 16 17 18 20 24 26 27 31 33 36 38 44 47 54 55 58 59 61 64 67 72 76 79
74 4 13 14 18 19 20 22 23 28 30 31 33 38 39 43 44 50 55 57 58 59 62 65 66 67 69 71 75 76 77
75 2 3 4 8 10 13 15 17 27 28 31 32 33 39 40 45 49 50 53 54 55 59 64 67 70 74 76 77
76 5 6 9 12 15 17 21 22 25 27 32 34 35 38 44 46 48 49 50 53 54 56 59 60 61 62 66 73 74 75 78 80
77 0 4 9 11 15 31 32 36 40 49 51 53 59 62 64 67 70 72 74 75 79
78 1 6 12 13 16 17 23 25 29 30 31 41 42 43 51 59 60 62 69 70 71 76 79
79 4 7 11 13 15 16 19 25 29 34 35 36 37 39 41 42 46 50 52 56 63 68 69 73 77 78
80 0 2 3 8 14 20 22 23 28 29 30 31 37 44 47 51 52 53 56 57 59 60 62 64 66 69 72 76
