102 442
0 9 12 15 17 31 53 67 85 86 100
1 4 15 17 41 44 45 68 78 95 96
2 3 9 16 21 31 73
3 2 9 22 38 49 61 75 85 91
4 1 18 35 56 69 83 93
5 13 37 40
6 10 70 86 98
7 18 19 23 34 36 42 62 73 85 99
8 10 11 18 27 34 59 63 65 74 100
9 0 2 3 28 48 58 66 96
10 6 8 38 42 45 51 54 62 68 83 84 87 88
11 8 37 45 53 61 66 69 77 97 99
12 0 14 17 21 31 83 87 99
13 5 31 33 34 50 54 63 76 83 88 97
14 12 24 33 37 39 65 72 85 90
15 0 1 22 45 53 57 68 71 84 89
16 2 24 29 55 56 57 61 62 66 79 88 100
17 0 1 12 21 22 23 27 51 64 86
18 4 7 8 21 42 60 62 68 85
19 7 34 57 67 84 88 92
20 27 31 49 53 56 57 59 74 87 98
21 2 12 17 18 31 37 45 46 63 69
22 3 15 17 33 38 47 54 64 72 81
23 7 17 37 38 48 56 75 83 84 86 92 101
24 14 16 27 37 52 63 64 72 78 99 100
25 91 94
26 60 65 80 92 101
27 8 17 20 24 35 50 67
28 9 49 53 54 55 84 95 96 101
29 16 34 43 66 75 80 86
30 32 33 50 52 67 71 73 86 92
31 0 2 12 13 20 21 33 38 42 43 45 61 70 89
32 30 46 53 56 60 68 84 86 88 89 95
33 13 14 22 30 31 44 48 55 58 65 68 71 75
34 7 8 13 19 29 36 39 56 63 78 80 89 92 94
35 4 27 51 62 100
36 7 34 52 67 70 82 86
37 5 11 14 21 23 24 58 64 70
38 3 10 22 23 31 43 66 76 86 89 93 95 98
39 14 34 61 68 74 83 93
40 5 54 76 79 87
41 1 43 47 48 71 75 82 89 90 96
42 7 10 18 31 62 64 65 95 96 97
43 29 31 38 41 46 52 56 65 73 76 89 101
44 1 33 50 52 53 61 64 75 94 100
45 1 10 11 15 21 31 47 63 73 81 83 90 92 94
46 21 32 43
47 22 41 45 57 85
48 9 23 33 41 94 98
49 3 20 28
50 13 27 30 44 58 60 78 80
51 10 17 35 59 92
52 24 30 36 43 44 59 86 95 100
53 0 11 15 20 28 32 44 61 78 83 84 92 95
54 10 13 22 28 40 70 91 93
55 16 28 33 56 63 64 76 98
56 4 16 20 23 32 34 43 55 82 83 84 99
57 15 16 19 20 47 67 71 89
58 9 33 37 50 64 70 95
59 8 20 51 52 75 80 85 91 92 95
60 18 26 32 50 61 64 67 71 81 94
61 3 11 16 31 39 44 53 60 69
62 7 10 16 18 35 42 68 87
63 8 13 21 24 34 45 55
64 17 22 24 37 42 44 55 58 60 75 100
65 8 14 26 33 42 43 71 97 101
66 9 11 16 29 38 71 76 84 86
67 0 19 27 30 36 57 60 94 96 99 100
68 1 10 15 18 32 33 39 62
69 4 11 21 61 84
70 6 31 36 37 54 58 71 75 92
71 15 30 33 41 57 60 65 66 70 83 88 89
72 14 22 24 80 86 96
73 2 7 30 43 45 85 93
74 8 20 39 98
75 3 23 29 33 41 44 59 64 70 85
76 13 38 40 43 55 66 87 89 94
77 11 79 80 85 89 94 96
78 1 24 34 50 53
79 16 40 77 87 96 99
80 26 29 34 50 59 72 77 83 86 96 97
81 22 45 60 94
82 36 41 56
83 4 10 12 13 23 39 45 53 56 71 80 87 100
84 10 15 19 23 28 32 53 56 66 69 90 91
85 0 3 7 14 18 47 59 73 75 77
86 0 6 17 23 29 30 32 36 38 52 66 72 80 100
87 10 12 20 40 62 76 79 83 93 97
88 10 13 16 19 32 71
89 15 31 32 34 38 41 43 57 71 76 77
90 14 41 45 84
91 3 25 54 59 84 100
92 19 23 26 30 34 45 51 53 59 70
93 4 38 39 54 73 87
94 25 34 44 45 48 60 67 76 77 81 97
95 1 28 32 38 42 52 53 58 59
96 1 9 28 41 42 67 72 77 79 80 97 98
97 11 13 42 65 80 87 94 96 99 101
98 6 20 38 48 55 74 96
99 7 11 12 24 56 67 79 97
100 0 8 16 24 35 44 52 64 67 83 86 91
101 23 26 28 43 65 97
