171 2928
0 2 3 4 6 11 21 23 29 40 42 51 52 56 58 66 71 74 76 78 81 86 90 93 95 103 112 116 122 124 140 144 148 154 169
1 4 6 7 9 10 15 22 24 29 35 36 46 57 58 64 65 71 73 74 75 86 89 90 96 103 105 127 129 130 132 149 161 168
2 0 4 8 13 15 16 29 30 32 40 44 46 54 63 70 73 82 86 90 101 109 114 116 122 127 130 140 154 155 165 167 168
3 0 6 7 8 18 20 29 35 44 50 51 52 53 64 71 78 85 92 93 95 106 117 127 130 142 152 154 156 161 163 164 165 166
4 0 1 2 6 10 26 29 39 42 47 50 52 53 79 83 87 90 91 93 97 110 124 125 131 134 135 137 151 152 166
5 7 16 18 19 24 37 45 46 52 53 55 57 70 78 83 95 98 114 115 116 118 120 123 136 139 141 146 150 152 158 161 170
6 0 1 3 4 9 18 25 31 32 45 54 70 73 75 76 80 90 91 93 99 100 103 108 113 128 130 149 152 165 166 168
7 1 3 5 11 19 34 37 45 55 57 58 59 62 66 82 88 94 97 104 109 113 118 122 131 136 153 158
8 2 3 16 17 19 24 25 27 37 40 45 47 51 57 58 64 73 80 85 93 102 103 112 114 127 129 139 146 151 154 163
9 1 6 12 13 16 17 18 20 23 29 30 33 34 43 45 46 49 57 61 63 68 69 79 82 85 90 91 107 110 117 122 124 136 144 146 159 163 166 168 170
10 1 4 26 27 30 38 46 48 56 57 58 63 65 84 87 90 96 105 108 113 121 122 132 141 144 145 146 150 155 156 159 160 163
11 0 7 15 16 17 24 32 35 41 45 47 49 50 51 55 59 73 81 83 87 89 90 96 99 106 116 120 124 137 151
12 9 14 20 30 34 37 43 53 60 63 67 68 70 79 108 111 118 119 123 124 125 132 136 141 149 151 158 161 162 168
13 2 9 33 38 40 45 56 64 70 75 76 80 81 88 90 93 94 96 102 109 110 115 125 127 141 155 163 166 169 170
14 12 17 18 20 26 33 37 40 41 46 63 69 80 81 84 86 89 92 93 96 100 101 103 107 109 110 115 128 131 148 150 152 156 160
15 1 2 11 22 23 30 35 36 41 58 59 72 83 84 89 92 94 100 102 116 122 123 130 132 138 141 161 163 167
16 2 5 8 9 11 23 24 26 28 31 36 47 54 56 57 59 60 61 65 86 94 99 115 119 120 138 148 153 164
17 8 9 11 14 32 33 40 42 48 52 56 61 63 67 70 71 73 77 85 87 96 103 113 115 117 118 120 121 122 127 132 139 140 149 151 156 163 164 165 170
18 3 5 6 9 14 35 36 37 52 67 70 71 76 80 81 83 98 100 105 106 113 138 141 143 157 159 162
19 5 7 8 21 28 34 36 38 41 43 47 51 52 66 71 72 76 85 90 106 108 110 121 129 140 146 151 153 161 163 164
20 3 9 12 14 22 23 28 47 49 51 55 59 61 75 76 85 86 97 102 105 110 117 120 124 125 132 134 138 142 143 146 155 157 161 168
21 0 19 27 29 33 45 56 58 61 71 72 76 79 80 85 93 99 100 106 107 110 113 117 118 120 127 146 147 149 152 155 161
22 1 15 20 23 28 31 38 42 45 49 50 51 53 63 68 69 78 93 94 102 115 117 119 122 123 125 129 131 139 142 144 146 149 154 157 163 166 168
23 0 9 15 16 20 22 24 31 32 43 50 54 56 59 61 66 82 84 88 92 96 97 100 102 103 108 109 110 116 120 122 125 130 144 153 158 160 162 163 165 169
24 1 5 8 11 16 23 26 28 32 33 44 50 53 56 59 63 69 80 81 97 102 103 109 120 123 124 126 133 134 140 149 150 151 157 159 160 162 166 168
25 6 8 26 28 37 51 52 71 80 92 95 97 100 101 105 111 113 119 120 122 124 140 146 150 156 158 161 164 165 168
26 4 10 14 16 24 25 27 28 29 34 46 48 51 55 61 62 66 68 69 72 76 78 79 80 81 83 85 89 90 91 121 131 135 152 163 167 170
27 8 10 21 26 36 38 44 46 50 55 58 64 71 74 75 77 80 87 94 98 100 102 113 116 126 130 151 152 166 167 168
28 16 19 20 22 24 25 26 29 34 36 40 48 52 56 73 75 80 81 84 90 92 100 110 115 119 120 122 129 130 132 136 137 139 147 161 162 169 170
29 0 1 2 3 4 9 21 26 28 30 38 42 43 46 52 58 60 75 80 83 84 86 87 88 89 90 91 95 97 104 113 114 117 118 121 127 141 147 149 150 153 155 158 162 164 166 170
30 2 9 10 12 15 29 31 45 50 51 52 70 77 78 81 84 85 87 90 91 95 96 99 102 103 106 112 122 125 130 132 133 135 144 145 154 161 163 164
31 6 16 22 23 30 39 42 43 47 49 58 63 64 71 72 81 82 90 93 114 120 130 135 139 149 152
32 2 6 11 17 23 24 33 36 42 45 57 60 62 67 76 81 84 96 98 99 102 104 107 116 132 136 138 149 160 162 169
33 9 13 14 17 21 24 32 35 53 54 56 75 80 82 84 89 98 105 109 116 135 137 139 143 145 146 148 153 156 163 164 165 167
34 7 9 12 19 26 28 39 49 51 53 62 69 71 78 83 85 86 96 100 103 104 105 106 107 114 115 117 127 129 131 133 136 138 148 162 165 167 168
35 1 3 11 15 18 33 36 37 41 42 48 52 53 58 81 82 86 92 94 99 108 112 115 117 118 119 120 129 136 137 138 141 143 148 149 153 158 161 166
36 1 15 16 18 19 27 28 32 35 38 48 49 55 63 65 68 69 73 76 79 80 81 89 98 101 117 122 124 131 149 150 155 157 161 162
37 5 7 8 12 14 18 25 35 40 47 50 62 67 74 80 84 85 88 89 96 98 107 109 110 113 115 118 124 126 128 132 136 142 144 145 146 148 155 165 170
38 10 13 19 22 27 29 36 41 54 57 59 60 62 63 66 70 71 80 94 95 96 104 109 113 114 124 138 139 148 152 159 164
39 4 31 34 43 44 46 50 56 58 67 70 79 82 83 86 88 89 90 92 93 95 107 109 113 114 126 128 139 143 148 152 154 158 159 165 167
40 0 2 8 13 14 17 28 37 41 45 49 55 57 60 62 65 70 74 80 81 83 86 91 97 98 106 123 126 127 131 134 144 149 152 163 170
41 11 14 15 19 35 38 40 47 55 60 62 66 74 78 85 88 92 95 97 104 106 111 112 113 147 149 153
42 0 4 17 22 29 31 32 35 45 55 64 67 77 78 80 88 91 93 99 102 106 110 111 118 123 125 126 127 128 131 135 136 140 148 152 157
43 9 12 19 23 29 31 39 58 61 76 104 108 109 112 114 120 122 126 128 130 131 137 139 145 146 156 164 167
44 2 3 24 27 39 47 51 54 58 59 70 86 92 96 104 121 123 127 131 132 143 160 163 165 167
45 5 6 7 8 9 11 13 21 22 30 32 40 42 46 51 57 58 61 62 63 77 87 101 108 112 113 115 122 124 125 128 130 133 139 141 143 164 166 167 168
46 1 2 5 9 10 14 26 27 29 39 45 49 55 56 57 62 64 66 68 75 77 82 86 89 90 91 102 108 115 116 128 131 137 139 141 151 162 165 169 170
47 4 8 11 16 19 20 31 37 41 44 49 57 59 66 72 74 91 99 106 107 110 111 112 113 116 118 121 123 124 137 147 149 153 160 162 166 167
48 10 17 26 28 35 36 55 58 68 69 76 89 97 110 113 114 115 120 130 132 133 135 141 144 149 151 153 154 156
49 9 11 20 22 31 34 36 40 46 47 51 54 59 61 63 71 73 86 87 92 94 98 102 108 109 115 116 118 129 134 139 144 145 149 150 153 156 158 168 169
50 3 4 11 22 23 24 27 30 37 39 51 56 58 59 61 64 72 81 88 96 104 111 115 121 124 127 130 145 147 148 151 161 162
51 0 3 8 11 19 20 22 25 26 30 34 44 45 49 50 52 56 63 64 66 76 81 83 85 86 93 98 100 104 105 106 112 119 126 128 135 147 148 155 156 162 165 166 169
52 0 3 4 5 17 18 19 25 28 29 30 35 51 53 55 60 64 67 69 81 82 85 89 92 93 99 101 107 108 109 114 122 145 159 165
53 3 4 5 12 22 24 33 34 35 52 54 62 64 70 76 78 82 92 93 94 99 104 105 112 123 133 138 139 149 150 151 153 154 157 170
54 2 6 16 23 33 38 44 49 53 60 65 69 71 74 75 80 82 88 93 97 100 101 107 111 112 127 128 129 137 139 141 147 158 161 164 166
55 5 7 11 20 26 27 36 40 41 42 46 48 52 56 60 67 70 71 75 87 89 93 95 105 114 128 134 135 141 147 149 150 151 154 156 161 162
56 0 10 13 16 17 21 23 24 28 33 39 46 50 51 55 59 63 77 78 80 82 85 87 88 90 91 93 98 99 108 113 114 116 117 125 130 134 136 140 148 152 154 160 161
57 1 5 7 8 9 10 16 32 38 40 45 46 47 60 68 70 79 82 87 95 98 103 104 106 121 122 136 156 157 162 164 166
58 0 1 7 8 10 15 21 27 29 31 35 39 43 44 45 48 50 62 63 71 76 81 96 98 111 112 121 124 140 146 147 151 158 169
59 7 11 15 16 20 23 24 38 44 47 49 50 56 60 65 66 74 75 86 88 89 98 104 108 110 113 116 117 127 130 133 139 151 152 154 156 168
60 12 16 29 32 38 40 41 52 54 55 57 59 69 70 87 105 108 110 111 120 131 135 136 142 146 149 150 153 155 165
61 9 16 17 20 21 23 26 43 45 49 50 65 66 74 77 78 79 95 98 104 108 112 119 124 125 128 131 132 136 137 148 153 162 166 167 168
62 7 26 32 34 37 38 40 41 45 46 53 58 80 85 94 111 121 136 141 142 147 159 160 162 163 167
63 2 9 10 12 14 17 22 24 31 36 38 45 49 51 56 58 68 69 70 73 89 97 98 115 117 123 125 127 128 133 139 141 143 145 151 154 157 158 160 161 166 170
64 1 3 8 13 27 31 42 46 50 51 52 53 65 69 71 81 84 91 98 99 104 115 116 127 130 146 148 150 157 164 165 167
65 1 10 16 36 40 54 59 61 64 76 78 80 85 92 97 98 101 106 108 117 122 123 125 126 138 140 143 153 156
66 0 7 19 23 26 38 41 46 47 51 59 61 69 71 82 86 93 94 95 103 113 115 121 131 133 139 143 149 164
67 12 17 18 32 37 39 42 52 55 71 74 78 80 88 91 101 105 116 118 120 125 129 134 146 151 158 163 164 165 166 168 170
68 9 12 22 26 36 46 48 57 63 74 76 82 89 97 104 108 109 112 115 123 126 127 129 140 143 144 152 156 169
69 9 14 22 24 26 34 36 48 52 54 60 63 64 66 71 77 81 93 102 111 124 128 130 132 139 149 161 162 167 169
70 2 5 6 12 13 17 18 30 38 39 40 44 53 55 57 60 63 92 100 118 119 121 125 128 131 135 136 137 146 165 168
71 0 1 3 17 18 19 21 25 27 31 34 38 49 54 55 58 64 66 67 69 78 79 84 88 92 93 95 104 106 119 120 121 126 132 137 147 151 152 156 160 163 166 170
72 15 19 21 26 31 47 50 73 75 78 81 86 88 90 96 99 101 108 112 116 124 130 155 156 157
73 1 2 6 8 11 17 28 36 49 63 72 96 97 99 109 114 115 129 134 141 169 170
74 0 1 27 37 40 41 47 54 59 61 67 68 75 77 79 92 93 95 96 100 106 110 113 114 123 133 141 150 153 155 162 163
75 1 6 13 20 27 28 29 33 46 54 55 59 72 74 76 81 82 92 97 102 103 110 114 118 119 124 133 142 147 148 154 156 158 166 168
76 0 6 13 18 19 20 21 26 32 36 43 48 51 53 58 65 68 75 84 90 91 97 103 109 114 116 122 124 126 128 132 133 134 142 146 150 151 158 162 166
77 17 27 30 42 45 46 56 61 69 74 86 99 110 112 113 115 119 122 126 131 138 142 148 153 157 159 161 164 169
78 0 3 5 22 26 30 34 41 42 53 56 61 65 67 71 72 101 121 136 138 142 143 145 149 158 164 169
79 4 9 12 21 26 36 39 57 61 71 74 81 89 95 99 103 104 106 107 108 109 117 123 125 131 135 136 146 153 160 163 164
80 6 8 13 14 18 21 24 25 26 27 28 29 33 36 37 38 40 42 54 56 62 65 67 87 96 102 105 107 109 113 116 122 125 131 138 139 143 145 151 163 167 168
81 0 11 13 14 18 24 26 28 30 31 32 35 36 40 50 51 52 58 64 69 72 75 79 90 94 103 111 121 124 126 129 145 152 155 161 164
82 2 7 9 23 31 33 35 39 46 52 53 54 56 57 66 68 75 84 90 92 94 110 123 127 132 146 149 150 151 162 163 167 169
83 4 5 11 15 18 26 29 34 39 40 51 85 89 90 94 99 102 106 112 131 135 150 152 155 157 162 167
84 10 14 15 23 28 29 30 32 33 37 64 71 76 82 85 104 107 109 111 119 121 125 130 133 136 151 153 154 159 161 164 169
85 3 8 9 17 19 20 21 26 30 34 37 41 51 52 56 62 65 83 84 87 96 98 102 104 114 117 123 125 129 140 141 144 153 154
86 0 1 2 14 16 20 29 34 35 39 40 44 46 49 51 59 66 72 77 88 89 90 96 97 99 108 114 119 120 122 123 137 142 152 153 155 156 162 163 165 167
87 4 10 11 17 27 29 30 45 49 55 56 57 60 80 85 94 97 99 101 104 105 119 132 136 137 144 147 160 167
88 7 13 23 29 37 39 41 42 50 54 56 59 67 71 72 86 89 90 108 116 118 120 125 126 132 135 139 143 145 149 153 158 163 169
89 1 11 14 15 26 29 33 36 37 39 46 48 52 55 59 63 68 79 83 86 88 94 95 96 98 99 110 114 117 121 127 129 131 134 135 137 140 150 157 160 170
90 0 1 2 4 6 9 10 11 13 19 26 28 29 30 31 39 46 56 72 76 81 82 83 86 88 91 95 98 100 104 106 108 115 118 122 125 130 131 132 133 140 142 147 157 167 170
91 4 6 9 26 29 30 40 42 46 47 56 64 67 76 90 92 95 114 121 135 137 143 152 154 163 164 170
92 3 14 15 23 25 28 35 39 41 44 49 52 53 65 70 71 74 75 82 91 93 97 101 103 112 119 120 122 123 144 145 147 154 159 164 169
93 0 3 4 6 8 13 14 21 22 31 39 42 51 52 53 54 55 56 66 69 71 74 92 94 97 99 101 103 104 105 120 130 132 137 138 140 145 151 158 161
94 7 13 15 16 22 27 35 38 49 53 62 66 81 82 83 87 89 93 96 99 104 110 127 130 133 135 138 143 162 168
95 0 3 5 25 29 30 38 39 41 55 57 61 66 71 74 79 89 90 91 96 100 103 109 110 111 118 120 123 127 133 135 149 152 159 161 168 169
96 1 10 11 13 14 17 23 30 32 34 37 38 44 50 58 72 73 74 80 85 86 89 94 95 98 101 104 109 117 121 126 131 137 153 154 160 169
97 4 7 20 23 24 25 29 40 41 48 54 63 65 68 73 75 76 86 87 92 93 98 101 102 111 115 122 127 129 131 136 141 145 150 159 160 165 168 170
98 5 18 27 32 33 36 37 40 49 51 56 57 58 59 61 63 64 65 85 89 90 96 97 110 111 114 117 119 122 127 131 135 140 142 143 151 152 154 157 158 159 160 161 164 165
99 6 11 16 21 30 32 35 42 47 52 53 56 64 72 73 77 79 83 86 87 89 93 94 106 108 113 124 125 139 155 157 159 160 163 165
100 6 14 15 18 21 23 25 27 28 34 51 54 70 74 90 95 104 105 110 111 112 115 116 134 135 136 145 154 161 165 166
101 2 14 25 36 45 52 54 65 67 72 78 87 92 93 96 97 104 105 106 109 113 116 119 121 122 125 146 149 155 156 161 163 165 168
102 8 13 15 20 22 23 24 27 30 32 42 46 49 69 75 80 83 85 97 105 111 119 121 127 130 135 140 146 147 148 150 155 159 164 167 169 170
103 0 1 6 8 14 17 23 24 30 34 57 66 75 76 79 81 92 93 95 105 106 108 115 117 118 124 125 126 129 136 139 148 158 164 165
104 7 29 32 34 38 41 43 44 50 51 53 57 59 61 64 68 71 79 84 85 87 90 93 94 96 100 101 110 116 118 119 120 123 128 130 133 136 137 139 144 145 147 154 155 161 169
105 1 10 18 20 25 33 34 51 53 55 60 67 80 87 93 100 101 102 103 109 113 115 123 125 127 129 130 138 144 151 162 166
106 3 11 18 19 21 30 34 40 41 42 47 51 57 65 71 74 79 83 90 99 101 103 109 113 117 118 129 133 140 145 159 161 164
107 9 14 21 32 34 37 39 47 52 54 79 80 84 119 120 122 126 132 137 138 149 158
108 6 10 12 19 23 35 43 45 46 49 52 56 59 60 61 65 68 72 79 86 88 90 99 103 110 126 131 137 141 143 144 145 153 155 157 158 159 161 164
109 2 7 13 14 23 24 33 37 38 39 43 49 52 68 73 76 79 80 84 95 96 101 105 106 118 119 120 122 130 132 133 142 147 153 167 170
110 4 9 13 14 19 20 21 23 28 37 42 47 48 59 60 74 75 77 82 89 94 95 98 100 104 108 116 121 122 125 127 134 140 144 147 153 157 162 164 166
111 12 25 41 42 47 50 54 58 60 62 69 81 84 95 97 98 100 102 112 114 115 125 133 141 142 143 144 154 155
112 0 8 30 35 41 43 45 47 51 53 54 58 61 68 72 77 83 92 100 111 115 118 120 124 127 128 131 135 143 146 157 160 167
113 6 7 10 17 18 21 25 27 29 37 38 39 41 45 47 48 56 59 66 74 77 80 99 101 105 106 114 116 117 119 123 129 131 135 140 157 159 160 168 169
114 2 5 8 29 31 34 38 39 43 48 52 55 56 73 74 75 76 85 86 89 91 98 111 113 121 129 131 134 137 139 144 153 156 168
115 5 13 14 16 17 22 28 34 35 37 45 46 48 49 50 63 64 66 68 73 77 90 97 100 103 105 111 112 130 135 146 147 148 149 156 157 160 165
116 0 2 5 11 15 23 27 32 33 46 47 49 56 59 64 67 72 76 80 88 100 101 104 110 113 121 122 127 137 139 143 144 147 149 155 156 157 159 165 167
117 3 9 17 20 21 22 29 34 35 36 56 59 63 65 79 85 89 96 98 103 106 113 122 126 127 135 138 144 148 149 165 168
118 5 7 12 17 21 29 35 37 42 47 49 67 70 75 88 90 95 103 104 106 109 112 123 136 137 139 142 144 148 169
119 12 16 22 25 28 35 51 61 70 71 75 77 84 86 87 92 98 101 102 104 107 109 113 127 128 136 138 140 141 142 143 146 148 151 153 163 168
120 5 11 16 17 20 21 23 24 25 28 31 35 43 48 60 67 71 86 88 92 93 95 104 107 109 112 122 125 129 130 131 137 139 146 147 151 157 167 168
121 10 17 19 26 29 44 47 50 57 58 62 66 70 71 78 81 84 89 91 96 101 102 110 114 116 125 130 145 168
122 0 2 7 9 10 15 17 22 23 25 28 30 36 43 45 52 57 65 76 77 80 86 90 92 97 98 101 107 109 110 116 117 120 126 132 134 151 153 162 168
123 5 12 15 22 24 40 42 44 47 53 63 65 68 74 79 82 85 86 92 95 104 105 113 118 126 138 142 146 148 157 164 165
124 0 4 9 11 12 20 24 25 36 37 38 45 47 50 58 61 69 72 75 76 81 99 103 112 125 135 137 140 141 152 159
125 4 12 13 20 22 23 30 42 45 56 61 63 65 67 70 79 80 84 85 88 90 99 101 103 105 110 111 120 121 124 135 140 141 145 152 154 162 166 168 169
126 24 27 37 39 40 42 43 51 65 68 71 76 77 81 88 96 103 107 108 117 122 123 127 131 134 141 142 143 153 154 165 167 168
127 1 2 3 8 13 17 21 29 34 40 42 44 50 54 59 63 64 68 82 89 94 95 97 98 102 105 110 112 116 117 119 126 128 129 131 153 161 166 168
128 6 14 37 39 42 43 45 46 51 54 55 61 63 69 70 76 104 112 119 127 130 133 140 143 144 145 149 152 153 154 160 161 165 166
129 1 8 19 22 28 34 35 49 54 67 68 73 81 85 89 97 103 105 106 113 114 120 127 131 135 144 146 147 163 165
130 1 2 3 6 15 23 27 28 30 31 43 45 48 50 56 59 64 69 72 84 90 93 94 102 104 105 109 115 120 121 128 133 134 140 142 146 147 151 152 168
131 4 7 14 22 26 34 36 40 42 43 44 46 60 61 66 70 77 79 80 83 89 90 96 97 98 108 112 113 114 120 126 127 129 134 139 141 144 153 154 156 157
132 1 10 12 15 17 20 28 30 32 37 44 48 61 69 71 76 82 87 88 90 93 107 109 122 142 143 146 149 164 167 170
133 24 30 34 45 48 53 59 63 66 74 75 76 84 90 94 95 104 106 109 111 128 130 135 142 146 149 154 157 165 168
134 4 20 24 40 49 55 56 67 73 76 89 100 110 114 122 126 130 131 135 138 143 148 167 169
135 4 26 30 31 33 42 48 51 55 60 70 79 83 88 89 91 94 95 98 100 102 112 113 115 117 124 125 129 133 134 140 141 142 150 153 154 156 161
136 5 7 9 12 28 32 34 35 37 42 56 57 60 61 62 70 78 79 84 87 97 100 103 104 118 119 154 155 160 163 168 170
137 4 11 28 33 35 43 46 47 54 61 70 71 86 87 89 91 93 96 104 107 108 114 116 118 120 124 138 144 147 148 155 160 161 166 167
138 15 16 18 20 32 34 35 38 53 65 77 78 80 93 94 105 107 117 119 123 134 137 139 141 144 148 151 153 154 157 158 163 166 167 168
139 5 8 17 22 28 31 33 38 39 43 45 46 49 53 54 59 63 66 69 80 88 99 103 104 114 116 118 120 131 138 140 150 151 161 164
140 0 2 17 19 24 25 42 56 58 65 68 85 89 90 93 98 102 106 110 113 119 124 125 128 130 135 139 147 151 157 159 163 164
141 5 10 12 13 15 18 29 35 45 46 48 54 55 62 63 73 74 85 97 108 111 119 124 125 126 131 135 138 146 161 164
142 3 20 22 37 60 62 75 76 77 78 86 90 98 109 111 118 119 123 126 130 132 133 135 161 166 168
143 18 20 33 35 39 44 45 63 65 66 68 78 80 88 91 94 98 108 111 112 116 119 126 128 132 134 145 151 154 160 161 165
144 0 9 10 22 23 30 37 40 48 49 68 85 87 92 104 105 108 110 111 114 116 117 118 128 129 131 137 138 153 159 164 169
145 10 30 33 37 43 49 50 52 63 78 80 81 88 92 93 97 100 104 106 108 121 125 128 143 151 156 157 168
146 5 8 9 10 19 20 21 22 25 33 37 43 58 60 64 67 70 76 79 82 101 102 112 115 119 120 123 129 130 132 133 141 153 160 168
147 21 28 29 41 47 50 51 54 55 58 62 71 75 87 90 92 102 104 109 110 115 116 120 129 130 137 140 150 156 159 160 162 164 165 169
148 0 14 16 33 34 35 37 38 39 42 50 51 56 61 64 75 77 102 103 115 117 118 119 123 134 137 138 149 157 159 165 169
149 1 6 12 17 21 22 24 29 31 32 35 36 40 41 47 48 49 53 55 60 66 69 78 82 88 95 101 107 115 116 117 128 132 133 148 155 159 161 162 166
150 5 10 14 24 25 29 36 49 53 55 60 64 74 76 82 83 89 97 102 135 139 147 152 156 160 164 169
151 4 8 11 12 17 19 24 27 46 48 50 53 55 58 59 63 67 71 76 80 82 84 93 98 105 119 120 122 130 138 139 140 143 145 152 159 165
152 3 4 5 6 14 21 26 27 31 38 39 40 42 56 59 68 71 81 83 86 91 95 98 124 125 128 130 150 151 153 154 165
153 7 16 19 23 29 33 35 41 47 48 49 53 60 61 65 74 77 79 84 85 86 88 96 108 109 110 114 119 122 126 127 128 131 135 138 144 146 152 154 158 159 166
154 0 2 3 8 22 30 39 48 53 55 56 59 63 75 84 85 91 92 96 98 100 104 111 125 126 128 131 133 135 136 138 143 152 153 156 164 165 166
155 2 10 13 20 21 29 36 37 51 60 72 74 81 83 86 99 101 102 104 108 111 116 136 137 149 160 163 166
156 3 10 14 17 25 33 43 48 49 51 55 57 59 65 68 71 72 75 86 101 114 115 116 131 135 145 147 150 154 157 162 164 165 166 169 170
157 18 20 22 24 36 42 53 57 63 64 72 77 83 89 90 98 99 108 110 112 113 115 116 120 123 131 133 138 140 145 148 156 158 161
158 5 7 12 23 25 29 35 39 49 54 58 63 67 75 76 78 88 93 98 103 107 108 138 153 157 160 163 170
159 9 10 18 24 38 39 52 62 77 84 92 95 97 98 99 102 106 108 113 116 124 140 144 147 148 149 151 153 168
160 10 14 23 24 32 44 47 56 62 63 71 79 87 89 96 97 98 99 112 113 115 128 136 137 143 146 147 150 155 158 163 165 166 167 168
161 1 3 5 12 15 19 20 21 25 28 30 35 36 50 54 55 56 63 69 77 81 84 93 95 98 100 101 104 106 108 127 128 135 137 139 141 142 143 149 157 168 170
162 12 18 23 24 28 29 32 34 36 46 47 50 51 55 57 61 62 69 74 76 82 83 86 94 105 110 122 125 147 149 156 164 165
163 3 8 9 10 13 15 17 19 22 23 26 30 33 40 44 62 67 71 74 79 80 82 86 88 91 99 101 119 129 136 138 140 155 158 160
164 3 16 17 19 25 29 30 33 38 43 45 54 57 64 66 67 77 78 79 81 84 91 92 98 102 103 106 108 110 123 132 139 140 141 144 147 150 154 156 162 170
165 2 3 6 17 23 25 33 34 37 39 44 46 51 52 60 64 67 70 86 97 98 99 100 101 103 115 116 117 123 126 128 129 133 143 147 148 151 152 154 156 160 162 167
166 3 4 6 9 13 22 24 27 29 35 45 47 51 54 57 61 63 67 71 75 76 100 105 110 125 127 128 137 138 142 149 153 154 155 156 160
167 2 15 26 27 33 34 39 43 44 45 47 61 62 64 69 80 82 83 86 87 90 102 109 112 116 120 126 132 134 137 138 160 165
168 1 2 6 9 12 20 22 24 25 27 34 45 49 59 61 67 70 75 80 94 95 97 101 113 114 117 119 120 121 122 125 126 127 130 133 136 138 142 145 146 159 160 161 169 170
169 0 13 23 28 32 46 49 51 58 68 69 73 77 78 82 84 88 92 95 96 102 104 113 118 125 134 144 147 148 150 156 168 170
170 5 9 13 17 26 28 29 37 40 46 53 63 67 71 73 89 90 91 97 102 109 132 136 156 158 161 164 168 169
