160 1540
0 2 3 6 13 15 39 54 60 62 67 82 83 84 92 93 102 111 112 114 126 132 154 159
1 11 17 21 29 31 32 38 39 42 44 47 51 69 71 85 87 88 98 104 106 109 111 118 121 127 130 133 138 142 151 153
2 0 12 19 35 66 74 84 89 98 121 125 132 140 144 149 152
3 0 26 37 68 69 71 76 79 87 103 109 111 114 122 123 142 144 153 157 159
4 18 23 26 36 43 58 69 72 82 94 117 136 139 144 146 147 151 154
5 12 14 24 31 32 33 40 45 53 55 61 62 70 71 78 105 126 127 131 132 149 153 155
6 0 40 44 47 53 68 75 76 83 86 88 96 100 119 122 125 143 152
7 10 15 16 19 23 30 32 40 42 45 59 62 83 86 90 101 122 130 147 149
8 19 30 33 38 47 53 76 80 90 109 118 128 134 142 148 152 153 159
9 17 27 28 37 55 69 78 83 96 126 129 135 136 156 157
10 7 11 17 20 46 80 85 86 98 106 114 124 126 130 133 136 137 142 145 152
11 1 10 23 36 41 44 55 63 71 73 79 88 94 99 124 127 131 149 156 157 159
12 2 5 24 46 48 51 53 61 67 73 100 119 127 129 132 135 146 152 154
13 0 25 34 36 53 54 57 64 76 86 90 94 103 119 122 129 130 131 136 151 157
14 5 22 29 33 57 109 115 116 118 127 145
15 0 7 37 43 44 48 52 53 56 67 94 101 102 122 132 139 156
16 7 22 31 35 49 50 59 68 70 73 80 81 108 112 129 131
17 1 9 10 26 31 53 55 68 76 82 86 90 98 108 134
18 4 20 22 27 41 46 50 52 65 66 75 77 95 106 130 131 140 153 156
19 2 7 8 27 44 73 74 88 101 102 105 115 146 152
20 10 18 21 60 61 66 70 72 73 81 91 93 97 108 116 120 130 135 147 148
21 1 20 28 30 33 39 42 53 69 71 100 106 111 135 138
22 14 16 18 53 63 67 82 94 109 110 111 114 124 129 155
23 4 7 11 25 45 61 67 77 86 89 110 127 130 133 142
24 5 12 27 39 41 55 58 82 85 91 112 125 126 128 150 156
25 13 23 43 64 69 70 74 98 99 105 124 138 140 142 146 156
26 3 4 17 29 60 61 68 71 73 82 95 111 113 121 124 140 145 154
27 9 18 19 24 34 38 46 47 72 98 102 104 125 126 133 134 140 143 157 159
28 9 21 33 59 67 86 91 101 104 118 126 127 133 139 142 152 154
29 1 14 26 33 39 51 52 67 69 70 87 89 92 98 124 133 150 152 154
30 7 8 21 42 54 99 106 107 108 111 116 123 134 145 158
31 1 5 16 17 36 38 51 81 82 87 95 101 130 131 138 150 154
32 1 5 7 40 42 47 48 49 50 84 86 101 110 122 128 137 142 159
33 5 8 14 21 28 29 41 45 54 66 67 78 96 104 117 122 124 127 131 134 154
34 13 27 42 44 47 57 61 64 67 68 80 86 87 95 96 111 125 137 139
35 2 16 43 49 50 52 59 60 76 91 120 124 126 134 137 138 143 152 155 159
36 4 11 13 31 57 64 87 92 100 116 118 120 121 138 142 152 153
37 3 9 15 38 39 42 45 47 60 61 64 75 84 90 94 95 107 122 129 130 145 151
38 1 8 27 31 37 39 41 44 52 56 61 68 69 74 119 128 131 132 139 146 147 152
39 0 1 21 24 29 37 38 42 43 49 50 51 59 62 88 101 110 114 119 120 134 137 143 145 153 155
40 5 6 7 32 50 51 55 71 76 84 91 111 146 153
41 11 18 24 33 38 47 85 87 95 96 104 113 114 116 119 123 134 149 150
42 1 7 21 30 32 34 37 39 61 68 90 98 99 114 116 132 138 144 148 154
43 4 15 25 35 39 67 79 82 90 101 105 110 124 137 143 144 145 146 148 153 159
44 1 6 11 15 19 34 38 55 66 82 93 100 106 109 113 114 121 122 129 135 143
45 5 7 23 33 37 61 67 68 73 77 80 83 90 97 104 105 110 111 120 130 131 138 146 151 152 155 158
46 10 12 18 27 68 73 80 87 99 107 111 115 117 125 132 140 141
47 1 6 8 27 32 34 37 41 53 64 73 77 104 110 121 124 132 140 150
48 12 15 32 58 64 65 72 81 82 84 86 95 98 106 107 110 115 129 132 142 152
49 16 32 35 39 59 79 82 100 101 108 113 123 145 146 153 154 158
50 16 18 32 35 39 40 51 54 91 99 115 120 123 131 133
51 1 12 29 31 39 40 50 57 67 79 83 86 94 99 114 146 149 155
52 15 18 29 35 38 65 70 100 106 110 121 126 129 137
53 5 6 8 12 13 15 17 21 22 47 56 59 72 73 79 87 96 97 102 111 120 124 126 147 157 158
54 0 13 30 33 50 59 64 68 79 97 117 120 121 123 137 157
55 5 9 11 17 24 40 44 62 66 80 91 97 111 117 118 120 130 135 147 154 159
56 15 38 53 58 60 62 65 92 99 100 101 104 107 113 139 158
57 13 14 34 36 51 62 64 108 112 113 117 120 133 143 147 152 153
58 4 24 48 56 91 108 109 115 119 123 157
59 7 16 28 35 39 49 53 54 61 62 65 69 86 91 92 102 103 104 107 109 112 119 121 135 141 153 159
60 0 20 26 35 37 56 61 63 66 67 68 77 78 79 85 88 99 107 125 136 146 148 149 151
61 5 12 20 23 26 34 37 38 42 45 59 60 69 81 97 100 106 130 131 133 147
62 0 5 7 39 55 56 57 59 72 78 85 91 95 103 112 113 115 122 147 148 150
63 11 22 60 75 80 83 87 99 105 141 145 152 154 155
64 13 25 34 36 37 47 48 54 57 71 72 74 78 81 87 91 92 93 107 119 146 155
65 18 48 52 56 59 73 86 90 97 98 108 113 119 143 145
66 2 18 20 33 44 55 60 71 93 101 108 123 125 129 145 148 155
67 0 12 15 22 23 28 29 33 34 43 45 51 60 75 83 86 123 130 138 142 145 146
68 3 6 16 17 26 34 38 42 45 46 54 60 93 97 101 113 131 135 138 149
69 1 3 4 9 21 25 29 38 59 61 73 95 101 104 114 118 125 132 133 153 155
70 5 16 20 25 29 52 74 94 96 106 112 113 117 123 124 125 130 135 148 154
71 1 3 5 11 21 26 40 64 66 87 88 89 104 119 121 128 132 134 156
72 4 20 27 48 53 62 64 86 100 129 142 156 157
73 11 12 16 19 20 26 45 46 47 53 65 69 91 97 104 111 112 122 143 147 153 155 157
74 2 19 25 38 64 70 77 81 90 95 96 110 111 125 136 138 142 154
75 6 18 37 63 67 91 112 117 126 132 140 145 146 149 151 157
76 3 6 8 13 17 35 40 82 85 91 96 97 101 118 121 125 152
77 18 23 45 47 60 74 81 91 94 98 116 117 131 134 144 148 157
78 5 9 33 60 62 64 96 97 101 115 116 130 152 159
79 3 11 43 49 51 53 54 60 83 103 111 114 115 122 129 131 133 139 142
80 8 10 16 34 45 46 55 63 90 99 116 119 120 133 138
81 16 20 31 48 61 64 74 77 96 97 98 111 115 125 126 131 136 141 153 154
82 0 4 17 22 24 26 31 43 44 48 49 76 85 96 106 111 119 128 139 145 148 149 156 157
83 0 6 7 9 45 51 63 67 79 85 92 98 134 135 141 144 147
84 0 2 32 37 40 48 89 101 104 113 120 121 129 131 135 136 139 151
85 1 10 24 41 60 62 76 82 83 90 92 99 100 101 107 108 109 113 119 126 133 135 141
86 6 7 10 13 17 23 28 32 34 48 51 59 65 67 72 111 114 124 127 129 154 159
87 1 3 29 31 34 36 41 46 53 63 64 71 92 94 96 116 129 136 147 152
88 1 6 11 19 39 60 71 96 97 105 114 128 136 137 150 153
89 2 23 29 71 84 92 103 106 148 152 154
90 7 8 13 17 37 42 43 45 65 74 80 85 91 93 125 134 138 157
91 20 24 28 35 40 50 55 58 59 62 64 73 75 76 77 90 108 110 118 121 122 131 152
92 0 29 36 56 59 64 83 85 87 89 99 100 110 111 117 133 135 150 153
93 0 20 44 64 66 68 90 111 121 124 126 130 132 149 150 153 159
94 4 11 13 15 22 37 51 70 77 87 100 101 104 110 119 124 128 133 138 152 156
95 18 26 31 34 37 41 48 62 69 74 109 122 131 133 134 135 137 142 145 149 155
96 6 9 33 34 41 53 70 74 76 78 81 82 87 88 106 137 144 147 152 157
97 20 45 53 54 55 61 65 68 73 76 78 81 88 99 100 121 128 150
98 1 2 10 17 25 27 29 42 48 65 77 81 83 106 107 111 113 114 117 118 144 153
99 11 25 30 42 46 50 51 56 60 63 80 85 92 97 100 111 124 128 132 137
100 6 12 21 36 44 49 52 56 61 72 85 92 94 97 99 105 106 111 117 126 132 141 144
101 7 15 19 28 31 32 39 43 49 56 66 68 69 76 78 84 85 94 108 119 120 132 146 147 148 151 152
102 0 15 19 27 53 59 104 120 123 130 136 138 142 146 149
103 3 13 59 62 79 89 106 107 108 114 117 123 127 137 140 143 144
104 1 27 28 33 41 45 47 56 59 69 71 73 84 94 102 108 109 113 115 116 139 141
105 5 19 25 43 45 63 88 100 109 125 128 129 140 151
106 1 10 18 21 30 44 48 52 61 70 82 89 96 98 100 103 109 115 118 119 129 146 159
107 30 37 46 48 56 59 60 64 85 98 103 117 120 125 133 136 146 158 159
108 16 17 20 30 49 57 58 65 66 85 91 101 103 104 113 115 134 144
109 1 3 8 14 22 44 58 59 85 95 104 105 106 118 125 137 149
110 22 23 32 39 43 45 47 48 52 74 91 92 94 115 143 155
111 0 1 3 21 22 26 30 34 40 45 46 53 55 73 74 79 81 82 86 92 93 98 99 100 116 123 124 137 139 143 149 155
112 0 16 24 57 59 62 70 73 75 120 137 149 157
113 26 41 44 49 56 57 62 65 68 70 84 85 98 104 108 115 124 132 159
114 0 3 10 22 39 41 42 44 51 69 79 86 88 98 103 120 122 129 136 139 144 150
115 14 19 46 48 50 58 62 78 79 81 104 106 108 110 113 125 130 140 142 143 146 157
116 14 20 30 36 41 42 77 78 80 87 104 111 117 120 122 124 132 146 152 153
117 4 33 46 54 55 57 70 75 77 92 98 100 103 107 116 122 142 143 146 148 155
118 1 8 14 28 36 55 69 76 91 98 106 109 142 144 148 149
119 6 12 13 38 39 41 58 59 64 65 71 80 82 85 94 101 106 122 123 133 135 151 153
120 20 35 36 39 45 50 53 54 55 57 80 84 101 102 107 112 114 116 124 150 155
121 1 2 26 36 44 47 52 54 59 71 76 84 91 93 97 129 132 140 143 155
122 3 6 7 13 15 32 33 37 44 62 73 79 91 95 114 116 117 119 124 127 128 132 149
123 3 30 41 49 50 54 58 66 67 70 102 103 111 119 127 135 136 140 148 157
124 10 11 22 25 26 29 33 35 43 47 53 70 86 93 94 99 111 113 116 120 122 126 133 138 139 154
125 2 6 24 27 34 46 60 66 69 70 74 76 81 90 105 107 109 115 135 140 141 144 150
126 0 5 9 10 24 27 28 35 52 53 75 81 85 93 100 124 154
127 1 5 11 12 14 23 28 33 86 103 122 123 128 131 143 154
128 8 24 32 38 71 82 88 94 97 99 105 122 127 136 137 144 145 146 151 155
129 9 12 13 16 22 37 44 48 52 66 72 79 84 86 87 105 106 114 121 132 148 151
130 1 7 10 13 18 20 23 31 37 45 55 61 67 70 78 93 102 115 131 137 148 149 156 158
131 5 11 13 16 18 31 33 38 45 50 61 68 77 79 81 84 91 95 127 130 137 149
132 0 2 5 12 15 38 42 46 47 48 69 71 75 93 99 100 101 113 116 121 122 129 145 159
133 1 10 23 27 28 29 50 57 61 69 79 80 85 92 94 95 107 119 124 147
134 8 17 27 30 33 35 39 41 71 77 83 90 95 108 145 148 149 151 154
135 9 12 20 21 44 55 59 68 70 83 84 85 92 95 119 123 125 146 147 155
136 4 9 10 13 60 74 81 84 87 88 102 107 114 123 128
137 10 32 34 35 39 43 52 54 88 95 96 99 103 109 111 112 128 130 131 142 143 157 159
138 1 21 25 31 35 36 42 45 67 68 74 80 90 94 102 124
139 4 15 28 34 38 56 79 82 84 104 111 114 124 147
140 2 18 25 26 27 46 47 75 103 105 115 121 123 125 141 147 149 150
141 46 59 63 81 83 85 100 104 125 140 142 145 153 154
142 1 3 8 10 23 25 28 32 36 48 67 72 74 79 95 102 115 117 118 137 141 148 149
143 6 27 35 39 43 44 57 65 73 103 110 111 115 117 121 127 137
144 2 3 4 42 43 77 83 96 98 100 103 108 114 118 125 128
145 10 14 26 30 37 39 43 49 63 65 66 67 75 82 95 128 132 134 141 153 156
146 4 12 19 25 38 40 43 45 49 51 60 64 67 75 101 102 106 107 115 116 117 128 135 149
147 4 7 20 38 53 55 57 61 62 73 83 87 96 101 133 135 139 140 149 150
148 8 20 42 43 60 62 66 70 77 82 89 101 117 118 123 129 130 134 142 155 156
149 2 5 7 11 41 51 60 68 75 82 93 95 102 109 111 112 118 122 130 131 134 140 142 146 147 150 153 155
150 24 29 31 41 47 62 88 92 93 97 114 120 125 140 147 149 155 157 159
151 1 4 13 37 45 60 75 84 101 105 119 128 129 134 158 159
152 2 6 8 10 12 19 28 29 35 36 38 45 48 57 63 76 78 87 89 91 94 96 101 116 154
153 1 3 5 8 18 36 39 40 43 49 57 59 69 73 81 88 92 93 98 116 119 141 145 149 158
154 0 4 12 26 28 29 31 33 42 49 55 63 70 74 81 86 89 124 126 127 134 141 152
155 5 22 35 39 45 51 63 64 66 69 73 95 110 111 117 120 121 128 135 148 149 150 158
156 9 11 15 18 24 25 71 72 82 94 130 145 148
157 3 9 11 13 27 53 54 58 72 73 75 77 82 90 96 112 115 123 137 150
158 30 45 49 53 56 107 130 151 153 155 159
159 0 3 8 11 27 32 35 43 55 59 78 86 93 106 107 113 132 137 150 151 158
