32 191
0 3 5 7 8 11 12 22 23 25 26 29 30
1 2 5 8 9 10 12 14 18 19 20 22 23 24 25 26 29
2 1 3 8 12 14 18 20 21 23 25 28 31
3 0 2 7 8 9 13 20 23 28 31
4 5 6 7 8 9 12 13 25 28
5 0 1 4 7 10 13 15 18 19 21 23 24 25 27 28 29 31
6 4 7 14 21 23 26 28 29
7 0 3 4 5 6 9 10 11 13 14 15 16 19 20 24 25 28 29
8 0 1 2 3 4 9 15 16 18 19 23 25 28 29
9 1 3 4 7 8 14 19 20 22 24 25 27 29
10 1 5 7 14 22 23 24 30 31
11 0 7 12 20 22 23 24 25 26 30
12 0 1 2 4 11 13 14 15 22 28 30
13 3 4 5 7 12 17 19 27 28
14 1 2 6 7 9 10 12 15 16 19 25 30 31
15 5 7 8 12 14 16 20 22 23 25 27 28 29
16 7 8 14 15 21 24 27 28 29
17 13 19 25 27 30
18 1 2 5 8 21 22 29 30
19 1 5 7 8 9 13 14 17 20 21 22 26 28 29 31
20 1 2 3 7 9 11 15 19 21 22 23 27 30
21 2 5 6 16 18 19 20 31
22 0 1 9 10 11 12 15 18 19 20 24 29 30 31
23 0 1 2 3 5 6 8 10 11 15 20 25 26 27 28 30
24 1 5 7 9 10 11 16 22 25 26 27 28 29 31
25 0 1 2 4 5 7 8 9 11 14 15 17 23 24 26
26 0 1 6 11 19 23 24 25 31
27 5 9 13 15 16 17 20 23 24 28 29
28 2 3 4 5 6 7 8 12 13 15 16 19 23 24 27
29 0 1 5 6 7 8 9 15 16 18 19 22 24 27 30
30 0 10 11 12 14 17 18 20 22 23 29
31 2 3 5 10 14 19 21 22 24 26
