34 191
0 6 12 14 17 19 22 23 25 27 31 33
1 4 8 10 11 13 19 21 28
2 4 5 6 8 16 17 19 25 26 29 33
3 6 8 10 16 18 20 22 24 25 28 29 30 32 33
4 1 2 5 8 10 16 18 22 23 25 27 32
5 2 4 6 7 8 12 13 14 16 17 20 22 23 24 30 31 33
6 0 2 3 5 10 13 23 24 25 27 30
7 5 10 14 18 19 23 24
8 1 2 3 4 5 9 16 17 21 24 26 27 30
9 8 10 23 24 26 27 28 30 31
10 1 3 4 6 7 9 16 25 27 28 29 31 32
11 1 20 23 24 27 29 31
12 0 5 18 23 28 33
13 1 5 6 16 18 21 22 23 24 25 27 29 30 31 32
14 0 5 7 16 18 19 29 30 33
15 18 21 23 28 33
16 2 3 4 5 8 10 13 14 18 21 22 23 26 27 29 33
17 0 2 5 8 24 26 28 32
18 3 4 7 12 13 14 15 16 20 21 22 29
19 0 1 2 7 14 22 27 30
20 3 5 11 18 22 23 24 25 26 27 28 29 30
21 1 8 13 15 16 18 24 25 30 33
22 0 3 4 5 13 16 18 19 20 24 31
23 0 4 5 6 7 9 11 12 13 15 16 20 26 29 30 32
24 3 5 6 7 8 9 11 13 17 20 21 22 26 29 31
25 0 2 3 4 6 10 13 20 21 27 29 33
26 2 8 9 16 17 20 23 24 27 28
27 0 4 6 8 9 10 11 13 16 19 20 25 26 28 30
28 1 3 9 10 12 15 17 20 26 27 29 33
29 2 3 10 11 13 14 16 18 20 23 24 25 28
30 3 5 6 8 9 13 14 19 20 21 23 27 31 32
31 0 5 9 10 11 13 22 24 30 33
32 3 4 10 13 17 23 30
33 0 2 3 5 12 14 15 16 21 25 28 31
