78 416
0 10 11 17 22 47 50 62 77
1 15 23 27 34 43 49 55 57 62 63 74
2 4 7 11 20 21 27 47 62 66 72 77
3 11 31 35 46 75
4 2 6 7 46 67 75
5 10 18 21 24 25 26 33 38 46 49 51 52 65 68
6 4 19 32 33 46 62 66 75
7 2 4 11 13 14 16 22 40 48 65 72 77
8 12 14 19 20 34 37 50 59 69 70 74 76
9 24 29 40 50
10 0 5 15 21 25 33 35 36 37 48 53 54 73
11 0 2 3 7 21 25 33 50 54 55 67 74 75
12 8 15 17 25 32 42 48 50 56 58 68 70 71
13 7 20 21 24 28 38 42 43 44 51 58 62 66 73
14 7 8 20 32 35 36 42 43 45 50 57 65 68 70 71 72 75
15 1 10 12 25 27 30 31 33 42 48 58 59 60 61 64 76
16 7 17 22 32 33 35 44 46 55 60 71
17 0 12 16 33 35 37 58 65 69 71 75
18 5 40 49 55 65 71
19 6 8 20 39 68 77
20 2 8 13 14 19 22 25 30 37 38 39 42 43 46 54 77
21 2 5 10 11 13 29 34 45 51 52 55 61 67 75
22 0 7 16 20 32 36 64
23 1 24 40 44 49 75
24 5 9 13 23 30 43 51 52 58 62 66 68 74
25 5 10 11 12 15 20 29 35 54 55 65 72
26 5 29 34 47 68 73
27 1 2 15 43 51 54 66 68 69 75 76
28 13 33 37 45 49 50 60 63 65 70
29 9 21 25 26 30 53 60 63 67 69
30 15 20 24 29 55 72 76
31 3 15 33 37 43 54 69 71
32 6 12 14 16 22 35 53 73
33 5 6 10 11 15 16 17 28 31 39 47 49 53 54 58 65 68 72 74 75 76
34 1 8 21 26 46 56 57 67 68
35 3 10 14 16 17 25 32 52 53 54 59 60 71 72
36 10 14 22 37 38 39 41 48 49 51 53 63 71
37 8 10 17 20 28 31 36 43 62 66 68 77
38 5 13 20 36 39 54 69 70
39 19 20 33 36 38 45 46 51 59 60 66 67 68 69 75
40 7 9 18 23 55 63 70
41 36 54 59 66 74
42 12 13 14 15 20 58 62 64
43 1 13 14 20 24 27 31 37 46 53 64 69 72 73
44 13 16 23
45 14 21 28 39 60 61 63 66 71 77
46 3 4 5 6 16 20 34 39 43 49 52 60 65 66
47 0 2 26 33 51 52 53 57 65 66
48 7 10 12 15 36 59 65
49 1 5 18 23 28 33 36 46 56 57 59 62 63 67 76
50 0 8 9 11 12 14 28 66 67 70 72 76
51 5 13 21 24 27 36 39 47 53 74
52 5 21 24 35 46 47 58 61 65 66
53 10 29 32 33 35 36 43 47 51 58 65 71
54 10 11 20 25 27 31 33 35 38 41 58 64
55 1 11 16 18 21 25 30 40 61
56 12 34 49 58 60 65 71
57 1 14 34 47 49 61 66 73
58 12 13 15 17 24 33 42 52 53 54 56 61 62 73 74 77
59 8 15 35 39 41 48 49 69 74
60 15 16 28 29 35 39 45 46 56 66 77
61 15 21 45 52 55 57 58
62 0 1 2 6 13 24 37 42 49 58 64 73
63 1 28 29 36 40 45 49 64
64 15 22 42 43 54 62 63 71 74 75
65 5 7 14 17 18 25 28 33 46 47 48 52 53 56 67 68
66 2 6 13 24 27 37 39 41 45 46 47 50 52 57 60 69
67 4 11 21 29 34 39 49 50 65 70 71 72
68 5 12 14 19 24 26 27 33 34 37 39 65
69 8 17 27 29 31 38 39 43 59 66 72 77
70 8 12 14 28 38 40 50 67 76 77
71 12 14 16 17 18 31 35 36 45 53 56 64 67
72 2 7 14 25 30 33 35 43 50 67 69
73 10 13 26 32 43 57 58 62 75
74 1 8 11 24 33 41 51 58 59 64
75 3 4 6 11 14 17 21 23 27 33 39 64 73 77
76 8 15 27 30 33 49 50 70
77 0 2 7 19 20 37 45 58 60 69 70 75
