192 3114
0 3 10 11 16 25 34 37 39 40 42 46 52 54 56 66 67 70 74 77 81 88 89 90 94 95 96 103 116 117 124 126 131 133 142 152 156 161 163 164 165 172 178 185 188
1 7 9 13 18 23 30 35 40 42 67 68 71 72 76 77 79 81 87 89 90 94 99 106 123 124 137 141 143 146 158 159 166 171 174 188
2 7 10 17 28 29 34 46 65 68 76 78 79 83 94 95 102 105 124 126 128 130 132 138 149 153 155 156 160 165 166 177 178 181 188
3 0 11 18 25 32 33 40 66 67 77 85 107 109 110 117 124 129 131 133 141 143 147 148 149 166 173
4 9 16 23 41 52 58 63 72 83 84 87 90 105 109 120 127 129 133 136 151 153 154 157 158 170 171 172 175 186
5 10 15 24 28 32 34 35 37 39 43 44 48 56 58 63 64 67 68 74 79 80 92 97 102 104 119 120 121 126 137 139 140 143 144 147 148 149 155 159 167 169 180
6 8 10 14 18 23 30 37 38 42 60 65 67 69 77 78 79 82 83 90 114 134 139 141 149 151 159 160 161 162 165 170
7 1 2 13 15 16 31 36 42 52 53 56 61 65 68 70 72 75 77 78 101 104 105 109 110 112 113 120 128 140 147 160
8 6 18 24 28 32 40 43 45 55 56 65 75 80 86 89 98 107 108 114 115 118 122 128 130 132 138 139 157 167 176 178 179 182 186
9 1 4 11 20 29 36 38 40 43 46 52 57 63 64 74 81 84 86 93 106 107 109 113 134 146 147 149 151 156 159 170 176 179
10 0 2 5 6 21 35 38 41 45 55 60 63 70 72 73 74 86 97 100 102 103 123 126 131 141 142 148 155 177 181 183 184 188 189
11 0 3 9 20 29 34 39 43 51 53 55 62 63 71 93 94 95 97 100 112 120 122 128 131 134 135 136 149 153 157 159 164 165 171 179
12 13 29 30 35 42 50 53 59 72 82 87 94 99 102 108 116 117 120 127 131 146 153 158 161 162 169 181 183 187 189
13 1 7 12 16 31 35 39 40 41 42 43 46 47 62 66 72 79 80 86 87 95 99 104 113 123 133 145 149 160 166 168 173 174 175 176 177 181
14 6 15 30 34 37 44 52 53 61 74 79 83 87 89 93 99 112 121 124 130 135 139 146 156 157 169 175 176 178 181 188
15 5 7 14 18 23 29 30 33 39 42 47 50 63 66 68 69 73 74 77 78 79 86 94 98 100 105 119 123 125 130 139 142 147 154 175 178 183 186
16 0 4 7 13 22 24 30 38 41 47 49 58 68 71 76 83 86 88 94 102 109 110 116 121 130 131 133 136 145 158 160 163 165 168 169 171 182 185 186 188 189 190
17 2 19 21 33 41 53 54 57 62 67 74 84 90 99 101 103 107 118 119 125 133 134 143 146 178 187
18 1 3 6 8 15 23 27 29 33 36 47 48 56 66 69 73 86 96 99 100 101 104 108 115 119 121 125 126 140 148 154 156 159 162 164 184 185
19 17 23 24 28 31 32 34 39 44 53 62 64 69 80 83 91 106 116 140 141 143 145 148 161 163 170 171 172 184 187
20 9 11 28 34 38 40 47 54 71 73 87 92 111 115 116 120 133 140 141 144 146 148 150 157 158 162 164 167 171 177
21 10 17 30 31 39 56 57 59 67 74 79 83 90 98 102 129 139 150 161 166 169 172 173 176 189 190 191
22 16 41 42 43 50 51 53 56 57 58 62 76 78 81 109 110 120 123 161 167 169 177 179 190
23 1 4 6 15 18 19 26 28 40 43 53 62 70 72 79 80 86 113 119 120 121 126 131 139 143 146 150 153 155 160 161 163 181 182 183 187
24 5 8 16 19 25 43 71 79 84 88 100 102 115 119 127 139 140 141 143 144 153 155 164 175 176 179 180 187 188
25 0 3 24 29 36 40 47 51 53 57 59 70 86 93 95 104 105 106 107 109 111 117 120 127 135 138 149 150 158 169 173 174 190 191
26 23 35 36 37 52 54 58 64 67 85 86 95 98 102 105 107 111 113 116 118 122 132 151 153 158 163 169 171 173 177 181 184 190 191
27 18 30 32 35 36 38 50 55 60 75 78 83 84 101 108 110 133 138 145 146 151 155 156 157 160 165 179 189 191
28 2 5 8 19 20 23 39 44 47 71 73 87 96 97 100 102 105 107 118 122 144 145 147 155 158 159 164 166 168 169 174 175 179 184 186 188 189
29 2 9 11 12 15 18 25 30 49 70 72 79 80 89 95 96 99 100 105 106 111 112 120 123 124 131 147 152 158 161 166 175 190
30 1 6 12 14 15 16 21 27 29 31 39 52 53 60 62 63 74 88 89 94 98 105 110 115 137 140 172
31 7 13 19 21 30 32 37 46 49 51 57 63 68 70 72 87 99 104 109 112 120 121 122 125 128 135 146 148 152 160 165 167 176 177 180 181 183 189
32 3 5 8 19 27 31 33 37 47 56 62 66 68 73 81 84 93 99 102 103 104 106 107 110 113 121 124 135 138 140 145 146 166 171 189 191
33 3 15 17 18 32 38 40 45 50 53 61 62 63 64 77 85 87 97 103 108 117 124 125 143 147 150 155 164 168 174 177
34 0 2 5 11 14 19 20 39 53 67 70 74 80 85 91 92 93 106 116 123 124 126 127 129 137 143 146 150 164 167 171 181
35 1 5 10 12 13 26 27 63 69 73 77 93 95 104 105 107 108 112 114 116 118 123 141
36 7 9 18 25 26 27 41 48 65 74 75 76 93 115 118 123 136 139 158 163 172 173 177 185
37 0 5 6 14 26 31 32 49 53 55 58 59 61 73 82 90 91 93 95 104 117 121 137 144 151 160 172 190
38 6 9 10 16 20 27 33 40 42 54 60 66 69 85 90 94 98 104 114 125 128 130 138 143 144 145 146 148 152 167 168 175 183 187 190 191
39 0 5 11 13 15 19 21 28 30 34 55 58 59 62 63 65 67 68 75 92 98 99 114 115 119 121 123 125 130 134 136 141 142 146 148 153 163 167 171 172 173 178
40 0 1 3 8 9 13 20 23 25 33 38 47 52 60 61 71 72 98 99 108 135 145 155 159 175 178 190
41 4 10 13 16 17 22 36 49 56 63 66 83 84 95 107 119 122 140 145 148 155 163 174 187
42 0 1 6 7 12 13 15 22 38 48 53 56 57 71 75 82 84 85 89 92 97 101 106 111 119 142 147 163 165 169 174 190 191
43 5 8 9 11 13 22 23 24 45 53 55 57 58 62 65 73 75 80 83 87 93 97 105 107 112 123 132 133 136 137 141 147 155 159 168 177 186
44 5 14 19 28 50 65 73 77 80 81 82 83 85 98 101 108 114 115 116 127 152 166 179 181 182 185 191
45 8 10 33 43 50 52 59 61 67 75 77 82 89 92 93 96 110 111 113 117 119 131 170 183 186 190
46 0 2 9 13 31 53 54 59 61 72 82 86 97 101 105 106 107 111 115 118 121 127 137 138 140 149 151 152 153 157 160 168 171 178 185
47 13 15 16 18 20 25 28 32 40 57 62 64 67 74 83 98 99 112 115 118 132 133 141 151 155 163 164 171 177 178 188
48 5 18 36 42 49 59 61 66 67 68 69 75 97 109 114 116 117 120 128 130 154 156 159 160 164 171 172 181 185 191
49 16 29 31 37 41 48 65 69 73 75 83 90 93 95 96 110 117 127 134 135 143 147 161 163 166 171 176 184 188
50 12 15 22 27 33 44 45 51 70 76 84 86 94 95 96 101 105 114 117 118 120 122 124 130 132 145 151 159 164 169 170 173
51 11 22 25 31 50 64 65 66 73 83 86 87 97 110 120 124 128 133 137 142 146 154 155 156 167 168 182
52 0 4 7 9 14 26 30 40 45 56 60 62 65 66 67 70 72 77 103 109 115 117 119 121 127 129 136 148 151 156 157 159 161 163 165 184 186
53 7 11 12 14 17 19 22 23 25 30 33 34 37 42 43 46 54 55 59 60 63 65 71 86 87 91 102 103 111 113 120 128 137 139 145 158 160 163 165 179 184 186
54 0 17 20 26 38 46 53 56 57 78 81 83 85 89 91 92 93 97 110 118 123 125 137 140 154 155 157 158 174 176 184 187 190
55 8 10 11 27 37 39 43 53 62 67 72 74 81 91 100 113 117 121 122 128 129 133 137 150 153 154 158 159 172 174 176 189
56 0 5 7 8 18 21 22 32 41 42 52 54 59 62 75 80 83 88 96 97 102 107 113 119 120 121 129 131 136 138 142 150 152 162 163 175 179 187
57 9 17 21 22 25 31 42 43 47 54 59 64 65 66 102 107 119 128 131 136 137 141 145 160 162 173 181 189
58 4 5 16 22 26 37 39 43 65 72 80 89 93 94 97 99 101 111 112 116 121 139 143 146 158 166 169 172 174 191
59 12 21 25 37 39 45 46 48 53 56 57 60 76 81 103 108 119 142 150 152 159 175 181 191
60 6 10 27 30 38 40 52 53 59 70 75 78 80 82 90 96 105 123 126 130 133 144 162 173 174 177 184 185
61 7 14 33 37 40 45 46 48 71 104 124 126 130 136 155 162 165 166 167 171 178 181 182 185
62 11 13 17 19 22 23 30 32 33 39 43 47 52 55 56 75 82 95 97 102 123 127 135 139 141 143 148 149 151 172 181
63 4 5 9 10 11 15 30 31 33 35 39 41 53 70 74 77 89 92 102 103 110 111 112 114 115 120 126 132 134 139 141 146 151 155 165 178 180 185 190
64 5 9 19 26 33 47 51 57 84 96 102 103 116 117 118 123 124 128 131 133 135 139 152 158 170 174 179 185 187
65 2 6 7 8 36 39 43 44 49 51 52 53 57 58 67 68 80 85 98 99 103 110 113 114 118 123 124 126 131 136 137 143 144 145 147 151 162 178 186
66 0 3 13 15 18 32 38 41 48 51 52 57 75 81 89 92 99 111 112 115 116 118 130 133 136 138 148 162 164 171 178 187
67 0 1 3 5 6 17 21 26 34 39 45 47 48 52 55 65 76 93 94 108 114 119 125 129 130 139 142 155 177 180 183 188
68 1 2 5 7 15 16 31 32 39 48 65 71 72 80 82 93 94 101 120 124 128 131 144 146 150 154 178 186 191
69 6 15 18 19 35 38 48 49 70 74 80 90 91 93 100 102 103 104 122 126 134 136 151 155 165 169 185
70 0 7 10 23 25 29 31 34 50 52 60 63 69 79 85 87 94 109 117 126 137 142 143 150 152 153 156 164 165 167 170 176 177 179 181 188
71 1 11 16 20 24 28 40 42 53 61 68 73 76 77 90 91 97 101 106 109 124 127 130 141 145 146 147 148 151 156 157 159 160 161 163 165 170 185 190
72 1 4 7 10 12 13 23 29 31 40 46 52 55 58 68 76 98 105 109 117 124 127 139 151 157 161 166 168 172 175 178 179 184
73 10 15 18 20 28 32 35 37 43 44 49 51 71 83 89 95 104 107 118 126 128 136 138 163 165 167 172 173 190
74 0 5 9 10 14 15 17 21 30 34 36 47 55 63 69 77 79 80 83 95 96 98 99 115 118 121 122 134 138 142 144 150 164 169 174 175 179 181 186
75 7 8 27 36 39 42 43 45 48 49 56 60 62 66 76 83 84 96 97 99 103 105 109 123 124 131 138 139 144 148 150 151 152 158 161 169 171 172 173 174 177 180 186 191
76 1 2 16 22 36 50 59 67 71 72 75 78 83 107 115 118 123 128 142 149 150 153 157 161 167 183 191
77 0 1 3 6 7 15 33 35 44 45 52 63 71 74 82 83 97 100 111 112 116 117 118 137 138 140 149 151 172 179 181
78 2 6 7 15 22 27 54 60 76 86 87 94 98 105 108 109 119 127 129 131 137 140 146 157 164 174 175 181 183 188
79 1 2 5 6 13 14 15 21 23 24 29 70 74 98 107 108 110 113 114 120 122 124 135 136 137 145 147 150 151 161 170 180 184 187
80 5 8 13 19 23 29 34 43 44 56 58 60 65 68 69 74 85 88 92 96 98 111 113 115 122 129 133 135 137 139 142 146 153 156 160 162 163 168 179 186 187 189
81 0 1 9 22 32 44 54 55 59 66 83 87 89 99 110 124 125 126 145 151 152 153 157 166 183 186
82 6 12 37 42 44 45 46 60 62 68 77 88 96 113 118 120 122 130 131 134 150 152 156 157 165 167 181
83 2 4 6 14 16 19 21 27 41 43 44 47 49 51 54 56 73 74 75 76 77 81 93 124 132 156 161 167 176
84 4 9 17 24 27 32 41 42 50 64 75 88 89 91 98 110 113 116 117 126 129 131 133 136 139 148 150 166 174 177 178 186 188
85 3 26 33 34 38 42 44 54 65 70 80 92 99 102 103 106 111 120 122 123 128 129 144 147 150 154 156 158 166 176 178
86 8 9 10 13 15 16 18 23 25 26 46 50 51 53 78 97 98 103 106 108 114 123 130 139 140 148 157 163 164 165 167 170 174 188 191
87 1 4 12 13 14 20 28 31 33 43 51 53 70 78 81 96 99 101 104 105 111 118 121 131 132 138 143 146 153 154 156 165 176 183 188
88 0 16 24 30 56 80 82 84 91 92 96 104 105 108 115 122 123 125 138 144 147 152 153 155 159 174 176 181 182 183 186 189 190
89 0 1 8 14 29 30 42 45 54 58 63 66 73 81 84 94 99 106 108 109 135 140 149 152 164 170 174 177 187 188
90 0 1 4 6 17 21 37 38 49 60 69 71 92 93 94 95 96 109 121 122 127 143 144 145 169 179 182 183 184 185
91 19 34 37 53 54 55 69 71 84 88 103 104 118 126 127 136 143 145 146 147 160 163 164 168 169 170 171 179 182
92 5 20 34 39 42 45 54 63 66 80 85 88 90 99 101 108 137 144 145 147 177 178 185 187 189 191
93 9 11 14 25 32 34 35 36 37 43 45 49 54 58 67 68 69 83 90 96 99 101 111 121 127 132 138 141 142 144 146 148 149 151 152 153 157 172 186 191
94 0 1 2 11 12 15 16 30 38 50 58 67 68 70 78 89 90 96 97 116 126 128 129 130 155 158 166 168 183 188
95 0 2 11 13 25 26 29 35 37 41 49 50 62 73 74 90 100 105 108 117 120 121 123 132 133 146 149 151 152 164 166
96 0 18 28 29 45 49 50 56 60 64 74 75 80 82 87 88 90 93 94 102 103 105 108 109 118 121 122 123 130 133 139 140 143 146 155 163 164 168 169 172 173 174 175 184
97 5 10 11 28 33 42 43 46 48 51 54 56 58 62 71 75 77 86 94 104 115 119 124 146 153 161 165 167 172 177 184
98 8 15 21 26 30 38 39 40 44 47 65 72 74 78 79 80 84 86 102 104 110 118 133 143 144 145 149 155 164 165 169 178 187 190 191
99 1 12 13 14 17 18 29 31 32 39 40 47 58 65 66 74 75 81 85 87 89 92 93 105 113 117 119 120 125 126 128 129 130 131 144 151 152 154 157 160 161 163 166 175 178
100 10 11 15 18 24 28 29 55 69 77 95 111 122 128 129 136 137 140 144 146 159 172 177 178 179 184 189
101 7 17 18 27 42 44 46 50 58 68 71 87 92 93 103 104 106 128 139 144 161 162 171 189
102 2 5 10 12 16 21 24 26 28 32 53 56 57 62 63 64 69 85 96 98 106 110 113 123 131 138 140 142 146 149 151 155 165 173 174 178 181 182
103 0 10 17 32 33 52 53 59 63 64 65 69 75 85 86 91 96 101 105 108 113 116 129 133 138 143 146 151 162 163 165 179 181 187 188 189 190
104 5 7 13 18 25 31 32 35 37 38 61 69 73 87 88 91 97 98 101 116 119 121 127 131 138 143 145 147 154 158 160 161 172 176 178 181 187 188 191
105 2 4 7 15 25 26 28 29 30 35 43 46 50 60 72 75 78 87 88 95 96 99 103 106 107 109 126 129 133 135 151 152 155 163 171 174 178 185
106 1 9 19 25 29 32 34 42 46 71 85 86 89 101 102 105 107 114 119 126 128 136 138 148 177 183
107 3 8 9 17 25 26 28 32 35 41 43 46 56 57 73 76 79 105 106 111 114 117 121 146 148 161 172 174 184 185 187
108 8 12 18 27 33 35 40 44 59 67 78 79 86 88 89 92 95 96 103 136 138 139 151 152 155 157 160 169 170 175 187
109 3 4 7 9 16 22 25 31 48 52 70 71 72 75 78 89 90 96 105 131 133 137 142 151 156 160 164 166 167 171 173 177 186
110 3 7 16 22 27 30 32 45 49 51 54 63 65 79 81 84 98 102 129 146 160 163 166 173 176 182 184
111 20 25 26 29 42 45 46 53 58 63 66 77 80 85 87 93 100 107 116 121 134 148 154 160 163 171 172 181 182
112 7 11 14 29 31 35 43 47 58 63 66 77 126 135 143 147 151 152 153 154 158 173 174 179 183
113 7 9 13 23 26 32 45 53 55 56 65 79 80 82 84 99 102 103 115 116 126 129 134 141 143 145 148 170 171 173 174 177 179 190
114 6 8 35 38 39 44 48 50 63 65 67 79 86 106 107 117 124 125 127 140 141 142 150 155 158 161 165 178 182 189 191
115 8 18 20 24 30 36 39 44 46 47 52 63 66 74 76 80 88 97 113 127 132 140 142 150 153 169 176 188
116 0 12 16 19 20 26 34 35 44 48 58 64 66 77 84 94 103 104 111 113 120 121 128 129 138 141 144 148 152 160 165 170 171 172 183
117 0 3 12 25 33 37 45 48 49 50 52 55 64 70 72 77 84 95 99 107 114 118 119 131 133 137 138 143 147 151 161 171 172 174 178 181 182
118 8 17 26 28 35 36 46 47 50 54 64 65 66 73 74 76 77 82 87 91 96 98 117 121 123 126 127 131 135 136 139 140 143 146 171 176 182 184
119 5 15 17 18 23 24 39 41 42 45 52 56 57 59 67 78 97 99 104 106 117 121 130 133 135 143 148 154 156 163 169 171 173 178 184
120 4 5 7 11 12 20 22 23 25 29 31 48 50 51 53 56 63 68 79 82 85 95 99 116 121 133 138 141 142 156 169 175 180 182 187 189
121 5 14 16 18 23 31 32 37 39 46 52 55 56 58 74 87 90 93 95 96 104 107 111 116 118 119 120 134 146 154 159 161 173 180 181
122 8 11 26 28 31 41 50 55 69 74 79 80 82 85 88 90 96 100 126 129 132 135 139 143 153 154 167 172 177
123 1 10 13 15 22 29 34 35 36 39 43 54 60 62 64 65 75 76 85 86 88 95 96 102 118 129 135 141 142 146 157 158 165 175 178 182 185 186
124 0 1 2 3 14 29 32 33 34 50 51 61 64 65 68 71 72 75 79 81 83 97 114 128 140 149 151 155 161 164 170 171 181 185 186 190
125 15 17 18 31 33 38 39 54 67 81 88 99 114 126 128 140 144 151 160 166
126 0 2 5 10 18 23 34 60 61 63 65 69 70 73 81 84 91 94 99 105 106 112 113 118 122 125 128 129 132 135 149 151 160 162 176 181 186
127 4 12 24 25 34 44 46 49 52 62 71 72 78 90 91 93 104 114 115 118 159 170 171 173 177
128 2 7 8 11 31 38 48 51 53 55 57 64 68 73 76 85 94 99 100 101 106 116 124 125 126 131 135 139 140 143 148 156 169 170 174 181 183 189 190
129 3 4 21 34 52 55 56 67 78 80 84 85 94 99 100 103 105 110 113 116 122 123 126 135 140 149 152 155 162 169 172 176 187 191
130 2 8 14 15 16 38 39 48 50 60 61 66 67 71 82 86 94 96 99 119 132 139 140 147 150 160 163 169 177 178 181 184
131 0 3 10 11 12 16 23 29 45 56 57 64 65 68 75 78 82 84 87 99 102 104 109 117 118 128 134 148 154 171 178 180 190
132 2 8 26 43 47 50 63 83 87 93 95 115 122 126 130 135 149 151 154 155 167 172 173 177 189 190
133 0 3 4 13 16 17 20 27 43 47 51 55 60 64 66 80 84 95 96 98 103 105 109 117 119 120 134 151 160 161 169 171 173 177 182 183 188
134 6 9 11 17 39 49 63 69 74 82 111 113 121 131 133 135 140 143 146 153 155 156 167 173 177
135 11 14 25 31 32 40 49 62 64 79 80 89 105 112 118 119 122 123 126 128 129 132 134 150 153 155 157 166 170 188 189
136 4 11 16 36 39 43 52 56 57 61 65 66 69 73 79 84 91 100 106 108 118 141 147 153 181 182 187 190
137 1 5 30 34 37 43 46 51 53 54 55 57 65 70 77 78 79 80 92 100 109 117 138 142 144 150 154 156 157 161 164 191
138 2 8 25 27 32 38 46 56 66 73 74 75 77 87 88 93 102 103 104 106 108 116 117 120 137 139 142 151 157 172 174 175
139 5 6 8 14 15 21 23 24 36 53 58 62 63 64 67 72 75 80 84 86 96 101 108 118 122 128 130 138 145 148 149 150 157 177 179 183
140 5 7 18 19 20 24 30 32 41 46 54 77 78 86 89 96 100 102 114 115 118 124 125 128 129 130 134 142 151 162 173 176 177
141 1 3 6 10 19 20 24 35 39 43 47 57 62 63 71 93 113 114 116 120 123 136 142 143 146 161 164 171 174 181 183 189 191
142 0 10 15 39 42 51 56 59 67 70 74 76 80 93 102 109 114 115 120 123 137 138 140 141 143 151 156 157 163 166 174 190
143 1 3 5 17 19 23 24 33 34 38 49 58 62 65 70 87 90 91 96 98 103 104 112 113 117 118 119 122 128 134 141 142 159 163 167 168 172 186 188
144 5 20 24 28 37 38 60 65 68 74 75 85 88 90 92 93 98 99 100 101 116 125 137 145 162 163 169 172 177 178
145 13 16 19 27 28 32 38 40 41 50 53 57 65 71 79 81 90 91 92 98 104 113 139 144 158 170 186 189
146 1 9 12 14 17 20 23 27 31 32 34 38 39 51 58 63 68 71 78 80 87 91 93 95 96 97 100 102 103 107 110 118 121 123 134 141 148 157 161 167 186 187 188
147 3 5 7 9 15 28 29 33 42 43 49 65 71 79 85 88 91 92 104 112 117 130 136 154 161 165 167 170 191
148 3 5 10 18 19 20 31 38 39 41 52 62 66 71 75 84 86 93 106 107 111 113 116 119 128 131 139 146 155 171 175 178 180
149 2 3 5 6 9 11 13 25 46 62 76 77 89 93 95 98 102 124 126 129 132 139 155 158 164 178 183 184 188 189
150 20 21 23 25 33 34 55 56 59 68 70 74 75 76 79 82 84 85 114 115 130 135 137 139 151 170 174 185 186
151 4 6 9 26 27 37 46 47 50 52 62 63 65 69 71 72 75 77 79 81 93 95 99 102 103 105 108 109 112 117 124 125 126 132 133 138 140 142 150 154 161 169 173 174 178 180 190
152 0 29 31 38 44 46 56 59 64 70 75 81 82 88 89 93 95 99 105 108 112 116 129 155 156 159 173 184
153 2 4 11 12 23 24 26 39 46 55 70 76 80 81 87 88 93 97 112 115 122 134 135 136 155 156 158 166 175 177 186 189 191
154 4 15 18 48 51 54 55 68 85 87 99 104 111 112 119 121 122 131 132 137 147 151 157 162 165 170 180 182 184 186 188 189
155 2 5 10 23 24 27 28 33 40 41 43 47 51 54 61 63 67 69 88 94 96 98 102 105 108 114 124 129 132 134 135 148 149 152 153 159 162 163 174 182
156 0 2 9 14 18 27 48 51 52 70 71 80 82 83 85 87 109 119 120 128 134 137 142 152 153 162 170 176 181 184 188
157 4 8 11 14 20 27 46 52 54 71 72 76 78 81 82 86 93 99 108 123 135 137 138 139 142 146 154 168 172 176 179 185 189 190
158 1 4 12 16 20 25 26 28 29 36 53 54 55 58 64 75 85 94 104 112 114 123 145 149 153 169 175 181 186 190
159 1 5 6 9 11 18 28 40 43 48 50 52 55 59 71 88 100 121 127 143 152 155 163 165 169 173 177 178 179 185 191
160 2 6 7 13 16 23 27 31 37 46 48 53 57 71 80 91 99 104 108 109 110 111 116 125 126 130 133 162 164 165 176 183 186 191
161 0 6 12 19 21 22 23 29 49 52 71 72 75 76 79 83 97 99 101 104 107 114 117 121 124 133 137 141 146 147 151 174 176 180 186 191
162 6 12 18 20 56 57 60 61 65 66 80 101 103 126 129 140 144 154 155 156 160 166 178 185 186
163 0 16 19 23 26 36 39 41 42 47 49 52 53 56 71 73 80 86 91 96 99 103 105 110 111 119 130 142 143 144 155 159 167 168 170 173 178 182 190
164 0 11 18 20 24 28 33 34 47 48 50 66 70 74 78 86 89 91 95 96 98 109 124 137 141 149 160 166 169 170 171 186 187 190
165 0 2 6 11 16 27 31 42 52 53 61 63 69 70 71 73 82 86 87 97 98 102 103 114 116 123 147 154 159 160 169 174
166 1 2 3 13 21 28 29 32 44 49 58 61 72 81 84 85 94 95 99 109 110 125 135 142 153 162 164 167 169 170 177 179 188
167 5 8 20 22 31 34 38 39 51 61 70 73 76 82 83 86 97 109 122 132 134 143 146 147 163 166 172 173 175 176 184 185 187
168 13 16 28 33 38 43 46 51 72 80 91 94 96 143 157 163 179 187 189
169 5 12 14 16 21 22 25 26 28 42 50 58 69 74 75 90 91 96 98 108 115 119 120 128 129 130 133 144 151 158 159 164 165 166 176 185
170 4 6 9 19 45 50 64 70 71 79 86 89 91 108 113 116 124 127 128 135 145 147 150 154 156 163 164 166 180 184
171 1 4 11 16 19 20 26 32 34 39 46 47 48 49 61 66 75 91 101 105 109 111 113 116 117 118 119 124 127 131 133 141 148 164 177 179
172 0 4 19 21 30 36 37 39 48 55 58 62 72 73 75 77 93 96 97 100 104 107 111 116 117 122 129 132 138 143 144 157 167 174 187
173 3 13 21 25 26 36 39 50 57 60 73 75 96 102 109 110 112 113 119 121 127 132 133 134 140 151 152 159 163 167 179 180 181 183 188
174 1 13 25 28 33 41 42 54 55 58 60 64 74 75 78 84 86 88 89 96 102 105 107 112 113 117 128 138 141 142 150 151 155 161 165 172 176 179 183 184 185 187
175 4 13 14 15 24 28 29 38 40 56 59 72 74 78 96 99 108 120 123 138 148 153 158 167 183
176 8 9 13 14 21 24 31 49 54 55 70 83 85 87 88 104 110 115 118 126 129 140 156 157 160 161 167 169 174 178 185 190
177 2 10 13 20 22 26 31 33 36 43 47 60 67 70 75 84 89 92 97 100 106 109 113 122 127 130 132 133 134 139 140 144 153 159 166 171 181 189 190
178 0 2 8 14 15 17 39 40 46 47 61 63 65 66 68 72 84 85 92 98 99 100 102 104 105 114 117 119 123 130 131 144 148 149 151 159 162 163 176 183 185 188 191
179 8 9 11 22 24 27 28 44 53 56 64 70 72 74 77 80 90 91 100 103 112 113 139 157 159 166 168 171 173 174
180 5 24 31 63 67 75 79 120 121 131 148 151 154 161 170 173 186 189
181 2 10 12 13 14 23 26 31 34 44 48 57 59 61 62 70 74 77 78 82 88 102 103 104 111 117 121 124 126 128 130 136 141 156 158 173 177 191
182 8 16 23 44 51 61 88 90 91 102 110 111 114 117 118 120 123 133 136 154 155 163
183 10 12 15 23 31 38 45 67 76 78 81 87 88 90 94 106 112 116 128 133 139 141 149 160 173 174 175 178 188 190
184 10 18 19 26 28 49 52 53 54 60 72 79 90 96 97 100 107 110 118 119 130 149 152 154 156 167 170 174
185 0 16 18 36 44 46 48 60 61 63 64 69 71 90 92 105 107 123 124 150 157 159 162 167 169 174 176 178 188 191
186 4 8 15 16 28 43 45 52 53 65 68 74 75 80 81 84 88 93 109 123 124 126 143 145 146 150 153 154 158 160 161 162 164 180 189 190 191
187 12 17 19 23 24 38 41 54 56 64 66 79 80 89 92 98 103 104 107 108 120 129 136 146 164 167 168 172 174 190
188 0 1 2 10 14 16 24 28 47 49 67 70 78 84 86 87 89 94 103 104 115 133 135 143 146 149 154 156 166 173 178 183 185
189 10 12 16 21 27 28 31 32 55 57 80 88 92 100 101 103 114 120 128 132 135 141 145 149 153 154 157 168 177 180 186 190
190 16 21 22 25 26 29 37 38 40 42 45 54 63 71 73 88 98 103 113 124 128 131 132 136 142 151 157 158 163 164 176 177 183 186 187 189
191 21 25 26 27 32 38 42 44 48 58 59 68 75 76 86 92 93 98 104 114 129 137 141 147 153 159 160 161 178 181 185 186
