38 158
0 5 7 11 22 27 30 31 32
1 4 11 15 16 26 27 28 29
2 8 13 19 25 34 36
3 5 7 11 14 21 24 31
4 1 13 14 21 22 25 33 37
5 0 3 11 17 21 23 24 36
6 11 17 18 23 34 35
7 0 3 8 9 17 24
8 2 7 11 21 24 33
9 7 12 13 18 29 30 31 35 36
10 15 20 28 30 31 32
11 0 1 3 5 6 8 12 30 31 35
12 9 11 14 18 22 24 25 27 29
13 2 4 9 18 31 36
14 3 4 12 16 18 19 24 32 36
15 1 10 22 26 29 34 35
16 1 14 17 20 23 33 34 35 37
17 5 6 7 16 18 22 23 25 29 31 33 37
18 6 9 12 13 14 17 22 24 26 27 30 34 35
19 2 14 30 32
20 10 16 23 34
21 3 4 5 8 26 28 36 37
22 0 4 12 15 17 18 25 26 29 36
23 5 6 16 17 20 28 30 31 32 36
24 3 5 7 8 12 14 18 31 32 33 35
25 2 4 12 17 22 32 33
26 1 15 18 21 22 34
27 0 1 12 18 28 31 32 35 36 37
28 1 10 21 23 27 30 36
29 1 9 12 15 17 22 36
30 0 9 10 11 18 19 23 28 31 32 35
31 0 3 9 10 11 13 17 23 24 27 30 34
32 0 10 14 19 23 24 25 27 30 34 37
33 4 8 16 17 24 25
34 2 6 15 16 18 20 26 31 32
35 6 9 11 15 16 18 24 27 30 37
36 2 5 9 13 14 21 22 23 27 28 29 37
37 4 16 17 21 27 32 35 36
