38 146
0 4 6 10 12 14 24 25 26 28
1 6 13 24 27 31 32 37
2 10 11 24 33
3 6 7 12 16 17 25 27 29
4 0 5 11 14 17 24 27 32 37
5 4 7 24 25 30
6 0 1 3 7 9 15 16 20 29 30 35
7 3 5 6 9 19 23 28 36
8 19 20 22 25 29
9 6 7 16 17 18 20 22 24 33
10 0 2 12 14 17 20 28 31
11 2 4 18 27 35 36
12 0 3 10 24 36 37
13 1 15 17 20 22 28 31 35 37
14 0 4 10 18 24 29 30 31 32 35
15 6 13 16 30
16 3 6 9 15 25
17 3 4 9 10 13 18 34
18 9 11 14 17 23 27 28 33 36
19 7 8 28 29 30 35
20 6 8 9 10 13 21 22 23
21 20 25 26 29 32 37
22 8 9 13 20 23 35 36
23 7 18 20 22 28 30 35
24 0 1 2 4 5 9 12 14 33
25 0 3 5 8 16 21 26 30 31 32 34 36
26 0 21 25 28 29 36 37
27 1 3 4 11 18 33 34 35 36
28 0 7 10 13 18 19 23 26 30 31 33
29 3 6 8 14 19 21 26 32
30 5 6 14 15 19 23 25 28
31 1 10 13 14 25 28 32
32 1 4 14 21 25 29 31 36
33 2 9 18 24 27 28 37
34 17 25 27 36
35 6 11 13 14 19 22 23 27 36 37
36 7 11 12 18 22 25 26 27 32 34 35
37 1 4 12 13 21 26 33 35
