65 616
0 14 15 18 21 25 26 28 31 32 38 41 51 54 62
1 2 9 12 20 22 25 29 35 37 41 47 48 56 58 59 61 62
2 1 3 5 15 19 20 29 47 50 54 56 57 59 60
3 2 12 14 15 17 22 25 26 28 34 36 42 47 48 50 57 58 62
4 10 15 21 22 23 24 25 26 31 42 46 48 51 59 61 62 63
5 2 7 9 11 12 14 16 21 22 25 27 31 34 35 36 46 50 51 55 64
6 9 13 22 29 30 31 32 35 39 41 42 44 47 51 52 61 62
7 5 11 12 14 17 25 29 35 36 37 38 40 42 45 50 51 53 55 58 59 62
8 9 11 12 17 23 24 27 36 37 40 41 49 50 52 53 56 60 62 64
9 1 5 6 8 11 14 19 20 24 25 29 31 36 39 44 52 53 54 60 61 64
10 4 13 14 17 19 22 23 27 31 33 41 42 43 44 45 47 49 53 57 59
11 5 7 8 9 12 13 21 23 25 30 31 33 34 43 44 57 63
12 1 3 5 7 8 11 16 20 24 25 37 38 41 48 51 52 54 57 60 61 64
13 6 10 11 20 21 23 24 25 26 32 33 34 35 39 40 45 46 49 50 62
14 0 3 5 7 9 10 15 25 30 31 32 33 37 40 42 45 51 53 57 58 62 64
15 0 2 3 4 14 37 40 42 43 50 53 54 60
16 5 12 17 22 24 28 29 30 39 40 41 51 54 56 58 59 64
17 3 7 8 10 16 20 23 26 31 33 35 38 44 46 47 53 56 57 58 59 60 62
18 0 21 23 24 26 30 33 40 44 49 50 51 52 55 56 59
19 2 9 10 22 23 24 25 27 35 37 41 45 46 64
20 1 2 9 12 13 17 21 22 24 37 42 43 46 50 53 55 60 62
21 0 4 5 11 13 18 20 22 23 25 28 34 35 37 41 42 44 45 47 52 53 57 64
22 1 3 4 5 6 10 16 19 20 21 23 24 25 26 30 32 33 40 41 42 43 50 51 55 56 59 61
23 4 8 10 11 13 17 18 19 21 22 29 32 33 35 38 40 45 46 47 50 52 53 55 56 57 59 62 63
24 4 8 9 12 13 16 18 19 20 22 33 40 41 43 45 46 47 48 50 58 62 64
25 0 1 3 4 5 7 9 11 12 13 14 19 21 22 27 30 34 35 36 46 47 48 49 54 55 57 58 62 64
26 0 3 4 13 17 18 22 28 30 32 34 37 39 40 41 44 47 51 53 55 58 63
27 5 8 10 19 25 31 39 44 48 55 62
28 0 3 16 21 26 31 39 40 45 46 47 52 55 57 58 60
29 1 2 6 7 9 16 23 36 37 38 42 50 58 63
30 6 11 14 16 18 22 25 26 32 34 37 40 41 43 45 47 59 61
31 0 4 5 6 9 10 11 14 17 27 28 33 38 41 42 51 53 54 59
32 0 6 13 14 22 23 26 30 34 37 40 41 42 43 45 50 52 54 56 57 58 63
33 10 11 13 14 17 18 22 23 24 31 35 36 40 48 51 56
34 3 5 11 13 21 25 26 30 32 35 37 38 52 53 54 55 59
35 1 5 6 7 13 17 19 21 23 25 33 34 37 38 43 45 46 49 51 60 61
36 3 5 7 8 9 25 29 33 38 41 42 49 57 61 62 64
37 1 7 8 12 14 15 19 20 21 26 29 30 32 34 35 44 55 62 63
38 0 7 12 17 23 29 31 34 35 36 41 54 62
39 6 9 13 16 26 27 28 40 41 42 47 51 53 57 61 64
40 7 8 13 14 15 16 18 22 23 24 26 28 30 32 33 39 41 43 44 45 55 56 57 59 60
41 0 1 6 8 10 12 16 19 21 22 24 26 30 31 32 36 38 39 40 50 56 58 60 62
42 3 4 6 7 10 14 15 20 21 22 29 31 32 36 39 46 47 48 50 54 55 60
43 10 11 15 20 22 24 30 32 35 40 44 47 48 54 55 64
44 6 9 10 11 17 18 21 26 27 37 40 43 47 50 54 56 57 59 60 64
45 7 10 13 14 19 21 23 24 28 30 32 35 40 47 54 56 59 63 64
46 4 5 13 17 19 20 23 24 25 28 35 42 48 50 53 57 61 64
47 1 2 3 6 10 17 21 23 24 25 26 28 30 39 42 43 44 45 48 53 58 59 61
48 1 3 4 12 24 25 27 33 42 43 46 47 51 57 60 63
49 8 10 13 18 25 35 36 57 61
50 2 3 5 7 8 13 15 18 20 22 23 24 29 32 41 42 44 46 55 56 61
51 0 4 5 6 7 12 14 16 18 22 26 31 33 35 39 48 55 57 61 62 63
52 6 8 9 12 18 21 23 28 32 34 54 55 60 61 63
53 7 8 9 10 14 15 17 20 21 23 26 31 34 39 46 47 54 56 58 61
54 0 2 9 12 15 16 25 31 32 34 38 42 43 44 45 52 53 61
55 5 7 18 20 22 23 25 26 27 28 34 37 40 42 43 50 51 52 56 57 62
56 1 2 8 16 17 18 22 23 32 33 40 41 44 45 50 53 55 57 64
57 2 3 10 11 12 14 17 21 23 25 28 32 36 39 40 44 46 48 49 51 55 56 58 62 63
58 1 3 7 14 16 17 24 25 26 28 29 32 41 47 53 57 60 64
59 1 2 4 7 10 16 17 18 22 23 30 31 34 40 44 45 47 60 63
60 2 8 9 12 15 17 20 28 35 40 41 42 44 48 52 58 59 61
61 1 4 6 9 12 22 30 35 36 39 46 47 49 50 51 52 53 54 60 63
62 0 1 3 4 6 7 8 13 14 17 20 23 24 25 27 36 37 38 41 51 55 57 64
63 4 11 23 26 29 32 37 45 48 51 52 57 59 61 64
64 5 8 9 12 14 16 19 21 24 25 36 39 43 44 45 46 56 58 62 63
