81 607
0 2 5 18 26 27 31 41 43 48 52 57 65 66 70 73 75 76 77 78
1 2 5 7 10 19 22 25 37 39 44 48 61 65 68 70 71 73 76
2 0 1 13 20 26 29 32 36 52 60 64 68 70 72 80
3 5 8 9 17 21 30 45 62 67 71 77
4 6 7 10 11 37 38 42 45 46 53 54 74 76
5 0 1 3 6 8 9 15 19 20 22 23 24 26 27 30 45 50 57 59 72
6 4 5 11 14 18 23 25 41 44 45 48 51 52 57 58 60 67 78
7 1 4 12 24 28 32 33 45 60 66 71 72 73
8 3 5 9 12 22 31 33 44 45 47 59 60 61 63
9 3 5 8 15 18 24 32 43 45 48 57 59 67
10 1 4 23 25 28 29 33 48 49 54 67 70 73 78
11 4 6 46 47 57 59 61 63 65 77
12 7 8 22 29 55 56 64 77 79
13 2 20 24 30 36 44 54 66 67 68 73 77
14 6 19 24 25 34 39 49 53 54 55 58 62 66 71 72
15 5 9 18 20 28 29 30 40 42 44 47 61 64 65 73 76
16 38 40 43 44 49 55 60 61 68 73 79
17 3 19 21 24 25 26 31 36 37 50 51 63 64 76 80
18 0 6 9 15 19 28 34 41 42 48 50 51 52 53 60 68 70 75
19 1 5 14 17 18 24 28 34 35 37 38 42 46 60 65 70 71
20 2 5 13 15 21 23 26 31 36 56 59 60 62 64 68 69 75
21 3 17 20 25 29 34 36 43 55 59 61 68 70
22 1 5 8 12 23 27 31 34 48 53 56 57 58 62 69 77 78
23 5 6 10 20 22 28 29 47 48 52 57 59 61 63
24 5 7 9 13 14 17 19 27 28 30 38 41 52 59 67 69 71 77
25 1 6 10 14 17 21 26 28 31 33 35 38 43 46 47 48 57 73 79
26 0 2 5 17 20 25 27 28 32 34 35 44 48 59 60 61 65 71 80
27 0 5 22 24 26 29 32 42 44 46 48 63 64 65 72 74 77
28 7 10 15 18 19 23 24 25 26 29 31 37 48 58 59 60 61 68 73 75 80
29 2 10 12 15 21 23 27 28 31 35 36 57 60 65 70 72 76 80
30 3 5 13 15 24 31 37 45 49 50 54 55 59 62 64 65 68 72 74 76
31 0 8 17 20 22 25 28 29 30 34 46 52 55 64 73
32 2 7 9 26 27 35 42 44 51 59 62 65
33 7 8 10 25 39 41 49 55 62 70 79
34 14 18 19 21 22 26 31 47 48 49 51 53 57 65 69 76
35 19 25 26 29 32 47 50 69 76 77 79
36 2 13 17 20 21 29 41 46 48 50 54 60 66 69 73 74 78
37 1 4 17 19 28 30 43 45 48 49 51 52 60 68 69 70 71 78 79
38 4 16 19 24 25 56 58 66 67 76
39 1 14 33 53 58 60 63 79
40 15 16 41 45 46 47 50 68 77
41 0 6 18 24 33 36 40 54 62 63 70 72 73
42 4 15 18 19 27 32 52 54 56 58 64
43 0 9 16 21 25 37 47 59 60 61 69
44 1 6 8 13 15 16 26 27 32 69
45 3 4 5 6 7 8 9 30 37 40 56 60 65 66 70 72 74
46 4 11 19 25 27 31 36 40 51 52 53 59 74 80
47 8 11 15 23 25 34 35 40 43 51 53 54 59 64 74
48 0 1 6 9 10 18 22 23 25 26 27 28 34 36 37 53 56 61 68 74
49 10 14 16 30 33 34 37 50 51 60 65 68 69 78 80
50 5 17 18 30 35 36 40 49 52 64 73 76 78
51 6 17 18 32 34 37 46 47 49 56 75 80
52 0 2 6 18 23 24 31 37 42 46 50 59 78 80
53 4 14 18 22 34 39 46 47 48 62 65 78
54 4 10 13 14 30 36 41 42 47 55 57 68 69 71 77 79
55 12 14 16 21 30 31 33 54 60 63 64 66 67 80
56 12 20 22 38 42 45 48 51 59 63 68 74
57 0 5 6 9 11 22 23 25 29 34 54 58 59 65 69 74 79
58 6 14 22 28 38 39 42 57 63 72
59 5 8 9 11 20 21 23 24 26 28 30 32 43 46 47 52 56 57 61 67 68 72 75 76 77 79
60 2 6 7 8 16 18 19 20 26 28 29 36 37 39 43 45 49 55 65 66 71 73 74 75 78
61 1 8 11 15 16 21 23 26 28 43 48 59 67 69 73 74
62 3 14 20 22 30 32 33 41 53 65 79
63 8 11 17 23 27 39 41 55 56 58 72 73
64 2 12 15 17 20 27 30 31 42 47 50 55 70 71 74 79 80
65 0 1 11 15 19 26 27 29 30 32 34 45 49 53 57 60 62 71 73 75
66 0 7 13 14 36 38 45 55 60 70 73 75 76 79 80
67 3 6 9 10 13 24 38 55 59 61 69 71 73 76 77
68 1 2 13 16 18 20 21 28 30 37 40 48 49 54 56 59 71 79 80
69 20 22 24 34 35 36 37 43 44 49 54 57 61 67
70 0 1 2 10 18 19 21 29 33 37 41 45 64 66 75 79 80
71 1 3 7 14 19 24 26 37 54 60 64 65 67 68 76 77
72 2 5 7 14 27 29 30 41 45 58 59 63 73 75
73 0 1 7 10 13 15 16 25 28 31 36 41 50 60 61 63 65 66 67 72
74 4 27 30 36 45 46 47 48 56 57 60 61 64 77 80
75 0 18 20 28 51 59 60 65 66 70 72
76 0 1 4 15 17 29 30 34 35 38 50 59 66 67 71
77 0 3 11 12 13 22 24 27 35 40 54 59 67 71 74
78 0 6 10 22 36 37 49 50 52 53 60 80
79 12 16 25 33 35 37 39 54 57 59 62 64 66 68 70
80 2 17 26 28 29 46 49 51 52 55 64 66 68 70 74 78
