198 1698
0 10 11 14 20 30 35 36 38 45 50 56 57 62 84 94 103 117 124 125 135 170 171 176 177 180 182
1 2 6 7 14 18 23 27 55 56 69 78 85 94 107 114 138 145 147 148 149 165 172 176 177 194
2 1 5 6 41 47 51 54 57 61 79 83 101 116 127 165
3 4 7 26 36 49 51 57 68 74 95 99 112 120 125 145 156 167 191
4 3 14 19 26 37 49 65 71 75 85 110 115 119 133 141 146 167 168 177 184 185 192
5 2 10 14 28 29 47 55 73 77 83 84 85 101 115 122 133 141 145 156 164 167 171 191
6 1 2 40 47 55 70 84 103 108 111 126 127 137 141 143 146 150 163 167 169 192
7 1 3 26 45 66 104 114 119 123 136 156 167
8 18 35 37 42 48 51 60 65 85 88 92 94 120 126 127 128 141 166 179 182 191
9 25 26 62 79 80 98 124 144 153 172 184
10 0 5 33 37 64 70 89 90 100 109 115 122 135 152 157 167 181 186 196
11 0 28 35 44 48 57 68 73 76 83 98 105 153 164 173 185 194 196
12 16 29 57 74 87 96 134 143 146 171 192
13 30 76 88 102 108 109 110 134 153 184 187 188
14 0 1 4 5 21 24 25 28 35 42 44 54 57 75 79 89 115 120 139 151
15 17 18 28 35 42 43 60 64 70 111 164 166 176
16 12 17 32 34 43 55 71 84 107 117 132 134 160 174
17 15 16 25 38 42 46 62 87 118 133 154 155 160 173
18 1 8 15 25 29 31 41 56 84 87 104 107 132 141 160 167 175 179 184
19 4 34 55 57 58 64 71 73 86 94 128 132 185 186 190
20 0 48 64 84 85 98 99 106 119 126 129 148 152 167 180 186
21 14 29 39 43 68 69 74 75 80 97 105 110 127 128 129 142 148 157 163
22 33 35 45 49 62 65 70 81 103 106 110 137 140 173 174 176 187 193 195
23 1 28 33 37 40 44 53 55 58 63 69 90 93 98 102 110 114 128 147 166 179 184
24 14 34 51 54 64 86 105 155 158 166
25 9 14 17 18 45 50 59 72 80 87 89 106 126 152 159 167 186
26 3 4 7 9 31 40 55 77 78 83 84 108 111 163 165 179 194
27 1 33 35 37 38 58 75 97 102 103 144 158 162 180 182 192
28 5 11 14 15 23 52 62 69 75 97 105 122 134 137 178 185 188 191
29 5 12 18 21 34 43 56 68 70 83 101 103 109 114 116 120 150 151 156 160 197
30 0 13 33 36 38 41 52 80 96 111 117 121 136 142 144 147 155 168 174 179 183
31 18 26 32 44 59 71 75 83 109 113 121 125 130 149 159 161 190 191
32 16 31 45 62 82 97 119 120 122 123 126 146 156 159 160 190 195
33 10 22 23 27 30 44 63 97 104 111 112 115 128 131 135 141 161 171 175 184 191 196 197
34 16 19 24 29 36 41 43 50 67 73 79 86 98 121 122 175 197
35 0 8 11 14 15 22 27 38 53 70 73 74 102 110 127 137 154 158 169 172 192
36 0 3 30 34 48 49 68 80 81 83 97 104 133 134 161 168 175 191 195
37 4 8 10 23 27 54 67 75 82 93 97 101 103 121 138
38 0 17 27 30 35 63 66 70 78 85 91 109 119 121 126 134 149 158 163 169 171 173 181 186 191
39 21 56 59 100 105 111 126 131 150 152 156 188
40 6 23 26 43 52 66 71 79 83 86 88 133 165 172 186
41 2 18 30 34 62 124 132 134 154 165 169 189 196
42 8 14 15 17 56 68 98 102 107 126 129 136 155 160 174
43 15 16 21 29 34 40 45 51 53 65 73 80 106 116 118 123 132 138 165 173 188
44 11 14 23 31 33 55 63 89 94 100 103 140 156 197
45 0 7 22 25 32 43 81 84 96 100 113 119 135 137 146 149 170 174 192
46 17 56 60 63 83 86 100 101 130 148 155 172 179 187
47 2 5 6 51 75 82 108 111 117 134 135 153 154 159 176
48 8 11 20 36 55 62 68 92 104 115 126 138 139 147 150 178
49 3 4 22 36 56 67 76 89 95 100 107 112 158 160 179 187
50 0 25 34 56 77 78 83 89 96 112 114 125 149 150 151 173
51 2 3 8 24 43 47 67 74 83 92 106 134 168 170 181
52 28 30 40 54 65 81 98 110 119 125 132 156 158 159 161 175 177 189
53 23 35 43 69 72 73 82 87 88 102 105 109 125 137 154 157 167 173 182
54 2 14 24 37 52 73 85 87 96 109 114 117 145 160 178 194 197
55 1 5 6 16 19 23 26 44 48 67 83 88 99 114 147 158 172 175 196
56 0 1 18 29 39 42 46 49 50 68 88 95 110 128 155 164 165 167 184 189 197
57 0 2 3 11 12 14 19 88 99 126 142 169 177 179 188 189 193 195
58 19 23 27 60 76 79 139 140 165 166 196
59 25 31 39 70 82 89 90 110 121 131 143 153 176 196 197
60 8 15 46 58 67 71 86 87 92 98 102 114 120 125 161 174 190
61 2 90 102 124 132 140 160 163
62 0 9 17 22 28 32 41 48 65 73 81 92 166 179
63 23 33 38 44 46 70 71 81 83 88 95 124 136 150 151 160 175 195
64 10 15 19 20 24 80 90 98 116 143 151 166 170 196
65 4 8 22 43 52 62 85 103 107 109 117 130 132 139 152 157 158 165 166 187 190
66 7 38 40 71 82 139 158 191
67 34 37 49 51 55 60 79 82 84 107 108 113 114 124 149 161 184 188
68 3 11 21 29 36 42 48 56 84 86 88 103 122 135 137 139 147 151 186 194 195
69 1 21 23 28 53 70 72 81 89 94 101 122 128 147 152 189 191 192
70 6 10 15 22 29 35 38 59 63 69 75 78 101 141 156 167 170 176 194
71 4 16 19 31 40 60 63 66 114 115 120 137 166 175 196
72 25 53 69 90 101 110 117 123 128 140 142 148 163
73 5 11 19 34 35 43 53 54 62 78 81 103 107 111 116 128 135 137 141 143 167 171 175
74 3 12 21 35 51 82 90 96 108 127 128 132 157 171 196
75 4 14 21 27 28 31 37 47 70 76 79 92 95 114 122 145 147 169 196
76 11 13 49 58 75 77 80 103 114 123 127 131 134 139 141 150 162 172 180
77 5 26 50 76 87 89 91 101 102 126 162 175
78 1 26 38 50 70 73 91 101 107 127 128 151 163 179 187
79 2 9 14 34 40 58 67 75 81 87 108 110 128 133 138 145 147 158 169 182 188
80 9 21 25 30 36 43 64 76 111 121 137 142 145 151 157 175 185 186
81 22 36 45 52 62 63 69 73 79 87 105 135 147 159 185 189 193 196
82 32 37 47 53 59 66 67 74 106 114 135 144 164 175 187 191 196
83 2 5 11 26 29 31 36 40 46 50 51 55 63 99 105 118 128 135 144 181 183 186 188 193 194
84 0 5 6 16 18 20 26 45 67 68 90 92 101 106 114 125 126 139 144 155 166 178 194
85 1 4 5 8 20 38 54 65 86 95 96 118 147 149 178 194
86 19 24 34 40 46 60 68 85 88 91 100 104 108 125 128 138 156 166 194
87 12 17 18 25 53 54 60 77 79 81 91 105 117 119 136 138 156 169
88 8 13 40 53 55 56 57 63 68 86 104 108 123 124 135 138 154 164 167 170 190
89 10 14 25 44 49 50 59 69 77 91 95 100 119 120 124 126 132 135 138 148 158 164 165 167 172
90 10 23 59 61 64 72 74 84 97 99 119 137 160 176 177 185 187 190
91 38 77 78 86 87 89 114 123 135 193 194
92 8 48 51 60 62 75 84 103 110 129 130 144 149 150 165 167 169 178
93 23 37 127 128 147 151 164 183 192 193 195
94 0 1 8 19 44 69 99 107 108 120 150 153 155 187 194
95 3 49 56 63 75 85 89 97 108 110 123 136 150 153 165 188
96 12 30 45 50 54 74 85 103 107 109 115 116 132 141 169 178 181 184
97 21 27 28 32 33 36 37 90 95 115 128 132 145 151 156 161 178 193
98 9 11 20 23 34 42 52 60 64 103 104 106 120 130 139 147 157 166 176 179 186 188
99 3 20 55 57 83 90 94 104 110 162 172
100 10 39 44 45 46 49 86 89 119 121 137 148 156 157 169 171 176 186 188 191 196
101 2 5 29 37 46 69 70 72 77 78 84 127 130 137 142 161 176 180 187 194
102 13 23 27 35 42 53 60 61 77 104 108 112 115 135 142 155 163 172 182 184 195 196
103 0 6 22 27 29 37 44 65 68 73 76 92 96 98 104 119 121 136 142 145 147 154 155 164 187 189 190
104 7 18 33 36 48 86 88 98 99 102 103 120 130 174 178
105 11 21 24 28 39 53 81 83 87 116 136 151
106 20 22 25 43 51 82 84 98 112 126 137 154 161 174 186
107 1 16 18 42 49 65 67 73 78 94 96 110 122 124 146 166 178 183
108 6 13 26 47 67 74 79 86 88 94 95 102 131 140 141 145 163 180 191 195
109 10 13 29 31 38 53 54 65 96 121 124 132 156 165 178
110 4 13 21 22 23 35 52 56 59 72 79 92 95 99 107 115 129 132 143 154 164 165 171 172 177 187
111 6 15 26 30 33 39 47 73 80 122
112 3 33 49 50 102 106 144 157 161 168 181 187 197
113 31 45 67 118 132 167 168 180
114 1 7 23 29 50 54 55 60 67 71 75 76 82 84 91 148 151 160 169
115 4 5 10 14 33 48 71 96 97 102 110 123 139 146 148
116 2 29 43 64 73 96 105 119 129 133 155 156 159 161 168 179 185 187
117 0 16 30 47 54 65 72 87 125 127 129 136 137 147 152 170 174 184 187 192 195
118 17 43 83 85 113 127 137 146 149 155 173 176 179 192 193
119 4 7 20 32 38 45 52 87 89 90 100 103 116 131 147 149 173 184 185 195
120 3 8 14 29 32 60 71 89 94 98 104 150 186 193
121 30 31 34 37 38 59 80 100 103 109 126 133 149 157 166 170 181 186 189
122 5 10 28 32 34 68 69 75 107 111 125 138 141 153 157 163 178 182 194
123 7 32 43 72 76 88 91 95 115 125 128 146 166 187 192
124 0 9 41 61 63 67 88 89 107 109 132 133 142 157 161 162 176 184 185
125 0 3 31 50 52 53 60 84 86 117 122 123 182 186
126 6 8 20 25 32 38 39 42 48 57 77 84 89 106 121 129 142 145 180 197
127 2 6 8 21 35 74 76 78 93 101 117 118 128 129 141 143 162 164 178 181 183 192 194
128 8 19 21 23 33 56 69 72 73 74 78 79 83 86 93 97 123 127 134 137 138 154 157 158 195 196
129 20 21 42 92 110 116 117 126 127 131 132 154 164
130 31 46 65 92 98 101 104 153 185 188 195
131 33 39 59 76 108 119 129 168 194
132 16 18 19 41 43 52 61 65 74 89 96 97 109 110 113 124 129 137 140 153 155 159 160 164 174 196
133 4 5 17 36 40 79 116 121 124 147 161 188 194
134 12 13 16 28 36 38 41 47 51 76 128 136 143 144 152 156 158 170 182 191
135 0 10 33 45 47 68 73 81 82 83 88 89 91 102 140 142 145 150 159 163 171 173 174 178
136 7 30 42 63 87 95 103 105 117 134 148 187
137 6 22 28 35 45 53 68 71 73 80 90 100 101 106 117 118 128 132 139 144 145 149 178
138 1 37 43 48 79 86 87 88 89 122 128 149
139 14 48 58 65 66 68 76 84 98 115 137 162 165 169 182
140 22 44 58 61 72 108 132 135 142 148 151 152 175 182 194 195 196
141 4 5 6 8 18 33 70 73 76 96 108 122 127 156 158 164 178 180 183
142 21 30 57 72 80 101 102 103 124 126 135 140 153 170 173 185 193
143 6 12 59 64 73 110 127 134 154 182 185 190
144 9 27 30 82 83 84 92 112 134 137 151 154 156 157 159 168 181 193
145 1 3 5 54 75 79 80 97 103 108 126 135 137 153 174 180 188 189
146 4 6 12 32 45 107 115 118 123 151 165 167 178 188 194
147 1 23 30 48 55 68 69 75 79 81 85 93 98 103 117 119 133 148 161 172 177 183 186 189 197
148 1 20 21 46 72 89 100 114 115 136 140 147 149 195 197
149 1 31 38 45 50 67 85 92 118 119 121 137 138 148 154 158 173 174 179 197
150 6 29 39 48 50 63 76 92 94 95 120 135
151 14 29 50 63 64 68 78 80 93 97 105 114 140 144 146 152 164
152 10 20 25 39 65 69 117 134 140 151 162 164 173 197
153 9 11 13 47 59 94 95 122 130 132 142 145 159 160 193 196 197
154 17 35 41 47 53 88 103 106 110 128 129 143 144 149 172 195
155 17 24 30 42 46 56 84 94 102 103 116 118 132 156 183 193
156 3 5 7 29 32 39 44 52 70 86 87 97 100 109 116 134 141 144 155 165 169 174 180 190
157 10 21 53 65 74 80 98 100 112 121 122 124 128 144 162 164 174 176 181 186
158 24 27 35 38 49 52 55 65 66 79 89 128 134 141 149 166 171 180
159 25 31 32 47 52 81 116 132 135 144 153 169 180 189
160 16 17 18 29 32 42 49 54 61 63 90 114 132 153 182 189 191 193 197
161 31 33 36 52 60 67 97 101 106 112 116 124 133 147 191 197
162 27 76 77 99 124 127 139 152 157 163 178
163 6 21 26 38 61 72 78 102 108 122 135 162 165 176
164 5 11 15 56 82 88 89 93 103 110 127 129 132 141 151 152 157 176 182 191
165 1 2 26 40 41 43 56 58 65 89 92 95 109 110 139 146 156 163 186
166 8 15 23 24 58 62 64 65 71 84 86 98 107 121 123 158 184 193
167 3 4 5 6 7 10 18 20 25 53 56 70 73 88 89 92 113 146 173 193
168 4 30 36 51 112 113 116 131 144 172 174 179
169 6 35 38 41 57 75 79 87 92 96 100 114 139 156 159 183
170 0 45 51 64 70 88 117 121 134 142 171 185 195 196
171 0 5 12 33 38 73 74 100 110 135 158 170 175 178 187 188
172 1 9 35 40 46 55 76 89 99 102 110 147 154 168 185 189
173 11 17 22 38 43 50 53 118 119 135 142 149 152 167 187
174 16 22 30 42 45 60 104 106 117 132 135 145 149 156 157 168 178 188
175 18 33 34 36 52 55 63 71 73 77 80 82 140 171 194
176 0 1 15 22 47 59 70 90 98 100 101 118 124 157 163 164 191 195
177 0 1 4 52 57 90 110 147 182 184
178 28 48 54 84 85 92 96 97 104 107 109 122 127 135 137 141 146 162 171 174 180 193
179 8 18 23 26 30 46 49 57 62 78 98 116 118 149 168
180 0 20 27 76 101 108 113 126 141 145 156 158 159 178 183
181 10 38 51 83 96 112 121 127 144 157 194
182 0 8 27 53 79 102 122 125 134 139 140 143 160 164 177 183 195
183 30 83 93 107 127 141 147 155 169 180 182
184 4 9 13 18 23 33 56 67 96 102 117 119 124 166 177 187
185 4 11 19 28 80 81 90 116 119 124 130 142 143 170 172
186 10 19 20 25 38 40 68 80 83 98 100 106 120 121 125 147 157 165 188 194 195
187 13 22 46 49 65 78 82 90 94 101 103 110 112 116 117 123 136 171 173 184
188 13 28 39 43 57 67 79 83 95 98 100 130 133 145 146 171 174 186
189 41 52 56 57 69 81 103 121 145 147 159 160 172 192 194 195
190 19 31 32 60 65 88 90 103 143 156 197
191 3 5 8 28 31 33 36 38 66 69 82 100 108 134 160 161 164 176
192 4 6 12 27 35 45 69 93 117 118 123 127 189 193 196 197
193 22 57 81 83 91 93 97 118 120 142 144 153 155 160 166 167 178 192
194 1 11 26 54 68 70 83 84 85 86 91 94 101 122 127 131 133 140 146 175 181 186 189
195 22 32 36 57 63 68 93 102 108 117 119 128 130 140 148 154 170 176 182 186 189
196 10 11 33 41 55 58 59 64 71 74 75 81 82 100 102 128 132 140 153 170 192
197 29 33 34 44 54 56 59 112 126 147 148 149 152 153 160 161 190 192
