60 232
0 6 7 24 27 29 34 40 41 44
1 6 8 39 52
2 3 4 6 10 21 27 38 41 51
3 2 9 15 24 25 27 35 38 42 44
4 2 12 16 29 35 48 49 50 58 59
5 6 8 9 28 33 35 44 52
6 0 1 2 5 9 26 32 33 37
7 0 10 14 33 40 48 53 57
8 1 5 12 15 20 26 53 54
9 3 5 6 12 31 39 42 43 48 53 55
10 2 7 39 47 49
11 21 27 28 30 33 35 36 38 40 42 56
12 4 8 9 29 42
13 18 21 28 40 41 55 59
14 7 18 23 26 32 35 43 49 50 56
15 3 8 44 54 59
16 4 17 53
17 16 20 45 50 56 58
18 13 14 20 33 36
19 26 28 31 34 42 45 52 53 55 57
20 8 17 18 21 33 34 43 44 46 49 50 51 55 56 59
21 2 11 13 20 58
22 25 45 46 47 52 54 59
23 14 27 35 37 45 52 53 57
24 0 3 35 36 47 54 59
25 3 22 27 36 50 55 56 59
26 6 8 14 19 33 44 54
27 0 2 3 11 23 25 31 36 40 53
28 5 11 13 19 44 49
29 0 4 12 30 41 44 58
30 11 29 42 46
31 9 19 27 33 58
32 6 14 38
33 5 6 7 11 18 20 26 31 36 45
34 0 19 20 36 45
35 3 4 5 11 14 23 24 43 56 57 59
36 11 18 24 25 27 33 34 38 41 48 58
37 6 23 40 44 55 57
38 2 3 11 32 36 41 43 45 57
39 1 9 10 42
40 0 7 11 13 27 37 41 44 55
41 0 2 13 29 36 38 40 42 47 52 53
42 3 9 11 12 19 30 39 41 48 50
43 9 14 20 35 38 46 59
44 0 3 5 15 20 26 28 29 37 40 47 49 58 59
45 17 19 22 23 33 34 38 53
46 20 22 30 43 56 58
47 10 22 24 41 44 50 52 55
48 4 7 9 36 42 55 57
49 4 10 14 20 28 44
50 4 14 17 20 25 42 47
51 2 20 57
52 1 5 19 22 23 41 47
53 7 8 9 16 19 23 27 41 45
54 8 15 22 24 26 57
55 9 13 19 20 25 37 40 47 48
56 11 14 17 20 25 35 46 59
57 7 19 23 35 37 38 48 51 54
58 4 17 21 29 31 36 44 46
59 4 13 15 20 22 24 25 35 43 44 56
