65 560
0 6 9 15 17 18 21 30 32 33 35 37 38 40 41 48 50 53 55 56 59 60 61
1 3 6 7 15 16 18 21 22 23 25 30 33 35 50 55 59 61
2 4 5 9 11 12 14 17 27 34 38 40 47 57 61 62
3 1 8 10 11 18 19 22 33 34 43 51 58 60
4 2 5 14 16 19 21 24 26 28 29 35 36 40 43 44 45 48 49 52 53 62 63
5 2 4 20 24 26 28 34 35 56 57 63
6 0 1 7 10 13 17 18 23 30 32 35 38 39 40 46 47 48 52
7 1 6 8 10 11 12 13 17 18 19 21 27 38 39 41 44 45 56 59
8 3 7 13 15 22 23 28 30 33 34 37 38 43 45 46 49 52 53 55 61 62
9 0 2 17 21 26 28 29 31 41 46 47 50 53 55 59 63 64
10 3 6 7 17 23 30 31 33 38 39 40 41 42 46 54 56 58 59 63
11 2 3 7 13 16 17 20 21 22 23 24 31 44 48 53 54 57 62
12 2 7 21 24 28 30 37 38 45 53 55 59 61 63
13 6 7 8 11 14 15 16 22 25 31 33 38 39 41 43 53 54 59 62
14 2 4 13 19 21 25 27 34 35 41 46 48 49 52 57 60 61 64
15 0 1 8 13 17 21 23 27 28 35 46 49
16 1 4 11 13 17 28 33 39 42 45 49 50 53 58 61
17 0 2 6 7 9 10 11 15 16 18 21 25 27 32 35 44 47 54 55 57 59 61
18 0 1 3 6 7 17 19 22 23 26 27 36 43 46 51 54 58 61
19 3 4 7 14 18 23 26 27 33 34 35 40 41 45 47 51 58 60 64
20 5 11 28 31 32 36 37 38 40 43 45 46 47 52 54 58 59 60
21 0 1 4 7 9 11 12 14 15 17 23 31 33 39 40 43 50 52 54 55 56 63
22 1 3 8 11 13 18 24 29 30 31 35 38 45 49 51 55 58 62 64
23 1 6 8 10 11 15 18 19 21 32 36 37 39 41 42 44 47 48 53 55 58 64
24 4 5 11 12 22 32 34 38 40 48 49 64
25 1 13 14 17 28 32 35 36 37 39 42 47 49 51 56
26 4 5 9 18 19 29 36 38 40 46 58 59 61
27 2 7 14 15 17 18 19 30 34 39 42 43 44 47 50 52 55 63 64
28 4 5 8 9 12 15 16 20 25 32 33 42 45 46 47 53 62 63
29 4 9 22 26 32 40 43 44 45 46 53 59 60 61
30 0 1 6 8 10 12 22 27 31 34 37 38 42 43 45 51 52 53
31 9 10 11 13 20 21 22 30 33 39 43 46 51 53 56 57 58
32 0 6 17 20 23 24 25 28 29 33 34 36 40 41 48
33 0 1 3 8 10 13 16 19 21 28 31 32 38 39 41 43 49 52 56 61
34 2 3 5 8 14 19 24 27 30 32 35 36 42 43 48 49 52 57 61
35 0 1 4 5 6 14 15 17 19 22 25 34 39 41 44 49 51 52 57 59 64
36 4 18 20 23 25 26 32 34 37 40 41 42 43 49 51 58 62
37 0 8 12 20 23 25 30 36 38 39 44 53 54
38 0 2 6 7 8 10 12 13 20 22 24 26 30 33 37 49 52 53 55 58 59
39 6 7 10 13 16 21 23 25 27 31 33 35 37 44 45 52 59 62
40 0 2 4 6 10 19 20 21 24 26 29 32 36 44 45 57 60
41 0 7 9 10 13 14 19 23 32 33 35 36 44 47 49 50 58 59 60 64
42 10 16 23 25 27 28 30 34 36 56 57 61
43 3 4 8 13 18 20 21 27 29 30 31 33 34 36 47 48 51 55 59 61 62 63 64
44 4 7 11 17 23 27 29 35 37 39 40 41 47 49 50 61 62 63
45 4 7 8 12 16 19 20 22 28 29 30 39 40 47 48 52 59
46 6 8 9 10 14 15 18 20 26 28 29 31 48 50 53 54 55 56
47 2 6 9 17 19 20 23 25 27 28 41 43 44 45 51 59 62 64
48 0 4 6 11 14 23 24 32 34 43 45 46 52 54 55 58
49 4 8 14 15 16 22 24 25 33 34 35 36 38 41 44 51 55 58 61
50 0 1 9 16 21 27 41 44 46 57 59
51 3 18 19 22 25 30 31 35 36 43 47 49 52 56 57 60
52 4 6 8 14 20 21 27 30 33 34 35 38 39 45 48 51 54 56 60 63
53 0 4 8 9 11 12 13 16 23 28 29 30 31 37 38 46 54 56 57 62
54 10 11 13 17 18 20 21 37 46 48 52 53 56 63 64
55 0 1 8 9 12 17 21 22 23 27 38 43 46 48 49 57 60 62
56 0 5 7 10 21 25 31 33 42 46 51 52 53 54 64
57 2 5 11 14 17 31 34 35 40 42 50 51 53 55 64
58 3 10 16 18 19 20 22 23 26 31 36 38 41 48 49 63
59 0 1 7 9 10 12 13 17 20 26 29 35 38 39 41 43 45 47 50 63 64
60 0 3 14 19 20 29 40 41 51 52 55 63
61 0 1 2 8 12 14 16 17 18 26 29 33 34 42 43 44 49
62 2 4 8 11 13 22 28 36 39 43 44 47 53 55 63
63 4 5 9 10 12 21 27 28 43 44 52 54 58 59 60 62
64 9 14 19 22 23 24 27 35 41 43 47 54 56 57 59
