45 195
0 3 5 12 15 16 22 39 40
1 2 4 9 34 42 43 44
2 1 4 12 19 22 23 28 29 30 35 37 39 44
3 0 5 6 9 21 30 31 33 35 41 42
4 1 2 10 12 13 20 22 24 31 40 42 44
5 0 3 9 17 19 20 26 41
6 3 15 16 20 24 25 26 28 29 37 38 40 41
7 14 22 29 39 42
8 11 16 19 22 30 33 39 43
9 1 3 5 11 19 35
10 4 14 22 23 26 33 35 39 41 44
11 8 9 25 26 33 34 38 42
12 0 2 4 14 22 27 28 34 40 41 43 44
13 4 19 20 23 24 29
14 7 10 12 15 20 21 25 31 35 39
15 0 6 14 19 24 25 32 38 39
16 0 6 8 17 21 24 35 37 41
17 5 16 21 22 25 30 34
18 22 31 32 35 39 42
19 2 5 8 9 13 15 21 22 24 41
20 4 5 6 13 14 24 30 32 35
21 3 14 16 17 19 23 26 27 43
22 0 2 4 7 8 10 12 17 18 19 37 40
23 2 10 13 21 38
24 4 6 13 15 16 19 20 29 32 41 44
25 6 11 14 15 17 33 34 38 39 44
26 5 6 10 11 21 31 35 37 39 43
27 12 21 28
28 2 6 12 27 38 43
29 2 6 7 13 24 37
30 2 3 8 17 20 31 33 38 40 43
31 3 4 14 18 26 30 37 38
32 15 18 20 24 33 42 43
33 3 8 10 11 25 30 32 42 43
34 1 11 12 17 25 38 41
35 2 3 9 10 14 16 18 20 26 36 44
36 35
37 2 6 16 22 26 29 31 44
38 6 11 15 23 25 28 30 31 34 39 40 43
39 0 2 7 8 10 14 15 18 25 26 38 40
40 0 4 6 12 22 30 38 39
41 3 5 6 10 12 16 19 24 34 44
42 1 3 4 7 11 18 32 33
43 1 8 12 21 26 28 30 32 33 38
44 1 2 4 10 12 24 25 35 37 41
