192 3566
0 1 3 6 14 16 19 20 34 36 40 55 57 58 60 67 80 83 85 94 95 98 102 104 106 122 128 135 142 149 150 155 157 163 165 168 177 179 189 191
1 0 5 11 12 23 32 38 39 40 41 42 43 46 48 57 66 68 69 74 77 78 81 82 99 100 111 122 123 127 131 132 150 161 162 166 176 180 182
2 3 6 10 12 15 20 22 29 30 35 42 49 50 52 53 56 62 70 73 74 77 83 87 104 111 112 115 116 128 133 137 152 156 157 158 160 164 172 179 180 191
3 0 2 5 9 10 14 22 26 29 34 38 43 45 48 78 89 107 110 116 117 119 124 140 144 147 149 150 152 154 159 165 167 170 173 176 191
4 5 9 14 16 26 27 30 38 43 54 55 57 59 62 65 83 84 85 97 107 109 123 125 128 137 139 142 146 148 149 166 169 174 178 188
5 1 3 4 7 8 12 13 15 16 19 22 42 45 49 57 60 63 65 69 70 75 99 101 106 114 115 116 122 131 137 139 142 145 155 160 168 169 172 175 176 178 179
6 0 2 8 24 28 29 31 32 38 39 44 61 63 65 70 77 85 91 94 97 98 113 118 127 138 151 153 154 155 164 170 179 181 183 184 190
7 5 17 18 30 31 39 42 46 52 53 67 71 73 80 84 87 91 104 117 123 140 146 149 154 156 163 165 168 180 182 188
8 5 6 9 20 30 33 36 40 42 43 45 51 58 61 65 66 80 87 88 89 93 95 96 97 98 100 101 102 109 121 125 127 130 136 139 140 146 165 171 176 177 191
9 3 4 8 12 14 24 26 29 32 37 38 47 52 54 63 69 70 88 91 98 106 110 112 114 120 129 135 148 149 154 155 162 168 169 172 175 186
10 2 3 25 31 34 35 44 57 74 77 83 89 98 106 108 114 120 126 130 141 162 166 171 174 178 185 189 190
11 1 12 18 21 22 27 29 37 39 47 57 58 61 66 68 76 83 88 100 107 111 112 121 133 142 146 152 154 161 162 171 172 180 182 190 191
12 1 2 5 9 11 18 19 20 30 42 43 44 49 53 56 67 68 70 71 74 81 82 93 107 113 115 123 125 126 131 150 157 162 164 166 170 178 186 187
13 5 15 19 22 25 26 27 28 30 32 44 48 57 68 72 74 79 81 83 84 93 99 100 109 129 130 134 135 144 156 158 163 168 170 172 174 191
14 0 3 4 9 15 21 26 27 30 39 43 44 47 50 52 54 76 78 80 84 91 93 95 100 110 113 117 118 126 129 132 142 144 148 151 157 168 181 185 191
15 2 5 13 14 17 19 20 22 35 38 39 42 50 55 60 84 87 88 101 108 110 124 127 141 143 148 165 166 170 171 175 177 183 187
16 0 4 5 17 25 26 38 42 43 45 50 52 57 60 71 73 78 81 85 99 103 111 119 120 125 126 133 135 141 143 150 164 171 176 185 188 190
17 7 15 16 21 23 27 28 30 31 37 45 49 53 56 60 61 62 65 69 73 78 85 88 90 93 106 109 112 118 119 121 122 123 124 126 133 136 141 148 154 159 163 165 167 181 182 186 187 188
18 7 11 12 23 25 26 49 52 53 58 66 67 77 86 87 100 111 113 120 126 136 138 145 150 158 169 175 176 179 184
19 0 5 12 13 15 23 26 27 29 33 36 38 40 41 44 52 56 58 78 90 93 100 103 104 121 125 129 133 139 141 142 151 155 157 159 160 168 174 175 177 183 184 186 190
20 0 2 8 12 15 22 33 37 38 64 67 70 71 72 83 84 86 90 91 93 96 100 102 103 105 109 125 128 130 135 136 140 157 161 164 166 169 171 172 175 178 188
21 11 14 17 24 27 36 37 38 39 44 46 48 50 53 61 69 72 79 80 82 87 88 92 98 103 110 113 114 126 130 136 140 141 150 154 157 160 161 166 169 180 190
22 2 3 5 11 13 15 20 25 31 32 33 40 42 43 50 51 52 62 65 75 81 84 87 88 94 101 106 111 128 129 140 141 144 150 151 166 171 177 183 187 190 191
23 1 17 18 19 31 42 44 45 63 65 68 75 76 78 81 110 112 126 129 134 141 142 146 153 155 160 178
24 6 9 21 33 38 53 54 65 75 90 91 94 99 100 107 108 113 121 125 137 141 171 187
25 10 13 16 18 22 26 28 31 34 40 58 70 71 85 88 90 95 99 108 120 126 127 131 136 151 153 156 159 160 161 166 170 173 175 177 191
26 3 4 9 13 14 16 18 19 25 35 37 42 43 48 49 53 58 59 62 63 71 84 88 89 93 98 100 109 120 121 122 139 148 156 158 162 167 169 170 176 177 179 180 190
27 4 11 13 14 17 19 21 32 34 36 37 49 51 55 63 64 67 70 71 75 77 84 89 91 96 99 113 115 116 117 135 136 151 160 161 166 170 174 178 183
28 6 13 17 25 35 36 46 54 58 62 66 71 86 89 91 92 93 95 97 100 103 114 126 135 143 147 148 152 167 172 176 180 183 188 191
29 2 3 6 9 11 19 30 31 38 44 54 59 65 77 82 85 88 91 93 101 102 114 138 139 142 143 151 154 158 159 163 164 165 169 184 185
30 2 4 7 8 12 13 14 17 29 36 41 45 48 55 61 78 83 90 94 99 100 102 103 113 115 118 119 120 126 127 134 137 138 139 150 155 158 160 168 169 177 185 186
31 6 7 10 17 22 23 25 29 34 39 41 46 50 53 56 57 59 67 71 72 80 83 85 91 92 95 108 119 132 133 138 155 158 160 166 167 173 181 182 185 188
32 1 6 9 13 22 27 33 41 43 53 59 62 65 67 68 69 82 88 110 123 125 126 127 135 137 138 142 143 149 161 163 166 167 176 185
33 8 19 20 22 24 32 39 40 41 44 45 52 57 58 62 66 72 80 87 95 100 116 121 124 125 126 129 132 145 150 152 156 159 160 161 168 170 171 172 176 184 185 187 188 189 191
34 0 3 10 25 27 31 47 52 58 59 66 67 68 73 82 94 97 98 103 107 109 120 130 140 149 151 160 166 171 172 173 190
35 2 10 15 26 28 40 41 44 51 53 58 59 60 68 69 70 74 76 83 93 99 120 121 133 144 149 154 169 170 178 179
36 0 8 19 21 27 28 30 50 71 76 87 90 98 99 114 118 119 120 123 127 140 157 158 166 177
37 9 11 17 20 21 26 27 40 49 53 54 55 66 68 70 71 73 78 80 95 110 115 119 122 124 129 130 143 146 148 153 155 156 157 159 160 166 175 181 182 184 185
38 1 3 4 6 9 15 16 19 20 21 24 29 42 49 62 64 65 70 75 76 83 104 107 111 112 126 130 131 134 142 147 151 154 159 164 165 166 169 174 175 183 187
39 1 6 7 11 14 15 21 31 33 43 49 51 57 60 65 66 69 74 76 79 80 81 82 83 88 89 96 115 140 150 162 168 171 187 189
40 0 1 8 19 22 25 33 35 37 48 52 54 55 58 63 68 74 79 84 94 98 100 106 107 109 112 114 135 136 140 144 151 152 156 159 160 161 167 171 173 175 177 180 181 186 187
41 1 19 30 31 32 33 35 42 46 58 70 74 79 86 92 100 101 105 119 120 124 133 136 137 140 143 144 147 148 149 150 164 171 175 182
42 1 2 5 7 8 12 15 16 22 23 26 38 41 47 60 83 95 108 110 111 112 117 121 126 130 136 138 144 149 151 155 162 163 173 176 179 181 183 186 190
43 1 3 4 8 12 14 16 22 26 32 39 45 52 64 77 83 84 86 90 98 99 101 107 123 125 134 140 142 143 144 145 146 162 165 174 177 178 188 190
44 6 10 12 13 14 19 21 23 29 33 35 45 48 56 63 74 81 101 108 113 127 138 144 145 148 155 165 171 180 185
45 3 5 8 16 17 23 30 33 43 44 47 55 56 59 63 64 65 67 80 91 96 97 99 101 107 125 126 131 134 135 144 148 156 158 163 169 170 181 183 186
46 1 7 21 28 31 41 53 56 65 75 79 80 81 83 85 89 90 102 105 110 115 119 127 132 133 143 150 154 155 164 171 174 179
47 9 11 14 34 42 45 50 51 54 58 64 66 76 92 94 96 101 121 128 131 132 133 136 140 159 168 187
48 1 3 13 21 26 30 40 44 55 57 62 63 69 70 74 75 76 77 93 99 113 118 122 126 128 129 130 131 135 140 141 146 147 154 159 177 179 180 190
49 2 5 12 17 18 26 27 37 38 39 51 52 60 64 71 74 84 87 88 90 91 93 110 117 118 119 122 127 130 137 139 140 142 154 170 173
50 2 14 15 16 21 22 31 36 47 57 65 66 67 72 78 81 82 83 85 104 109 114 118 119 126 129 130 137 140 142 147 150 154 162 163 170 171 181 187 188
51 8 22 27 35 39 47 49 72 74 77 78 85 92 94 97 98 99 100 107 109 112 118 120 123 124 126 127 137 138 149 181 182 183 185
52 2 7 9 14 16 18 19 22 33 34 40 43 49 57 59 61 63 66 85 88 91 95 102 105 106 114 130 132 133 134 139 143 145 150 153 155 156 157 159 160 161 174 180 183 185 188
53 2 7 12 17 18 21 24 26 31 32 35 37 46 63 64 65 66 73 81 87 91 97 110 119 121 125 132 133 134 138 140 145 147 158 160 165 173 175 179 185 190
54 4 9 14 24 28 29 37 40 47 58 61 62 67 69 77 83 87 97 113 115 123 128 131 133 136 137 138 143 152 156 157 160 162 167 175 176 185 188
55 0 4 15 27 30 37 40 45 48 58 59 63 66 68 75 77 82 83 84 85 92 96 102 106 109 111 113 114 119 120 126 128 133 134 137 138 150 153 154 156 158 163 165 169 170 179 185
56 2 12 17 19 31 44 45 46 58 62 63 64 67 71 75 76 81 82 88 89 93 95 108 111 127 147 148 152 156 165 166 173 175 178 183 184 187
57 0 1 4 5 10 11 13 16 31 33 39 48 50 52 58 62 67 78 80 83 84 85 87 89 92 112 117 118 130 140 143 148 156 159 161 162 164 167 178 180 187
58 0 8 11 18 19 25 26 28 33 34 35 40 41 47 54 55 56 57 72 73 74 76 79 82 87 90 91 111 116 120 124 130 131 137 138 143 147 148 149 151 152 154 155 161 163 164 169 175 180 186
59 4 26 29 31 32 34 35 45 52 55 61 66 73 74 85 89 95 99 106 112 114 121 122 126 127 140 143 145 149 153 154 156 158 178 179 184
60 0 5 15 16 17 35 39 42 49 63 69 70 78 80 82 86 100 110 115 116 122 128 136 139 156 164 172 179 183 191
61 6 8 11 17 21 30 52 54 59 71 73 83 85 86 87 89 94 96 99 105 107 121 129 130 133 141 149 156 160 165 171 173 175 177 180 182 187 189 191
62 2 4 17 22 26 28 32 33 38 48 54 56 57 65 67 68 70 73 86 92 95 97 109 111 117 119 120 127 138 146 148 159 165 174 177 182 187 188 189 190
63 5 6 9 23 26 27 40 44 45 48 52 53 55 56 60 70 72 73 79 80 89 95 97 99 101 104 109 112 121 127 133 144 160 163 173 176 181 191
64 20 27 38 43 45 47 49 53 56 69 70 73 87 117 122 126 144 151 159 161 164 165 168 174 176 185 188 191
65 4 5 6 8 17 22 23 24 29 32 38 39 45 46 50 53 62 69 70 82 92 97 104 107 122 124 125 129 134 145 148 152 161 165 168 172 174 184
66 1 8 11 18 28 33 34 37 39 47 50 52 53 55 59 77 91 92 97 111 113 119 120 125 132 136 137 138 139 150 156 157 171 182 183 186
67 0 7 12 18 20 27 31 32 34 45 50 54 56 57 62 68 70 71 77 79 92 96 98 102 103 114 130 137 149 161 165 166 176 177 188
68 1 11 12 13 23 32 34 35 37 40 55 62 67 74 107 127 130 134 139 150 159 168 178 179 180 189
69 1 5 9 17 21 32 35 39 48 54 60 64 65 71 79 81 89 96 98 99 100 108 110 113 114 115 120 125 126 129 136 154 156 163 165 172 173 180
70 2 5 6 9 12 20 25 27 35 37 38 41 48 60 62 63 64 65 67 71 78 81 87 88 91 96 97 109 116 118 122 125 137 139 153 155 157 159 161 172 179 180 186 188 190
71 7 12 16 20 25 26 27 28 31 36 37 49 56 61 67 69 70 72 80 84 90 94 99 103 108 112 116 126 136 139 143 144 154 162 165 167 169 171 173 174 179 191
72 13 20 21 31 33 50 51 58 63 71 86 96 98 105 109 121 128 129 131 133 134 135 141 149 155 156 163 167 174 175 176 178
73 2 7 16 17 34 37 53 58 59 61 62 63 64 74 77 88 92 93 97 104 108 109 111 121 126 128 130 136 140 141 144 151 155 156 161 162 189
74 1 2 10 12 13 35 39 40 41 44 48 49 51 58 59 68 73 79 82 88 95 97 100 107 113 119 122 129 132 134 149 150 152 161 162 164 168 170 171 173 176 177 179 181 182 184 185 186
75 5 22 23 24 27 38 46 48 55 56 92 105 112 137 141 157 160 164 169 172 177 184 185 186 190
76 11 14 23 35 36 38 39 47 48 56 58 83 93 94 97 98 104 106 107 108 111 113 138 144 149 156 161 164 165 170 182 185 189 191
77 1 2 6 10 18 27 29 43 48 51 54 55 66 67 73 78 80 83 89 90 95 101 105 109 128 129 130 137 142 152 153 158 178 181 185 186
78 1 3 14 16 17 19 23 30 37 50 51 57 60 70 77 82 86 97 101 103 104 106 107 108 109 119 122 128 131 132 135 142 145 151 156 159 161 173 179 188
79 13 21 39 40 41 46 58 63 67 69 74 80 85 87 89 90 95 96 98 100 105 107 111 116 120 122 124 127 133 149 156 161 180 183 188 190
80 0 7 8 14 21 31 33 37 39 45 46 57 60 63 71 77 79 87 88 94 103 120 127 128 132 158 162 165 166 167 174 178 182 184 185
81 1 12 13 16 22 23 39 44 46 50 53 56 69 70 88 89 93 94 98 101 107 118 124 126 140 145 150 153 160 164 167 170 171 172 175 181 191
82 1 12 21 29 32 34 39 50 55 56 58 60 65 74 78 83 85 95 96 100 101 105 111 116 123 142 143 147 150 152 154 155 158 164 171
83 0 2 4 10 11 13 20 30 31 35 38 39 42 43 46 50 54 55 57 61 76 77 82 90 94 109 117 120 121 138 139 140 151 153 159 160 161 163 176 191
84 4 7 13 14 15 20 22 26 27 40 43 49 55 57 71 88 89 90 91 94 109 113 114 116 121 123 124 128 136 138 141 150 152 163 176 181 189
85 0 4 6 16 17 25 29 31 46 50 51 52 55 57 59 61 79 82 87 90 91 97 98 105 117 120 123 129 134 139 145 148 149 158 159 168 173 179
86 18 20 28 41 43 60 61 62 72 78 87 89 94 107 111 117 138 141 147 152 160 161 162 164 167 171 175 176 188
87 2 7 8 15 18 21 22 33 36 49 53 54 57 58 61 64 70 79 80 85 86 89 94 96 106 107 109 110 112 117 123 128 129 135 137 138 139 145 147 151 155 161 163 168 180 190
88 8 9 11 15 17 21 22 25 26 29 32 39 49 52 56 70 73 74 80 81 84 89 94 95 97 98 100 106 112 116 119 120 123 126 131 133 141 163 172 180 183 184 190
89 3 8 10 26 27 28 39 46 56 57 59 61 63 69 77 79 81 84 86 87 88 90 97 102 104 107 110 113 114 120 123 125 128 133 136 144 147 148 150 151 156 159 162 166 167 175
90 17 19 20 24 25 30 36 43 46 49 58 71 77 79 83 84 85 89 91 101 103 105 109 128 133 136 137 138 140 145 154 157 163 167 168 169 171 172 176 184
91 6 7 9 14 20 24 27 28 29 31 45 49 52 53 58 66 70 84 85 90 95 98 105 107 109 110 111 112 114 116 118 122 124 137 138 140 142 144 162 165 170 171 175 183 188 189
92 21 28 31 41 47 51 55 57 62 65 66 67 73 75 98 118 124 128 130 133 136 137 140 147 151 153 154 170 171 179 191
93 8 12 13 14 17 19 20 26 28 29 35 48 49 56 73 76 81 98 101 103 112 116 118 127 137 138 149 155 159 182 183 184
94 0 6 22 24 30 34 40 47 51 61 71 76 80 81 83 84 86 87 88 97 110 115 123 126 129 139 143 144 145 153 155 156 157 164 165 167 169 184 191
95 0 8 14 25 28 31 33 37 42 52 56 59 62 63 74 77 79 82 88 91 98 100 103 105 108 109 120 122 125 134 136 140 141 151 156 164 168 173 177 181 182 183 185
96 8 20 27 39 45 47 55 61 67 69 70 72 79 82 87 97 98 102 103 114 128 131 137 144 146 151 154 161 164 167 168 171 176 180 181
97 4 6 8 28 34 45 51 53 54 62 63 65 66 70 73 74 76 78 85 88 89 94 96 101 102 120 125 126 128 133 134 141 150 154 164 170 176 177 182 183 190 191
98 0 6 8 9 10 21 26 34 36 40 43 51 67 69 72 76 79 81 85 88 91 92 93 95 96 105 106 116 119 122 124 134 138 139 146 147 154 159 168 171 174 178 184
99 1 5 13 16 24 25 27 30 35 36 43 45 48 51 59 61 63 69 71 107 112 117 122 123 129 159 162 165 169 170 174 175 179 182 185 190
100 1 8 11 13 14 18 19 20 24 26 28 30 33 40 41 51 60 69 74 79 82 88 95 104 110 116 121 129 130 139 142 146 150 154 160 174 177 182
101 5 8 15 22 29 41 43 44 45 47 63 77 78 81 82 90 93 97 104 107 122 123 127 129 132 134 140 141 145 147 152 171 178 186 187 190
102 0 8 20 29 30 46 52 55 67 89 96 97 105 115 118 128 132 133 141 148 150 156 160 164 165 169 172 174 175 176 185
103 16 19 20 21 28 30 34 67 71 78 80 90 93 95 96 104 105 114 118 119 122 125 126 130 137 142 152 153 158 159 160 181 182 185 189
104 0 2 7 19 38 50 63 65 73 76 78 89 100 101 103 109 110 113 114 125 127 129 130 136 137 139 153 161 166 170 173 176 180 181 182 187
105 20 41 46 52 61 72 75 77 79 82 85 90 91 95 98 102 103 110 113 116 126 137 138 144 154 165 185 186 188 189 190 191
106 0 5 9 10 17 22 40 52 55 59 76 78 87 88 98 113 114 116 118 120 131 133 134 137 140 142 156 160 165 172 179 180 191
107 3 4 11 12 24 34 38 40 43 45 51 61 65 68 74 76 78 79 81 86 87 89 91 99 101 108 113 117 119 126 131 138 140 141 145 152 154 157 162 163 182 184 185
108 10 15 24 25 31 42 44 56 69 71 73 76 78 95 107 112 115 125 126 128 135 142 143 149 163 166 168 176 178 182 191
109 4 8 13 17 20 26 34 40 50 51 55 62 63 70 72 73 77 78 83 84 87 90 91 95 104 111 116 117 122 135 136 137 142 152 155 158 163 191
110 3 9 14 15 21 23 32 37 42 46 49 53 60 69 87 89 91 94 100 104 105 115 131 132 144 149 150 162 163 168 173
111 1 2 11 16 18 22 38 42 55 56 58 62 66 73 76 79 82 86 91 109 113 119 124 139 144 145 146 148 159 164 166 168 171 176 184
112 2 9 11 17 23 38 40 42 51 57 59 63 71 75 87 88 91 93 99 108 122 127 133 138 144 150 152 162 167 171 181 184 187
113 6 12 14 18 21 24 27 30 44 48 54 55 66 69 74 76 84 89 104 105 106 107 111 119 129 133 139 144 150 163 169 173
114 5 9 10 21 28 29 36 40 50 52 55 59 67 69 84 89 91 96 103 104 106 120 122 127 131 137 145 152 153 157 167 170 181 183 187 189
115 2 5 12 27 30 37 39 46 54 60 69 94 102 108 110 117 120 126 128 136 144 149 151 152 154 160 163 164 167 168 171 174 175 181 188
116 2 3 5 27 33 58 60 70 71 79 82 84 88 91 93 98 100 105 106 109 119 122 133 146 159 160 164 165 170 171 180 185
117 3 7 14 27 42 49 57 62 64 83 85 86 87 99 107 109 115 119 122 124 140 149 154 159 160 164 166 173 178 188
118 6 14 17 30 36 48 49 50 51 57 70 81 91 92 93 102 103 106 124 141 144 147 155 159 161 164 165 168 178 191
119 3 16 17 30 31 36 37 41 46 49 50 53 55 62 66 74 78 88 98 103 107 111 113 116 117 120 121 122 130 133 140 150 153 154 157 175 181 190
120 9 10 16 18 25 26 30 34 35 36 41 51 55 58 62 66 69 79 80 83 85 88 89 95 97 106 114 115 119 122 124 125 127 131 132 150 154 157 159 161 169 172 181 188
121 8 11 17 19 24 26 33 35 42 47 53 59 61 63 72 73 83 84 100 119 124 125 130 143 147 149 151 171 183 188
122 0 1 5 17 26 37 48 49 59 60 64 65 70 74 78 79 91 95 98 99 101 103 109 112 114 116 117 119 120 125 146 159 160 165 166 170 173 180 181 184 185
123 1 4 7 12 17 32 36 43 51 54 82 84 85 87 88 89 94 99 101 125 126 128 130 133 139 149 150 152 155 156 157 173 174 180 190
124 3 15 17 33 37 41 51 58 65 79 81 84 91 92 98 111 117 118 120 121 125 129 147 149 155 157 160 161 163 164 172 179 180 191
125 4 8 12 16 19 20 24 32 33 43 45 53 65 66 69 70 89 95 97 103 104 108 120 121 122 123 124 126 130 139 149 154 156 157 161 163 164 165 172 179 183 185 191
126 10 12 14 16 17 18 21 23 25 28 30 32 33 38 42 45 48 50 51 55 59 64 69 71 73 81 88 94 97 103 105 107 108 115 123 125 132 133 136 140 142 153 155 158 159 167 171 172 181 183 187
127 1 6 8 15 25 30 32 36 44 46 49 51 56 59 62 63 68 79 80 93 101 104 112 114 120 134 137 144 145 149 155 160 163 164 165 168 169 176 177 184 189 191
128 0 2 4 20 22 47 48 54 55 60 72 73 77 78 80 84 87 89 90 92 96 97 102 108 115 123 132 138 139 145 146 153 154 155 159 168 173 175 178 179 183
129 9 13 14 19 22 23 33 37 48 50 61 65 69 72 74 77 85 87 94 99 100 101 104 113 124 138 143 144 145 153 158 167 168 176 179 181 184 186
130 8 10 13 20 21 34 37 38 42 48 49 50 52 57 58 61 67 68 73 77 92 100 103 104 119 121 123 125 143 144 161 164 169 170 184
131 1 5 12 25 38 45 47 48 54 58 72 78 88 96 106 107 110 114 120 134 137 139 141 143 154 161 174 175 176 181 189
132 1 14 31 33 46 47 52 53 66 74 78 80 101 102 110 120 126 128 136 137 140 144 147 154 162 168 170 172 173 176 177 186
133 2 11 16 17 19 31 35 41 46 47 52 53 54 55 61 63 72 79 88 89 90 92 97 102 106 112 113 116 119 123 126 138 141 145 146 148 154 158 166 170 173 178 185 186 189
134 13 23 30 38 43 45 52 53 55 65 68 72 74 85 95 97 98 101 106 127 131 137 141 144 148 153 154 156 182
135 0 9 13 16 20 27 28 32 40 45 48 72 78 87 108 109 137 144 149 151 166 174 177 181 183 184 190
136 8 17 18 20 21 25 27 40 41 42 47 54 60 66 69 71 73 84 89 90 92 95 104 109 115 126 132 145 149 151 152 153 156 160 170 171 174 177 178 179 184 187 188
137 2 4 5 24 30 32 41 49 50 51 54 55 58 66 67 70 75 77 87 90 91 92 93 96 103 104 105 106 109 114 127 131 132 134 135 146 152 165 167 170 178 179 180 185 186 190
138 6 18 29 30 31 32 42 44 51 53 54 55 58 62 66 76 83 84 86 87 90 91 93 98 105 107 112 128 129 133 140 148 156 160 180 181 186 189 191
139 4 5 8 19 26 29 30 49 52 60 66 68 70 71 83 85 87 94 98 100 104 111 113 123 125 128 131 154 158 162 167 170 171 172 173 175 182 191
140 3 7 8 20 21 22 34 36 39 40 41 43 47 48 49 50 53 57 59 73 81 83 90 91 92 95 101 106 107 117 119 126 132 138 141 143 155 159 163 186 187
141 10 15 16 17 19 21 22 23 24 48 61 72 73 75 84 86 88 95 97 101 102 107 118 131 133 134 140 148 153 156 162 169 178 186
142 0 4 5 11 14 19 23 29 32 38 43 49 50 77 78 82 91 100 103 106 108 109 126 143 164 165 172 175 177 184 188
143 15 16 28 29 32 37 41 43 46 52 54 57 58 59 71 82 94 108 121 129 130 131 140 142 148 170 172 183 185 186 188
144 3 13 14 22 35 40 41 42 43 44 45 63 64 71 73 76 89 91 94 96 105 110 111 112 113 115 118 127 129 130 132 134 135 152 153 162 164 169 170 171 175 177 181 186 189
145 5 18 33 43 44 52 53 59 65 78 81 85 87 90 94 101 107 111 114 127 128 129 133 136 148 149 153 154 155 168 169 174 175 184 191
146 4 7 8 11 23 37 43 48 62 96 98 100 111 116 122 128 133 137 149 165 171 173 176 178 179 180 189
147 3 28 38 41 48 50 53 56 58 82 86 87 89 92 98 101 118 121 124 132 157 159
148 4 9 14 15 17 26 28 37 41 44 45 56 57 58 62 65 85 89 102 111 133 134 138 141 143 145 150 151 152 167 172
149 0 3 4 7 9 32 34 35 41 42 51 58 59 61 67 72 74 76 79 85 93 108 110 115 117 121 123 124 125 127 135 136 145 146 152 157 162 188 189 190
150 0 1 3 12 16 18 21 22 30 33 39 41 46 50 52 55 66 68 74 81 82 84 89 97 100 102 110 112 113 119 120 123 148 153 154 158 161 162 168 179 186 188
151 6 14 19 22 25 27 29 34 38 40 42 58 64 73 78 83 87 89 92 95 96 115 121 135 136 148 154 158 163 165 167 170 179 182 186 188
152 2 3 11 28 33 40 54 56 58 65 74 77 82 84 86 101 103 107 109 112 114 115 123 136 137 144 148 149 158 159 161 168 170 180 190
153 6 23 25 37 52 55 59 70 77 81 83 92 94 103 104 114 119 126 128 129 134 136 141 144 145 150 157 166 168 173 181 188
154 3 6 7 9 11 17 21 29 35 38 46 48 49 50 55 58 59 69 71 82 90 92 96 97 98 100 105 107 115 117 119 120 125 128 131 132 133 134 139 145 150 151 156 159 160 163 172 176 177
155 0 5 6 9 19 23 30 31 37 42 44 46 52 58 70 72 73 82 87 93 94 109 118 123 124 126 127 128 140 145 159 162 169 170 171 172 173 190
156 2 7 13 25 26 33 37 40 45 52 54 55 56 57 59 60 61 66 69 72 73 76 78 79 89 94 95 102 106 123 125 134 136 138 141 154 157 158 166 175 176 179 180 183 189 190
157 0 2 12 14 19 20 21 36 37 52 54 66 70 75 90 94 107 114 119 120 123 124 125 147 149 153 156 165 177 182 185 188 191
158 2 13 18 26 29 30 31 36 45 53 55 59 77 80 82 85 103 109 126 129 133 139 150 151 152 156 165 169 179 186 187 188 191
159 3 17 19 25 29 33 37 38 40 47 48 52 57 62 64 68 70 78 83 85 89 93 98 99 103 111 116 117 118 120 122 126 128 140 147 152 154 155 160 169 182 184
160 2 5 19 21 23 25 27 30 31 33 34 37 40 52 53 54 61 63 75 81 83 86 100 102 103 106 115 116 117 122 124 127 136 138 154 159 161 166 167 170 177 181 187 188 191
161 1 11 20 21 25 27 32 33 40 52 57 58 64 65 67 70 73 74 76 78 79 83 86 87 96 104 118 120 124 125 130 131 150 152 160 163 166 167 171 173 174 175 176 179 191
162 1 9 10 11 12 26 39 42 43 50 54 57 71 73 74 80 86 89 91 99 107 110 112 132 139 141 144 149 150 155 174 181 186 189 190
163 0 7 13 17 29 32 42 45 50 55 58 63 69 72 83 84 87 88 90 107 108 109 110 113 115 124 125 127 140 151 154 161 165 166 168 171 174 175 178
164 2 6 12 16 20 29 38 41 46 57 58 60 64 74 75 76 81 82 86 94 95 96 97 102 111 115 116 117 118 124 125 127 130 142 144 166 167 172 174 176 179 180 190
165 0 3 7 8 15 17 29 38 43 44 53 55 56 61 62 64 65 67 69 71 76 80 91 94 99 102 105 106 116 118 122 125 127 137 142 146 151 157 158 163 178 187
166 1 4 10 12 15 20 21 22 25 27 31 32 34 36 37 38 56 67 80 89 104 108 111 117 122 133 135 153 156 160 161 163 164 173 175 176
167 3 17 26 28 31 32 40 54 57 71 72 80 81 86 89 90 94 96 112 114 115 126 129 137 139 148 151 160 161 164 168 172 174 176 179 183
168 0 5 7 9 13 14 19 30 33 39 47 64 65 68 74 85 87 90 95 96 98 108 110 111 115 118 127 128 129 132 145 150 152 153 163 167 174
169 4 5 9 18 20 21 26 29 30 35 38 45 55 58 71 75 90 94 99 102 113 120 127 130 141 144 145 155 158 159 178 181
170 3 6 12 13 15 25 26 27 33 35 45 49 50 55 74 76 81 91 92 97 99 104 114 116 122 130 132 133 136 137 139 143 144 151 152 155 160 172 174 175 176 179 189
171 8 10 11 15 16 20 22 24 33 34 39 40 41 44 46 50 61 66 71 74 81 82 86 90 91 92 96 98 101 111 112 115 116 121 126 136 139 144 146 155 161 163 174 180 191
172 2 5 9 11 13 20 28 33 34 60 65 69 70 75 81 88 90 102 106 120 124 125 126 132 139 142 143 148 154 155 164 167 170 178 181 182 183 185 188
173 3 25 31 34 40 42 49 53 56 61 63 69 71 74 78 85 95 104 110 113 117 122 123 128 132 133 139 146 153 155 161 166 176 180
174 4 10 13 19 27 38 43 46 52 62 64 65 71 72 80 98 99 100 102 115 123 131 135 136 145 161 162 163 164 167 168 170 171 175 191
175 5 9 15 18 19 20 25 37 38 40 41 53 54 56 58 61 72 81 86 89 91 99 102 115 119 128 131 139 142 144 145 156 161 163 166 170 174 178 179
176 1 3 5 8 16 18 26 28 32 33 42 54 63 64 67 72 74 83 84 86 90 96 97 102 104 108 111 127 129 131 132 146 154 156 161 164 166 167 170 173 178 181 184 185 190
177 0 8 15 19 22 25 26 30 36 40 43 48 61 62 67 74 75 95 97 100 127 132 135 136 142 144 154 157 160 188
178 4 5 10 12 20 23 27 35 43 56 57 59 68 72 77 80 98 101 108 117 118 128 133 136 137 141 146 163 165 169 172 175 176 181 190
179 0 2 5 6 18 26 35 42 46 48 53 55 59 60 68 70 71 74 78 85 92 99 106 124 125 128 129 136 137 146 150 151 156 158 161 164 167 170 175 182 183 184 191
180 1 2 7 11 21 26 28 40 44 48 52 57 58 61 68 69 70 79 87 88 96 104 106 116 122 123 124 137 138 146 152 156 164 171 173 181 191
181 6 14 17 31 37 40 42 45 50 51 63 74 77 81 84 95 96 103 104 112 114 115 119 120 122 126 129 131 135 138 144 153 160 162 169 172 176 178 180 182 184 185 188 191
182 1 7 11 17 31 37 41 51 61 62 66 74 76 80 93 95 97 99 100 103 104 107 108 134 139 151 157 159 172 179 181 186 189
183 6 15 19 22 27 28 38 42 45 51 52 56 60 66 79 88 91 93 95 97 114 121 125 126 128 135 143 156 167 172 179 185
184 6 18 19 29 33 37 56 59 65 74 75 80 88 90 93 94 98 107 111 112 122 127 129 130 135 136 142 145 159 176 179 181 187
185 10 14 16 29 30 31 32 33 37 44 51 52 53 54 55 64 74 75 76 77 80 95 99 102 103 105 107 116 122 125 133 137 143 157 172 176 181 183
186 9 12 17 19 30 40 42 45 58 66 70 74 75 77 101 105 129 132 133 137 138 140 141 143 144 150 151 158 162 182 187 188
187 12 15 17 22 24 33 38 39 40 47 50 56 57 61 62 101 104 112 114 126 136 140 158 160 165 184 186 191
188 4 7 16 17 20 28 31 33 43 50 52 54 62 64 67 70 78 79 86 91 105 115 117 120 121 136 142 143 149 150 151 153 157 158 160 172 177 181 186
189 0 10 33 39 61 62 68 73 76 84 91 103 105 114 127 131 133 138 144 146 149 156 162 170 182 191
190 6 10 11 16 19 21 22 26 34 42 43 48 53 62 70 75 79 87 88 97 99 101 105 119 123 135 137 149 152 155 156 162 164 176 178
191 0 2 3 8 11 13 14 22 25 28 33 60 61 63 64 71 76 81 83 92 94 97 105 106 108 109 118 124 125 127 138 139 145 157 158 160 161 171 174 179 180 181 187 189
