95 509
0 5 18 47 67 82 88 93
1 12 45 49 50 54 76 80 86 94
2 8 27 37 38 62 63 75 94
3 12 21 38 44 45 47 52 64 69 71 80 85
4 7 12 22 23 28 42 64 80 82 86
5 0 7 26 31 35 39 42 59 64 65 71 91 94
6 15 24 26 28 39 40 47 54 58 82 94
7 4 5 12 15 19 20 24 42 45 47 70 82 92
8 2 15 24 47 58 70 75 77 86 91
9 24 47 48 53 61 63 66 81 83 88
10 23 30 37 69 71 76 80 89 90
11 14 20 21 22 35 36 39 40 41 60 62 79 84 86
12 1 3 4 7 27 40 46 83
13 19 26 34 47 57 80 83 87
14 11 18 26 33 58 83 90
15 6 7 8 21 27 31 55 84
16 22 25 26 36 40 42 48 60 62 67 74 84 91
17 35 38 40 43 61 62 81 85 88
18 0 14 22 23 26 46 54 59 79 82 94
19 7 13 21 27 30 31 52 54 70 75 76 80 91
20 7 11 22 43 46 53 62
21 3 11 15 19 25 26 33 51 68 82 85 87 89 91 94
22 4 11 16 18 20 23 32 57 58 64 76 84 88 93
23 4 10 18 22 36 46 47 63 72 88
24 6 7 8 9 29 31 36 40 72 76 80 89 90 92 94
25 16 21 28 29 31 33 38 72
26 5 6 13 14 16 18 21 41 53 55 61 82 92 94
27 2 12 15 19 46 69 86 88 92
28 4 6 25 34 62
29 24 25 32 36 38 39 43 48 55 56 60 61 67 69 71 81 84 91
30 10 19 37 39 42 50 65 74 81 94
31 5 15 19 24 25 37 41 47 58 61 62 65
32 22 29 47 48 61 62 73 77 80 93
33 14 21 25 38 39 48 56 57 60 65
34 13 28 36 49 63 77 84 91
35 5 11 17 39 42 57 61 66 82
36 11 16 23 24 29 34 43 48 50 61 66 68 84
37 2 10 30 31 71 90 92
38 2 3 17 25 29 33 43 45 50 55 78
39 5 6 11 29 30 33 35 41 51
40 6 11 12 16 17 24 70 80 81 89 94
41 11 26 31 39 44 50 62 82 85 92
42 4 5 7 16 30 35 57 59 62 68 71 74 76 82 83 84
43 17 20 29 36 38 44 60 69 70 83
44 3 41 43 45 48 52 56 73 91 93 94
45 1 3 7 38 44 54 58 63 64 81 87 89 90
46 12 18 20 23 27 49 59 61 69 78 88 90
47 0 3 6 7 8 9 13 23 31 32 54 93
48 9 16 29 32 33 36 44 49 56 80 84 89 93
49 1 34 46 48 59 62 63 64 66 71 73 83 87 93
50 1 30 36 38 41 64 85
51 21 39 55 56 60 68 73 83 90
52 3 19 44 54 60 62 65 74 78 81 83 89
53 9 20 26 59 62 72 87 94
54 1 6 18 19 45 47 52 58 79 86
55 15 26 29 38 51 59 68 82 94
56 29 33 44 48 51 59 64 69 78 94
57 13 22 33 35 42 69 75 83
58 6 8 14 22 31 45 54 62 67 70 80
59 5 18 42 46 49 53 55 56 60 78
60 11 16 29 33 43 51 52 59 63 66 69 79 93
61 9 17 26 29 31 32 35 36 46 71 72 76 77 78 80 88 92
62 2 11 16 17 20 28 31 32 41 42 49 52 53 58 64 67
63 2 9 23 34 45 49 60 72 75 76 77 83
64 3 4 5 22 45 49 50 56 62 65 81 83 89 90
65 5 30 31 33 52 64 66 75 78 84 93
66 9 35 36 49 60 65 74
67 0 16 29 58 62 70 77 79 88 91 93
68 21 36 42 51 55 71 83 85
69 3 10 27 29 43 46 56 57 60
70 7 8 19 40 43 58 67 77 85 92
71 3 5 10 29 37 42 49 61 68 79 83
72 23 24 25 53 61 63 73 83
73 32 44 49 51 72 79 82 84 87 88
74 16 30 42 52 66 77 78
75 2 8 19 57 63 65 78
76 1 10 19 22 24 42 61 63 86
77 8 32 34 61 63 67 70 74 87 92
78 38 46 52 56 59 61 65 74 75 80 81
79 11 18 54 60 67 71 73 82 86 92
80 1 3 4 10 13 19 24 32 40 48 58 61 78 82 85 93
81 9 17 29 30 40 45 52 64 78 84 93
82 0 4 6 7 18 21 26 35 41 42 55 73 79 80 84 85
83 9 12 13 14 42 43 49 51 52 57 63 64 68 71 72 88
84 11 15 16 22 29 34 36 42 48 65 73 81 82 88
85 3 17 21 41 50 68 70 80 82
86 1 4 8 11 27 54 76 79
87 13 21 45 49 53 73 77
88 0 9 17 22 23 27 46 61 67 73 83 84 92
89 10 21 24 40 45 48 52 64
90 10 14 24 37 45 46 51 64
91 5 8 16 19 21 29 34 44 67 94
92 7 24 26 27 37 41 61 70 77 79 88
93 0 22 32 44 47 48 49 60 65 67 80 81
94 1 2 5 6 18 21 24 26 30 40 44 53 55 56 91
