44 265
0 16 21 22 24 28 34 39 40
1 3 5 8 10 12 16 38 40 42
2 3 7 8 11 13 16 26 27 28 38 40
3 1 2 4 5 7 8 14 22 23 25 28 38
4 3 6 8 9 13 14 23 25 26 35 36 37 38
5 1 3 7 8 11 20 25 26 28 32 35 38 39 41
6 4 7 9 10 11 16 21 27 31 32 34 35 39 40 41 43
7 2 3 5 6 10 13 14 15 17 19 24 25 36 40
8 1 2 3 4 5 11 17 23 32 33 37 42 43
9 4 6 14 18 30 31 32 37
10 1 6 7 11 13 16 17 19 20 21 23 25 29 30 39 41
11 2 5 6 8 10 18 19 23 34 39 43
12 1 13 16 17 20 21 22 24 27 29 31 35 39 42 43
13 2 4 7 10 12 15 20 22 31 36 39 41
14 3 4 7 9 16 19 26 27 29 34 40 41 43
15 7 13 16 17 18 21 22 23 25 28 29 35 40 41
16 0 1 2 6 10 12 14 15 22 31 34
17 7 8 10 12 15 28 31 38 42
18 9 11 15 19 23 33 34 38 43
19 7 10 11 14 18 20 21 23 27 32 36 37 41 42
20 5 10 12 13 19 23 25 26 27 29 33 34 36 37 40
21 0 6 10 12 15 19 34
22 0 3 12 13 15 16 26 27 28 34 35 40 41 42 43
23 3 4 8 10 11 15 18 19 20 24 34 35 37
24 0 7 12 23 31 35 40
25 3 4 5 7 10 15 20 26 27 28 30 32 33 38 39
26 2 4 5 14 20 22 25 35 36 37 42 43
27 2 6 12 14 19 20 22 25 28 29 30 32 38 40 42
28 0 2 3 5 15 17 22 25 27 30 32 33 43
29 10 12 14 15 20 27 32 34 35 38 39 41
30 9 10 25 27 28 33 37 39 41
31 6 9 12 13 16 17 24 35 36
32 5 6 8 9 19 25 27 28 29 36 38 40 41 43
33 8 18 20 25 28 30 34 36 41 42 43
34 0 6 11 14 16 18 20 21 22 23 29 33 41 42
35 4 5 6 12 15 22 23 24 26 29 31
36 4 7 13 19 20 26 31 32 33 43
37 4 8 9 19 20 23 26 30
38 1 2 3 4 5 17 18 25 27 29 32 39 42
39 0 5 6 10 11 12 13 25 29 30 38
40 0 1 2 6 7 14 15 20 22 24 27 32 41 43
41 5 6 10 13 14 15 19 22 29 30 32 33 34 40 42
42 1 8 12 17 19 22 26 27 33 34 38 41
43 6 8 11 12 14 18 22 26 28 32 33 36 40
