180 1969
0 6 31 37 55 61 69 80 92 94 115 116 117 123 124 127 136 149 158 161 164 174
1 12 28 35 41 67 72 76 86 100 115 123 134 138 143 160 162 169 172 173
2 5 6 12 14 23 26 30 48 56 57 61 64 74 88 94 101 104 112 115 117 122 125 126 131 156 158 171 174
3 6 7 14 15 27 31 38 40 44 48 58 67 68 105 106 117 120 144 164 167 174 175
4 17 31 49 52 79 86 87 97 109 114 119 124 136 138 145 153 162
5 2 19 27 35 38 53 74 77 92 100 113 117 120 125 129 138 150 158 164 170 174
6 0 2 3 7 9 11 38 41 62 70 77 81 82 100 109 116 125 146 147 163 167 170 175 176
7 3 6 18 27 37 39 56 60 63 68 71 77 82 84 93 98 99 108 114 121 124 132 144 155 168 178
8 15 19 23 25 28 29 35 44 47 66 82 101 108 126 127 132 139 151 156 161
9 6 10 21 32 34 46 56 70 73 76 87 108 115 126 127 128 132 143 153 165
10 9 29 44 55 70 73 82 90 112 113 118 123 133 137 152 157 161 162 166 169 176
11 6 23 24 36 38 40 42 49 52 62 63 66 87 99 101 108 110 113 126 135 137 148 158 168
12 1 2 20 31 32 38 39 42 57 66 88 109 126 138 149 152 155 163
13 18 35 38 41 50 51 57 64 66 69 77 79 81 86 92 93 96 117 121 124 128 148 152 154 174 176
14 2 3 16 26 39 50 53 58 60 71 85 87 89 94 98 106 113 125 137 148 150 164 178
15 3 8 29 31 33 38 52 53 57 80 94 103 105 128 131 133 135 140 147 148 169 171
16 14 22 38 42 52 55 66 68 71 76 79 90 93 97 104 109 110 117 122 132 136 151 154 159 172 174
17 4 48 60 63 69 71 75 78 87 89 93 98 115 134 139 140 157 163 174 175 176
18 7 13 32 36 41 50 51 56 68 69 74 121 136 139 140 169 175 178
19 5 8 23 27 30 32 36 49 67 68 103 116 121 122 124 126 135 163 171 179
20 12 30 32 33 36 54 55 65 75 88 89 106 116 137 147 152 157 171 173
21 9 22 25 26 29 31 44 45 49 50 63 65 69 76 83 84 161 165
22 16 21 30 44 46 70 72 98 104 105 109 113 116 125 146 147 164 166 167 170 176
23 2 8 11 19 26 39 43 49 55 88 92 94 102 123 129 147 148 152 156 162 167 169 176
24 11 28 31 32 36 46 55 68 69 86 90 96 100 106 109 128 137 142 143 156 159 162 165 171 178 179
25 8 21 26 29 31 60 61 63 64 67 72 78 86 91 92 103 109 114 118 128 134 150 152 157 158 159 165 176 178
26 2 14 21 23 25 29 33 46 52 58 59 73 84 87 88 89 118 120 121 124 125 130 133 142 148 152 169
27 3 5 7 19 31 39 53 64 72 78 79 86 89 91 105 110 115 116 117 123 130 135 138 142 146 163 175 176
28 1 8 24 31 42 45 50 58 75 76 77 84 86 106 116 128 135 147 148 168 169 177
29 8 10 15 21 25 26 32 33 35 38 46 58 73 74 80 84 86 90 101 119 127 144 145 172 175
30 2 19 20 22 36 37 39 44 46 55 66 67 73 77 80 89 103 112 176 177
31 0 3 4 12 15 21 24 25 27 28 33 37 43 50 51 60 90 117 137 150 153 171 177 179
32 9 12 18 19 20 24 29 53 55 63 69 77 103 112 115 121 128 129 130 137 149 157 158 176
33 15 20 26 29 31 35 45 48 58 88 122 124 140 151 156 157 158 164 179
34 9 52 68 70 86 89 90 103 105 107 114 119 133 140 143 157 160 163
35 1 5 8 13 29 33 38 46 61 62 70 82 90 95 96 106 122 134 137 139 159 160 166 176
36 11 18 19 20 24 30 40 47 63 76 83 85 89 91 93 97 111 116 117 118 161 172
37 0 7 30 31 39 43 56 58 64 73 83 97 102 104 111 124 130 139 156 160 170
38 3 5 6 11 12 13 15 16 29 35 43 56 58 73 75 91 92 106 113 125 127 132 139 140 142 148 155 158 165 170 174
39 7 12 14 23 27 30 37 57 63 64 76 90 100 107 108 109 120 133 135 137 145 162 164 165 166 173 179
40 3 11 36 53 55 56 62 75 82 112 115 118 135 136 144 159 177
41 1 6 13 18 45 54 56 68 72 101 109 110 133 136 151 152 166 168 172 175
42 11 12 16 28 46 52 57 60 68 79 102 110 112 113 115 119 121 150 156 159 169
43 23 31 37 38 50 55 63 65 67 71 78 93 103 122 138 139 169 171 178
44 3 8 10 21 22 30 49 75 82 84 86 129 130 143 145 159 163 170
45 21 28 33 41 51 60 78 83 86 100 131 134 137 138 141 144 157 160 161 169
46 9 22 24 26 29 30 35 42 73 93 97 101 138 139 143 146 158 162 163 167 170 176
47 8 36 55 59 71 73 85 96 99 118 133 134 136 159 169 171 179
48 2 3 17 33 54 57 58 60 64 71 73 78 84 94 98 123 140 145 153 155 159 160 166 167 172
49 4 11 19 21 23 44 54 57 79 89 104 105 114 115 116 119 123 129 135 141 152 179
50 13 14 18 21 28 31 43 55 65 66 67 68 81 82 87 88 90 91 94 98 106 112 124 134 140 158 165 170 176 177
51 13 18 31 45 55 59 61 62 65 69 72 75 76 78 82 98 103 119 130 144
52 4 11 15 16 26 34 42 63 68 72 75 77 97 105 111 122 124 131 141 160 162 167
53 5 14 15 27 32 40 55 60 67 77 94 102 111 123 126 139 144 146 147 150 158 161 166
54 20 41 48 49 56 58 68 69 86 96 99 104 113 143 147 158 167 174
55 0 10 16 20 23 24 30 32 40 43 47 50 51 53 68 75 80 94 108 113 117 125 126 130 135 136 145 147 151 154 157 166 173
56 2 7 9 18 37 38 40 41 54 61 65 80 81 86 91 94 103 114 115 132 140 144 151 161 165 172 174 176 179
57 2 12 13 15 39 42 48 49 94 105 108 110 128 142 143 151 165 168 173 179
58 3 14 26 28 29 33 37 38 48 54 60 85 95 129 142 146 158 172
59 26 47 51 60 78 85 88 96 104 106 128 134 135 140 152 157 170 172 178
60 7 14 17 25 31 42 45 48 53 58 59 65 70 80 83 85 93 100 105 123 131 139 166
61 0 2 25 35 51 56 93 102 104 106 109 110 112 129 138 150 158 162 163 165
62 6 11 35 40 51 69 71 82 96 98 107 109 112 113 125 136 139 149 151 156 162
63 7 11 17 21 25 32 36 39 43 52 74 77 80 86 90 102 104 119 120 121 130 133 136 139 157 159 165 168
64 2 13 25 27 37 39 48 82 92 94 101 109 116 127 138 151 167 173 174 177 178
65 20 21 43 50 51 56 60 73 76 86 89 104 110 124 125 134 142 146 147 151 159 174 179
66 8 11 12 13 16 30 50 74 90 95 97 122 123 125 126 136 149 163 177 178
67 1 3 19 25 30 43 50 53 74 84 91 106 109 121 122 138 147 155 172 174
68 3 7 16 18 19 24 34 41 42 50 52 54 55 72 77 80 111 126 128 131 134 149 166 179
69 0 13 17 18 21 24 32 51 54 62 71 81 85 86 91 93 101 110 131 133 139 145 147 157 160 162 168 175
70 6 9 10 22 34 35 60 73 74 77 82 86 90 93 98 100 113 128 141 147 160 166 170
71 7 14 16 17 43 47 48 62 69 78 85 98 103 133 139 140 143 145 173 177
72 1 22 25 27 41 51 52 68 79 81 90 102 104 105 122 126 139 141 153 161 169 178
73 9 10 26 29 30 37 38 46 47 48 65 70 87 89 98 105 117 126 137 157 166 171
74 2 5 18 29 63 66 67 70 75 78 83 89 92 100 102 103 112 116 119 120 125 127 131 144 148 158 166 169 179
75 17 20 28 38 40 44 51 52 55 74 77 83 86 87 94 108 115 122 123 130 137 138 145 147 152 165 166 169 170
76 1 9 16 21 28 36 39 51 65 81 83 84 86 98 104 110 137 144 160 165 175 178
77 5 6 7 13 28 30 32 52 53 63 68 70 75 78 79 81 87 89 93 106 107 122 128 131 152 160 169
78 17 25 27 43 45 48 51 59 71 74 77 79 93 103 106 122 131 132 133 135 137 139 144 155 175
79 4 13 16 27 42 49 72 77 78 85 90 96 101 102 108 117 127 133 134 135 150 154 171
80 0 15 29 30 55 56 60 63 68 85 87 89 97 99 118 119 139 142 149 156 158 164 166 168 170
81 6 13 50 56 69 72 76 77 86 88 89 101 115 141 146 173
82 6 7 8 10 35 40 44 50 51 62 64 70 89 91 98 101 116 122 126 130 131 145 154 159 167 173 179
83 21 36 37 45 60 74 75 76 98 110 112 123 131 143 147 148 157 169 176 177
84 7 21 26 28 29 44 48 67 76 86 88 93 101 109 115 123 124 138 159
85 14 36 47 58 59 60 69 71 79 80 87 101 107 133 153 158 159 171 175
86 1 4 13 24 25 27 28 29 34 44 45 54 56 63 65 69 70 75 76 81 84 89 92 98 110 120 122 124 151 161 162 170
87 4 9 11 14 17 26 50 73 75 77 80 85 89 104 114 132 134 141 157 161 163 165 167 179
88 2 12 20 23 26 33 50 59 81 84 99 121 129 132 144 150 152 156 168
89 14 17 20 26 27 30 34 36 49 65 73 74 77 80 81 82 86 87 95 116 130 133 145 174
90 10 16 24 29 31 34 35 39 50 63 66 70 72 79 106 110 112 118 121 125 127 131 137 139 142 149 162
91 25 27 36 38 50 56 67 69 82 93 111 132 136 145 148 150 151 162 167 173 176
92 0 5 13 23 25 38 64 74 86 102 113 117 119 128 131 136 144 163 172 175
93 7 13 16 17 36 43 46 60 61 69 70 77 78 84 91 95 98 132 143 146 148 152 157 168 172 179
94 0 2 14 15 23 48 50 53 55 56 57 64 75 106 110 128 147 175 179
95 35 58 66 89 93 101 106 110 113 119 125 129 139 146 154 165
96 13 24 35 47 54 59 62 79 107 126 132 140 145 151 152 158 165 171 173
97 4 16 36 37 46 52 66 80 98 116 122 124 165 173 177
98 7 14 17 22 48 50 51 62 70 71 73 76 82 83 86 93 97 107 108 115 122 127 128 158 167 177
99 7 11 47 54 80 88 101 109 111 141 146 162 167 168
100 1 5 6 24 39 45 60 70 74 105 111 125 127 128 137 139 153 170 173 179
101 2 8 11 29 41 46 64 69 79 81 82 84 85 95 99 112 115 116 128 136 139 164
102 23 37 42 53 61 63 72 74 79 92 104 130 137 140 150 152 156 159 160 176 178
103 15 19 25 30 32 34 43 51 56 71 74 78 106 118 146 168 173 174
104 2 16 22 37 49 54 59 61 63 65 72 76 87 102 134 149 156 161
105 3 15 22 27 34 49 52 57 60 72 73 100 126 131 134 140 147 149 151 169 170 173
106 3 14 20 24 28 35 38 50 59 61 67 77 78 90 94 95 103 124 130 131 137 162
107 34 39 62 77 85 96 98 116 132 139 142 168 169
108 7 8 9 11 39 55 57 75 79 98 116 121 133 134 139 141 145 148 153 162 165
109 4 6 12 16 22 24 25 39 41 61 62 64 67 84 99 110 136 145 150 162 170
110 11 16 27 41 42 57 61 65 69 76 83 86 90 94 95 109 111 113 120 125 126 153 161 165 167 173
111 36 37 52 53 68 91 99 100 110 114 115 117 124 129 150 163 164 166
112 2 10 30 32 40 42 50 61 62 74 83 90 101 113 139 143 168
113 5 10 11 14 22 38 42 54 55 62 70 92 95 110 112 140 144 147 159 179
114 4 7 25 34 49 56 87 111 121 138 139 162 163 168 175
115 0 1 2 9 17 27 32 40 42 49 56 75 81 84 98 101 111 126 127 133 144 149 156 179
116 0 6 19 20 22 27 28 36 49 64 74 82 89 97 101 107 108 122 142 145 146 150 152 167 176
117 0 2 3 5 13 16 27 31 36 55 73 79 92 111 118 122 138 141 167 171 179
118 10 25 26 36 40 47 80 90 103 117 120 132 136 150 153 158 160 161 170 173
119 4 29 34 42 49 51 63 74 80 92 95 134 135 142 165 174
120 3 5 26 39 63 74 86 110 118 137 138 149 154 157 160 165 170 178
121 7 13 18 19 26 32 42 63 67 88 90 108 114 124 126 128 130 151 154 156 168 177
122 2 16 19 33 35 43 52 66 67 72 75 77 78 82 86 97 98 116 117 130 133 140 141 148 153 155 158 161 162
123 0 1 10 23 27 48 49 53 60 66 75 83 84 130 137 139 155 166 173
124 0 4 7 13 19 26 33 37 50 52 65 84 86 97 106 111 121 127 152 154 156 171
125 2 5 6 14 22 26 38 55 62 65 66 74 90 95 100 110 137 139 144 155 159 160 171
126 2 8 9 11 12 19 53 55 66 68 72 73 82 96 105 110 115 121 128 133 143 146 153 168 176 178
127 0 8 9 29 38 64 74 79 90 98 100 115 124 139 150 164 167 169 175 177 178
128 9 13 15 24 25 28 32 57 59 68 70 77 92 94 98 100 101 121 126 139 144 146 147 151 155 158 160
129 5 23 32 44 49 58 61 88 95 111 136 146 149 173
130 26 27 32 37 44 51 55 63 75 82 89 102 106 121 122 123 137 139 142 171
131 2 15 45 52 60 68 69 74 77 78 82 83 90 92 105 106 136 139 152 155 161 164 165 167
132 7 8 9 16 38 56 78 87 88 91 93 96 107 118 134 135 141 149 175
133 10 15 26 34 39 41 47 63 69 71 78 79 85 89 108 115 122 126 151 156 170 174
134 1 17 25 35 45 47 50 59 65 68 79 87 104 105 108 119 132 142 143 144 151 154 155 168 172 174
135 11 15 19 27 28 39 40 49 55 59 78 79 119 132 145 149 156 163
136 0 4 16 18 40 41 47 55 62 63 66 91 92 101 109 118 129 131 142 153 160 161 164 172 177
137 10 11 14 20 24 31 32 35 39 45 73 75 76 78 90 100 102 106 120 123 125 130 142 147 156 166
138 1 4 5 12 27 43 45 46 61 64 67 75 84 114 117 120 151 161 163 167 168
139 8 17 18 35 37 38 43 46 53 60 62 63 69 71 72 78 80 90 95 100 101 107 108 112 114 123 125 127 128 130 131 145 147 149 151 153 156 161 167
140 15 17 18 33 34 38 48 50 56 59 71 96 102 105 113 122 150 157 158
141 45 49 52 70 72 81 87 99 108 117 122 132 151 154 163 164 179
142 24 26 27 38 57 58 65 80 90 107 116 119 130 134 136 137 152 164 166 173
143 1 9 24 34 44 46 54 57 71 83 93 112 126 134 149 152 163
144 3 7 29 40 45 51 53 56 74 76 78 88 92 113 115 125 128 134 154 155 172 174
145 4 29 39 44 48 55 69 71 75 82 89 91 96 108 109 116 135 139 148 162 163 176 179
146 6 22 27 46 53 58 65 81 93 95 99 103 116 126 128 129 150 176 177
147 6 15 20 22 23 28 53 54 55 65 67 69 70 75 83 94 105 113 128 137 139 148 155 172 174 177
148 11 13 14 15 23 26 28 38 74 83 91 93 108 122 145 147 151 154 161 178
149 0 12 32 62 66 68 80 90 104 105 115 120 129 132 135 139 143 159 169 175
150 5 14 25 31 42 53 61 79 88 91 102 109 111 116 118 127 140 146 153 172 178
151 8 16 33 41 55 56 57 62 64 65 86 91 96 105 121 128 133 134 138 139 141 148 154 157 160 176
152 10 12 13 20 23 25 26 41 49 59 75 77 88 93 96 102 116 124 131 142 143 167 179
153 4 9 31 48 72 85 100 108 110 118 122 126 136 139 150 177
154 13 16 55 79 82 95 120 121 124 134 141 144 148 151 157 160 171 173
155 7 12 38 48 67 78 122 123 125 128 131 134 144 147 160 164
156 2 8 23 24 33 37 42 62 80 88 102 104 115 121 124 133 135 137 139
157 10 17 20 25 32 33 34 45 55 59 63 69 73 83 87 93 120 140 151 154 160 164 178
158 0 2 5 11 25 32 33 38 46 50 53 54 58 61 74 80 85 96 98 118 122 128 140 163 173 174
159 16 24 25 35 40 42 44 47 48 63 65 82 84 85 102 113 125 149 178
160 1 34 35 37 45 48 52 69 70 76 77 102 118 120 125 128 136 151 154 155 157 171
161 0 8 10 21 36 45 53 56 72 86 87 104 110 118 122 131 136 138 139 148 170
162 1 4 10 23 24 39 46 52 61 62 69 86 90 91 99 106 108 109 114 122 145 172
163 6 12 17 19 27 34 44 46 61 66 87 92 111 114 135 138 141 143 145 158 164 165 171 172
164 0 3 5 14 22 33 39 80 101 111 127 131 136 141 142 155 157 163 171 179
165 9 21 24 25 38 39 50 56 57 61 63 75 76 87 95 96 97 108 110 119 120 131 163 166 169 178
166 10 22 35 39 41 48 53 55 60 68 70 73 74 75 80 111 123 137 142 165
167 3 6 22 23 46 48 52 54 64 82 87 91 98 99 110 116 117 127 131 138 139 152 170
168 7 11 28 41 57 63 69 80 88 93 99 103 107 112 114 121 126 134 138 174 175
169 1 10 15 18 23 26 28 42 43 45 47 72 74 75 77 83 105 107 127 149 165
170 5 6 22 37 38 44 46 50 59 70 75 80 86 100 105 109 118 120 133 161 167
171 2 15 19 20 24 31 43 47 73 79 85 96 117 124 125 130 154 160 163 164
172 1 16 29 36 41 48 56 58 59 67 92 93 134 136 144 147 150 162 163 173
173 1 20 39 55 57 64 71 81 82 91 96 97 100 103 105 110 118 123 129 142 154 158 172 174
174 0 2 3 5 13 16 17 38 54 56 64 65 67 89 103 119 133 134 144 147 158 168 173 177
175 3 6 17 18 27 29 41 69 76 78 85 92 94 114 127 132 149 168
176 6 10 13 17 22 23 25 27 30 32 35 46 50 56 83 91 102 116 126 145 146 151
177 28 30 31 40 50 64 66 71 83 97 98 121 127 136 146 147 153 174
178 7 14 18 24 25 43 59 64 66 72 76 102 120 126 127 148 150 157 159 165
179 19 24 31 33 39 47 49 56 57 65 68 74 82 87 93 94 100 113 115 117 141 145 152 164
