132 1598
0 4 5 14 21 22 25 26 28 30 35 39 42 45 46 57 59 60 61 68 70 71 72 76 83 88 90 91 100 107 108 110 119 121 123 130
1 16 17 19 28 46 47 51 59 60 64 79 81 86 91 94 97 101 118 121 128
2 6 12 16 20 31 38 42 48 56 60 64 65 69 78 79 83 94 95 96 107 117 118 122 124 126
3 8 16 17 19 27 34 37 45 51 64 66 85 88 99 102 106 111 115 130 131
4 0 5 18 20 23 36 38 44 51 61 64 82 94 99 110 111 117 120 125 128 131
5 0 4 17 25 28 31 32 34 43 45 47 56 61 64 66 74 77 90 95 97 104 109 118 123
6 2 11 12 14 18 23 29 34 52 54 62 64 68 69 77 81 89 94 95 106 108 113 114 119 123 125 126 131
7 9 21 23 33 66 75 78 86 88 99 113 122 125 128
8 3 11 15 19 28 37 60 64 68 69 75 80 81 82 83 93 94 97 100 111 123 129
9 7 10 11 19 26 27 33 39 41 43 45 46 49 65 73 75 79 91 106 108 111 118 125 131
10 9 13 16 31 35 40 55 58 67 68 69 72 79 86 87 88 89 90 96 97 99 100 101 104 105 107 119 122 125
11 6 8 9 20 21 37 45 47 48 49 57 76 77 83 86 93 96 100 101 103 113 130
12 2 6 24 27 32 36 38 40 43 50 58 61 63 67 74 79 87 95 102 106 117 123 124
13 10 19 21 23 46 47 54 58 64 67 69 70 76 78 91 98 101 102 103 112 114 117 118 121 125 131
14 0 6 18 21 26 28 38 50 57 68 71 97 100 104 107 108 111 121 124 129
15 8 21 23 27 34 37 38 41 46 47 51 53 54 59 63 65 69 71 74 85 90 93 94 98 108 110 113 115 119 126 128 129
16 1 2 3 10 25 26 44 47 53 61 62 76 79 81 85 91 100 110 114 123 124 126 128
17 1 3 5 18 19 44 49 52 54 60 66 70 76 81 85 89 93 96 98 107 111 113 114 129
18 4 6 14 17 19 23 27 38 41 44 66 81 96 98 100 102 124 125 128
19 1 3 8 9 13 17 18 27 28 32 36 42 44 45 47 51 52 58 59 66 68 78 79 84 89 92 94 99 105 107 116 118 120 128
20 2 4 11 25 29 47 50 57 61 72 76 95 99 101 106 108 111 123 130
21 0 7 11 13 14 15 23 30 31 38 43 44 45 46 51 52 53 55 58 67 68 72 84 90 91 92 104 119 126 131
22 0 23 28 36 42 49 51 52 62 71 78 79 89 95 96 101 119 125 128
23 4 6 7 13 15 18 21 22 27 29 32 33 38 39 48 49 51 54 57 58 65 67 68 69 78 80 82 87 90 94 102 111 125 127
24 12 26 35 36 40 43 49 50 51 56 61 64 70 87 88 90 94 95 96 99 101 105 118 128
25 0 5 16 20 36 37 43 47 49 54 66 77 87 89 91 105 116 122 123 130
26 0 9 14 16 24 31 41 49 50 54 64 65 78 80 91 92 96 107 108 120 126 128 130
27 3 9 12 15 18 19 23 28 39 54 55 56 58 65 79 81 85 93 97 99 113 119 120 124 125 130
28 0 1 5 8 14 19 22 27 32 35 37 42 46 48 50 51 53 55 65 82 84 93 97 101 106 112 113 118 123 129
29 6 20 23 38 40 42 48 67 72 83 84 90 102 106 111 118 120 129 130
30 0 21 31 33 36 37 54 55 63 83 87 91 95 99 105 109 112 115 120 121 124 128
31 2 5 10 21 26 30 33 40 45 56 59 65 74 94 98 99 103 114 124 130
32 5 12 19 23 28 35 62 64 67 85 89 91 95 96 107 111 113 120 125 126
33 7 9 23 30 31 34 38 45 47 48 55 57 64 72 77 83 85 92 98 102 104 109 121 123
34 3 5 6 15 33 40 50 64 75 89 90 92 94 95 102 107 109 118 120 123 124 125
35 0 10 24 28 32 39 40 50 52 54 65 66 67 77 82 84 85 97 98 99 102 105 118 123
36 4 12 19 22 24 25 30 37 40 43 45 53 54 62 66 67 72 93 94 96 106 109 113 119 121 122
37 3 8 11 15 25 28 30 36 41 45 52 54 68 69 71 77 87 89 92 97 102 103 113 122
38 2 4 12 14 15 18 21 23 29 33 50 55 56 59 61 78 83 87 104 106 107 116 117 130
39 0 9 23 27 35 43 46 53 59 68 71 78 82 85 86 89 90 99 104 106 108 112 113 115 126 127
40 10 12 24 29 31 34 35 36 45 48 56 58 65 66 80 86 104 111 112 115 118 121 122 124 125 130
41 9 15 18 26 37 63 65 78 79 81 83 109 110 112 125
42 0 2 19 22 28 29 49 50 51 55 60 63 65 73 82 83 84 89 98 104 110 112 126
43 5 9 12 21 24 25 36 39 66 67 73 76 92 93 98 108 127
44 4 16 17 18 19 21 46 64 67 68 69 76 79 80 85 90 93 95 98 105 109 118 123 124
45 0 3 5 9 11 19 21 31 33 36 37 40 46 48 51 53 58 59 68 74 75 89 92 96 98 99 105 111 112 119 126 127
46 0 1 9 13 15 21 28 39 44 45 48 54 64 65 72 83 86 87 89 96 102 103 105 111 112 115 131
47 1 5 11 13 15 16 19 20 25 33 48 49 55 70 76 84 93 96 97 100 110 125 127 129 130
48 2 11 23 28 29 33 40 45 46 47 54 57 60 62 72 77 79 80 82 83 84 96 97 103 108 109 111 112 116 124 126 127 128 131
49 9 11 17 22 23 24 25 26 42 47 53 65 67 73 81 82 84 87 89 96 97 100 104 110 111 112 123
50 12 14 20 24 26 28 34 35 38 42 64 66 68 69 74 75 77 79 80 83 88 95 98 108 115 119 124 128
51 1 3 4 15 19 21 22 23 24 28 42 45 59 67 71 72 76 84 89 98 99 115
52 6 17 19 21 22 35 37 67 69 82 84 93 96 99 105 108 112 115 118 124 126
53 15 16 21 28 36 39 45 49 56 57 63 71 73 82 84 87 88 89 91 95 96 100 102 106 112 118 125
54 6 13 15 17 23 25 26 27 30 35 36 37 46 48 66 75 86 88 93 94 107 110
55 10 21 27 28 30 33 38 42 47 56 57 61 85 87 106 108 116 118 127 129
56 2 5 24 27 31 38 40 53 55 61 63 64 67 76 82 83 87 89 91 96 102 117 121 126
57 0 11 14 20 23 33 48 53 55 59 75 81 87 94 95 96 97 103 112 122 127 129 131
58 10 12 13 19 21 23 27 40 45 59 63 67 71 72 80 85 91 107 110 123 126
59 0 1 15 19 31 38 39 45 51 57 58 62 74 80 81 82 85 89 94 95 97 98 105 113 117 120 121 125 130
60 0 1 2 8 17 42 48 64 67 68 73 75 76 93 97 109 112 125
61 0 4 5 12 16 20 24 38 55 56 62 81 92 96 99 112 127 131
62 6 16 22 32 36 48 59 61 71 74 81 84 85 90 91 95 99 126
63 12 15 30 41 42 53 56 58 64 66 71 78 83 86 87 90 95 96 104 113 121 130
64 1 2 3 4 5 6 8 13 24 26 32 33 34 44 46 50 56 60 63 67 68 72 76 84 85 90 93 94 95 103 104 111 113 122 124 128
65 2 9 15 23 26 27 28 31 35 40 41 42 46 49 66 70 73 78 81 91 93 100 104 106 108 109 125
66 3 5 7 17 18 19 25 35 36 40 43 50 54 63 65 75 76 90 92 93 99 100 106 109 117 122
67 10 12 13 21 23 29 32 35 36 43 44 49 51 52 56 58 60 64 70 71 77 83 84 88 93 96 101 111 114 115 126 131
68 0 6 8 10 14 19 21 23 37 39 44 45 50 60 64 72 73 74 84 103 108 112 120 129
69 2 6 8 10 13 15 23 37 44 50 52 76 82 83 87 92 93 94 100 109 115 117 119
70 0 13 17 24 47 65 67 76 82 92 96 98 100 101 104 112 114 122
71 0 14 15 22 37 39 51 53 58 62 63 67 77 83 90 91 95 99 102 106 112 114 122 124
72 0 10 20 21 29 33 36 46 48 51 58 64 68 79 81 85 86 87 90 94 105 108 113 125 127 128
73 9 42 43 49 53 60 65 68 80 84 85 92 95 99 107 110 113 118 123 128
74 5 12 15 31 45 50 59 62 68 75 79 95 110 114 115 118 120 124
75 7 8 9 34 45 50 54 57 60 66 74 77 88 92 95 96 101 102 118 119 125
76 0 11 13 16 17 20 43 44 47 51 56 60 64 66 69 70 81 83 94 95 96 98 100 107 108 113 118 122
77 5 6 11 25 33 35 37 48 50 67 71 75 78 82 86 100 103 111 112 119
78 2 7 13 19 22 23 26 38 39 41 63 65 77 80 86 88 98 106 118 128 129
79 1 2 9 10 12 16 19 22 27 41 44 48 50 72 74 80 81 87 96 97 98 99 101 103 107 115 126 129 130
80 8 23 26 40 44 48 50 58 59 73 78 79 82 83 86 93 107 112 118 119 123 125 126 131
81 1 6 8 16 17 18 27 41 49 57 59 61 62 65 72 76 79 83 84 91 93 94 95 105 110 123 124 128 130
82 4 8 23 28 35 39 42 48 49 52 53 56 59 69 70 77 80 83 84 86 92 100 102 109 110 113 122 123 124 126
83 0 2 8 11 29 30 33 38 41 42 46 48 50 56 63 67 69 71 76 80 81 82 87 99 107 121 124 127 129 130
84 19 21 28 29 35 42 47 48 49 51 52 53 62 64 67 68 73 81 82 96 101 102 104 109 126 128 130 131
85 3 15 16 17 27 32 33 35 39 44 55 58 59 62 64 72 73 89 96 98 102 106 117 121 128 129
86 1 7 10 11 39 40 46 54 63 72 77 78 80 82 88 89 92 94 95 106 115
87 10 12 23 24 25 30 37 38 46 49 53 55 56 57 63 69 72 79 83 91 98 109 110 114 118 126
88 0 3 7 10 24 50 53 54 67 75 78 86 92 109 116 118 126 127
89 6 10 17 19 22 25 32 34 37 39 42 45 46 49 51 53 56 59 85 86 91 102 108 110 112 113 120
90 0 5 10 15 21 23 24 29 34 39 44 62 63 64 66 71 72 94 102 105 109 115 117 121 128
91 0 1 9 13 16 21 25 26 30 32 53 56 58 62 65 71 81 87 89 92 93 109 115 122 127 128 131
92 19 21 26 33 34 37 43 45 61 66 69 70 73 75 82 86 88 91 98 107 110 113 128
93 8 11 15 17 27 28 36 43 44 47 52 54 60 64 65 66 67 69 80 81 91 95 117 121 129
94 1 2 4 6 8 15 19 23 24 31 34 36 54 57 59 64 69 72 76 81 86 90 116 131
95 2 5 6 12 20 22 24 30 32 34 44 50 53 57 59 62 63 64 71 73 74 75 76 81 86 93 99 106 110 124 126 131
96 2 10 11 17 18 22 24 26 32 36 45 46 47 48 49 52 53 56 57 61 63 67 70 75 76 79 84 85 98 100 112 127 131
97 1 5 8 10 14 27 28 35 37 47 48 49 57 59 60 79 100 101 114 116 117 119 123 127 130
98 13 15 17 18 31 33 35 42 43 44 45 50 51 59 70 76 78 79 85 87 92 96 122 130 131
99 3 4 7 10 19 20 24 27 30 31 35 39 45 51 52 61 62 66 71 73 79 83 95 105 110 112 126 127 130 131
100 0 8 10 11 14 16 18 47 49 53 65 66 69 70 76 77 82 96 97 104 107 111
101 1 10 11 13 20 22 24 28 67 70 75 79 84 97 106 129 130
102 3 12 13 18 23 29 33 34 35 37 46 53 56 71 75 82 84 85 89 90 104 106 107 109 118 121 122 125 127
103 11 13 31 37 46 48 57 64 68 77 79 104 112 115 117 119 120 122 125 126
104 5 10 14 21 33 38 39 40 42 49 63 64 65 70 84 100 102 103 108 111 114 115 122 123 126 127
105 10 19 24 25 30 35 44 45 46 52 59 72 81 90 99 107 114 119
106 3 6 9 12 20 28 29 36 38 39 53 55 65 66 71 78 85 86 95 101 102 119 122 124
107 0 2 10 14 17 19 26 32 34 38 54 58 73 76 79 80 83 92 100 102 105 113 121 122 124
108 0 6 9 14 15 20 26 39 43 48 50 52 55 65 68 72 76 89 104 109 112 113 122 124 125
109 5 30 33 34 36 41 44 48 60 65 66 69 82 84 87 88 90 91 102 108 112 119 121 130
110 0 4 15 16 41 42 47 49 54 58 73 74 81 82 87 89 92 95 99 111 112 113 125
111 3 4 8 9 14 17 20 23 29 32 40 45 46 48 49 64 67 77 100 104 110 124 129 131
112 13 28 30 39 40 41 42 45 46 48 49 52 53 57 60 61 68 70 71 77 80 89 96 99 103 108 109 110 120 124
113 6 7 11 15 17 27 28 32 36 37 39 59 63 64 72 73 76 82 89 92 107 108 110 121 125
114 6 13 16 17 31 67 70 71 74 87 97 104 105 116 131
115 3 15 30 39 40 46 50 51 52 67 69 74 79 86 90 91 103 104 119 124 125 129
116 19 25 38 48 55 88 94 97 114 118 121 127 128 129 131
117 2 4 12 13 38 56 59 66 69 85 90 93 97 103 118 120 123 125 126
118 1 2 5 9 13 19 24 28 29 34 35 40 44 52 53 55 73 74 75 76 78 80 87 88 102 116 117 122 125 129
119 0 6 10 15 21 22 27 36 45 50 69 75 77 80 97 103 105 106 109 115 121
120 4 19 26 27 29 30 32 34 59 68 74 89 103 112 117 121 124 125
121 0 1 13 14 30 33 36 40 56 59 63 83 85 90 93 102 107 109 113 116 119 120 131
122 2 7 10 25 36 37 40 57 64 66 70 71 76 82 91 98 102 103 104 106 107 108 118 129
123 0 5 6 8 12 16 20 25 28 33 34 35 44 49 58 73 80 81 82 97 104 117
124 2 12 14 16 18 27 30 31 34 40 44 48 50 52 64 71 74 81 82 83 95 106 107 108 111 112 115 120 126 127
125 4 6 7 9 10 13 18 22 23 27 32 34 40 41 47 53 59 60 65 72 75 80 102 103 108 110 113 115 117 118 120
126 2 6 15 16 21 26 32 39 42 45 48 52 56 58 62 67 79 80 82 84 87 88 95 99 103 104 117 124 127 129
127 23 39 43 45 47 48 55 57 61 72 83 88 91 96 97 99 102 104 116 124 126 129
128 1 4 7 15 16 18 19 22 24 26 30 48 50 64 72 73 78 81 84 85 90 91 92 116 129
129 8 14 15 17 28 29 47 55 57 68 78 79 83 85 93 101 111 115 116 118 122 126 127 128 130
130 0 3 11 20 25 26 27 29 31 38 40 47 59 63 79 81 83 84 97 98 99 101 109 129
131 3 4 6 9 13 21 46 48 57 61 67 80 84 91 94 95 96 98 99 111 114 116 121
