137 1468
0 20 23 35 37 38 40 44 45 47 50 55 61 63 67 71 72 86 108 112
1 2 8 14 20 29 36 43 59 63 69 71 76 80 89 108 109 118 124 128 130
2 1 19 22 25 27 30 31 59 65 68 78 83 88 89 90 98 101 117
3 7 9 10 11 13 20 21 24 34 36 37 40 41 45 47 62 67 68 72 74 75 78 84 85 87 90 95 102 107 114 119 122 124 125 133
4 16 18 21 28 34 44 48 51 54 71 85 95 97 104 123 125 130 131
5 11 24 25 34 44 54 65 87 88 102 106 108 109 112 113 115 119 120 124 126 132 136
6 9 19 20 23 40 41 50 53 55 56 59 64 74 75 88 89 92 103 111 114 121 132 134
7 3 9 13 14 18 38 40 43 48 51 59 71 82 83 85 93 98 106 107 111 119 120 126 135
8 1 18 21 24 26 37 38 47 54 56 73 76 89 90 111 112 124 129 132 133 134
9 3 6 7 15 17 20 21 28 35 42 57 60 63 65 67 68 71 75 79 87 88 94 100 105 112 124 133
10 3 22 24 30 36 52 59 62 64 65 67 75 90 98 99 109 117 129 133 136
11 3 5 18 27 31 48 59 66 80 84 86 97 98 101 104 108 113 115 121 125
12 26 31 38 45 56 66 74 81 83 84 86 89 95 106 119 124 125
13 3 7 15 21 27 30 36 38 39 43 45 80 81 82 91 116 119 130
14 1 7 17 20 21 35 37 60 61 75 77 78 80 84 87 93 108 119 130 135
15 9 13 24 28 29 41 51 53 57 59 67 70 73 75 76 84 89 92 97 133
16 4 22 23 27 28 37 41 47 48 65 71 78 85 87 93 95 122 123
17 9 14 23 25 39 50 52 59 73 78 84 93 121 127 129 131
18 4 7 8 11 20 35 36 40 56 58 73 74 81 95 100 112 115 132 135
19 2 6 29 30 34 36 40 49 51 62 65 69 71 73 75 82 85 88 93 103 108 110 112 113 114 123 126
20 0 1 3 6 9 14 18 30 37 41 47 59 64 71 72 81 88 93 97 100 101 108 113 115 124 130 133 134
21 3 4 8 9 13 14 26 28 29 37 41 52 56 57 58 62 63 64 68 75 97 99 100 102 103 110 117 118 126 134 135
22 2 10 16 30 32 33 36 43 55 59 62 75 79 81 93 96 103 111 112 115 119 124 125 126 127 130 131 133
23 0 6 16 17 32 33 48 50 63 66 68 71 75 77 79 81 83 88 105 109 110 112 116 121 136
24 3 5 8 10 15 27 29 30 36 37 42 46 47 49 51 53 64 66 67 75 78 81 83 102 104 117 119 120 122 125
25 2 5 17 34 37 42 49 53 55 73 80 86 89 98 109 115 117 120 132 136
26 8 12 21 35 38 41 49 52 53 54 56 82 90 93 94 107 108 111 112 115 116 118 119 120 122 123 128 129 136
27 2 11 13 16 24 38 54 56 58 59 64 66 70 73 74 77 98 103 107 116 126 129
28 4 9 15 16 21 29 34 37 45 46 52 57 71 73 78 81 82 87 91 93 105 118 120 131 136
29 1 15 19 21 24 28 34 38 46 48 51 55 59 61 62 65 66 67 75 90 91 92 97 103 105 106 108 132 135
30 2 10 13 19 20 22 24 39 56 65 68 88 93 95 102 110 115 123 129
31 2 11 12 34 37 42 53 54 58 62 69 76 82 87 91 131
32 22 23 35 38 45 47 49 54 59 70 82 86 91 97 102 103 105 133 134
33 22 23 34 40 41 53 54 57 75 81 82 83 90 92 108 113 119 127
34 3 4 5 19 25 28 29 31 33 40 44 52 58 76 81 82 85 94 97 101 105 110 116 120 124 134
35 0 9 14 18 26 32 45 51 54 64 67 73 104 116
36 1 3 10 13 18 19 22 24 39 56 64 68 82 84 87 89 90 96 104 105 114 115 119
37 0 3 8 14 16 20 21 24 25 28 31 45 67 75 81 89 102 109 115 120 122 126 130 134
38 0 7 8 12 13 26 27 29 32 43 57 72 82 83 85 88 91 106 120 125 128 134
39 13 17 30 36 42 44 46 49 53 65 86 92 102 103 105 108 114 124 132
40 0 3 6 7 18 19 33 34 45 46 47 74 78 79 90 93 114 119 129 136
41 3 6 15 16 20 21 26 33 69 71 76 84 93 99 100 101 109 114 120 122 126 130
42 9 24 25 31 39 53 55 62 72 80 88 102 107 109 111 112 124 126 129 133
43 1 7 13 22 38 45 49 60 64 67 78 83 93 98 100 115 116 120 121 122 128 130
44 0 4 5 34 39 48 50 62 63 65 70 85 90 97 100 105 106 107 108 110 113 133
45 0 3 12 13 28 32 35 37 40 43 46 47 65 80 91 99 103 114 115 125 127 130
46 24 28 29 39 40 45 50 56 57 65 67 69 96 108 112 117 121 122 132 136
47 0 3 8 16 20 24 32 40 45 52 54 56 57 59 60 70 77 99 113 115 116 123 130 132
48 4 7 11 16 23 29 44 50 55 56 66 84 95 96 97 98 100 102 109 114 119 121 127
49 19 24 25 26 32 39 43 61 68 74 83 85 89 94 99 104 108 111 114 120 122 123 133 136
50 0 6 17 23 44 46 48 60 73 78 89 94 102 103 108 113 114 120 123 126 129 131
51 4 7 15 19 24 29 35 53 59 60 73 74 80 82 87 94 106 113 116 129 130
52 10 17 21 26 28 34 47 53 64 87 89 103 104 108 123 124 131
53 6 15 24 25 26 31 33 39 42 51 52 58 59 63 69 70 82 84 103 119 120 136
54 4 5 8 26 27 31 32 33 35 47 58 59 65 91 92 103 107 115 130 131 132 133 134 135
55 0 6 22 25 29 42 48 58 70 71 93 100 104 108 119 120 125 134 136
56 6 8 12 18 21 26 27 30 36 46 47 48 68 70 91 99 104 109 114 130
57 9 15 21 28 33 38 46 47 60 61 65 69 75 80 83 93 98 99 103 114 130 134 135
58 18 21 27 31 34 53 54 55 62 72 95 101 103 104 111 117 119 123
59 1 2 6 7 10 11 15 17 20 22 27 29 32 47 51 53 54 64 65 68 72 75 79 86 90 100 118 123 128 136
60 9 14 43 47 50 51 57 61 62 95 96 103 111 122 126 131
61 0 14 29 49 57 60 64 90 109 115 123 134
62 3 10 19 21 22 29 31 42 44 58 60 65 66 82 95 101 104 105 114 132 136
63 0 1 9 21 23 44 53 66 71 75 76 77 88 95 96 100 103 123 124 129 134 135
64 6 10 20 21 24 27 35 36 43 52 59 61 72 75 76 87 94 95 104 106 110 112 123 128 134
65 2 5 9 10 16 19 29 30 39 44 45 46 54 57 59 62 66 73 79 84 93 95 96 97 108 111 126 129
66 11 12 23 24 27 29 48 62 63 65 70 76 78 86 87 93 108 118
67 0 3 9 10 15 24 29 35 37 43 46 74 77 82 83 90 93 96 100 108 122 131 135
68 2 3 9 21 23 30 36 49 56 59 71 83 102 106 109 113 116 126
69 1 19 31 41 46 53 57 72 73 78 92 96 97 99 105 110 115 125 131 133 134
70 15 27 32 44 47 53 55 56 66 72 76 94 100 101 102 104 120 128 135
71 0 1 4 7 9 16 19 20 23 28 41 55 63 68 73 78 84 91 93 99 101 115 134
72 0 3 20 38 42 58 59 64 69 70 80 88 94 99 100 103 104 105 106 119 121 133
73 8 15 17 18 19 25 27 28 35 50 51 65 69 71 90 96 106 107 108 118 127
74 3 6 12 18 27 40 49 51 67 75 76 80 82 89 107 113 114 122 131
75 3 6 9 10 14 15 19 21 22 23 24 29 33 37 57 59 63 64 74 76 82 85 90 95 102 110 123 124
76 1 8 15 31 34 41 63 64 66 70 74 75 82 91 93 99 125 133
77 14 23 27 47 63 67 90 91 97 103 108 115 121 122 127 134 135
78 2 3 14 16 17 24 28 40 43 50 66 69 71 83 84 92 93 99 100 104 105 108 123 124 134
79 9 22 23 40 59 65 123 134
80 1 11 13 14 25 42 45 51 57 72 74 81 86 91 95 115 121 126
81 12 13 18 20 22 23 24 28 33 34 37 80 93 105 115 128 130 134 135
82 7 13 19 26 28 31 32 33 34 36 38 51 53 62 67 74 75 76 136
83 2 7 12 23 24 33 38 43 49 57 67 68 78 93 95 101 102 128 130
84 3 11 12 14 15 17 36 41 48 53 65 71 78 88 95 97 104 117 122 123 125 127 131
85 3 4 7 16 19 34 38 44 49 75 87 103 104 109 113 121 131 134 135 136
86 0 11 12 25 32 39 59 66 80 88 89 91 100 117 119 126 127 132 134
87 3 5 9 14 16 28 31 36 51 52 64 66 85 96 101 106 109 110 121 131
88 2 5 6 9 19 20 23 30 38 42 63 72 84 86 90 96 111 132
89 1 2 6 8 12 15 25 36 37 49 50 52 74 86 97 102 107 119 120 128
90 2 3 8 10 26 29 33 36 40 44 59 61 67 73 75 77 88 91 93 94 100 105 136
91 13 28 29 31 32 38 45 54 56 71 76 77 80 86 90 99 100 103 105 106 112 116 130
92 6 15 29 33 39 54 69 78 94 96 102 103 117 123 131 132
93 7 14 16 17 19 20 22 26 28 30 40 41 43 55 57 65 66 67 71 76 78 81 83 90 106 107 108 111 121 123 132
94 9 26 34 49 50 51 64 70 72 90 92 95 96 119 124 126 132
95 3 4 12 16 18 30 48 58 60 62 63 64 65 75 80 83 84 94 97 118 124 126 129 130 132 133
96 22 36 46 48 60 63 65 67 69 73 87 88 92 94 97 103 106 117 125 132 133 136
97 4 11 15 20 21 29 32 34 44 48 65 69 77 84 89 95 96 101 103 105 107 110 113
98 2 7 10 11 25 27 43 48 57 107 108 110 117 119 122 128
99 10 21 41 45 47 49 56 57 69 71 72 76 78 91 113 123 126 128 131 132 134
100 9 18 20 21 41 43 44 48 55 59 63 67 70 72 78 86 90 91 101 102 105 106 116 121 124 134
101 2 11 20 34 41 58 62 70 71 83 87 97 100 110 116 118 128 135
102 3 5 21 24 30 32 37 39 42 48 50 68 70 75 83 89 92 100 110 127 131 134
103 6 19 21 22 27 29 32 39 45 50 52 53 54 57 58 60 63 72 77 85 91 92 96 97 119 126 133
104 4 11 24 35 36 49 52 55 56 58 62 64 70 72 78 84 85 107 110 120 127 128 133
105 9 23 28 29 32 34 36 39 44 62 69 72 78 81 90 91 97 100 116 122 124 127
106 5 7 12 29 38 44 51 64 68 72 73 87 91 93 96 100 108 109 112 115
107 3 7 26 27 42 44 54 73 74 89 93 97 98 104 121 124 133 134
108 0 1 5 11 14 19 20 26 29 33 39 44 46 49 50 52 55 65 66 67 73 77 78 93 98 106 110 115 120 135
109 1 5 10 23 25 37 41 42 48 56 61 68 85 87 106 116 120 122 124 125 128 131
110 19 21 23 30 34 44 64 69 75 87 97 98 101 102 104 108 120 128 130 133
111 6 7 8 22 26 42 49 58 60 65 88 93 112 118 124
112 0 5 8 9 18 19 22 23 26 42 46 64 91 106 111 115 118 120 125 132
113 5 11 19 20 33 44 47 50 51 68 74 85 97 99 115 124 135
114 3 6 19 36 39 40 41 45 48 49 50 56 57 62 74 115 119 125 127 128
115 5 11 18 20 22 25 26 30 36 37 43 45 47 54 61 69 71 77 80 81 106 108 112 113 114 119 120 122 124 129 131 135
116 13 23 26 27 34 35 43 47 51 68 91 100 101 105 109 118 122 123 126 134
117 2 10 21 24 25 46 58 84 86 92 96 98
118 1 21 26 28 59 66 73 95 101 111 112 116 133 135
119 3 5 7 12 13 14 22 24 26 33 36 40 48 53 55 58 72 86 89 94 98 103 114 115 121 124 135
120 5 7 24 25 26 28 34 37 38 41 43 49 50 53 55 70 89 104 108 109 110 112 115 135
121 6 11 17 23 43 46 48 72 77 80 85 87 93 100 107 119 124 127 129
122 3 16 24 26 37 41 43 46 49 60 67 74 77 84 98 105 109 115 116 123 124 132
123 4 16 19 26 30 47 49 50 52 58 59 61 63 64 75 78 79 84 92 93 99 116 122 128
124 1 3 5 8 9 12 20 22 34 39 42 52 63 75 78 94 95 100 105 107 109 111 113 115 119 121 122
125 3 4 11 12 22 24 38 45 55 69 76 84 96 109 112 114 126 132
126 5 7 19 21 22 27 37 41 42 50 60 65 68 80 86 94 95 99 103 116 125 132
127 17 22 33 45 48 73 77 84 86 102 104 105 114 121 132 134
128 1 26 38 43 59 64 70 81 83 89 98 99 101 104 109 110 114 123 133 134 136
129 8 10 17 26 27 30 40 42 50 51 63 65 95 115 121 133
130 1 4 13 14 20 22 37 41 43 45 47 51 54 56 57 81 83 91 95 110 132
131 4 17 22 28 31 50 52 54 60 67 69 74 84 85 87 92 99 102 109 115
132 5 6 8 18 25 29 39 46 47 54 62 86 88 92 93 94 95 96 99 112 122 125 126 127 130 136
133 3 8 9 10 15 20 22 32 42 44 49 54 69 72 76 95 96 103 104 107 110 118 128 129
134 6 8 20 21 32 34 37 38 54 55 57 61 63 64 69 71 77 78 79 81 85 86 99 100 102 107 116 127 128
135 7 14 18 21 29 54 57 63 67 70 77 81 85 101 108 113 115 118 119 120 136
136 5 10 23 25 26 28 40 46 49 53 55 59 62 82 85 90 96 128 132 135
