36 170
0 4 11 17 22 32 33
1 5 11 20 23 28 31 34
2 4 5 9 10 16 21 23 26
3 12 14 16 20 22 31
4 0 2 10 25 35
5 1 2 10 24 25 26 30 34 35
6 10 11 16 19 21 22 23 25 27 32
7 8 13 23 25 26 27
8 7 13 15 16 17 18 25 26 29 31 32
9 2 12 13 20 23 28 31 33 34 35
10 2 4 5 6 16 17 19 21 30 32 33
11 0 1 6 13 20 25 27 29 30 32 33
12 3 9 17 20 22 24 25 26 29 30 31 34
13 7 8 9 11 16 22 26 28
14 3 16 21 22 23 29 30 33
15 8 18 26 28 33 34 35
16 2 3 6 8 10 13 14 18 20 22 23 24 28 34 35
17 0 8 10 12 23 30 33
18 8 15 16 27 30 31 33 34
19 6 10 23 29 32 33 35
20 1 3 9 11 12 16 24 31 34
21 2 6 10 14 26
22 0 3 6 12 13 14 16 25 29 31 32 35
23 1 2 6 7 9 14 16 17 19 24 26 27 33
24 5 12 16 20 23 31 32
25 4 5 6 7 8 11 12 22 29 31 34 35
26 2 5 7 8 12 13 15 21 23 27 28 29 30 32 33 35
27 6 7 11 18 23 26 29 34
28 1 9 13 15 16 26 32 33 35
29 8 11 12 14 19 22 25 26 27
30 5 10 11 12 14 17 18 26 32
31 1 3 8 9 12 18 20 22 24 25 32
32 0 6 8 10 11 19 22 24 26 28 30 31
33 0 9 10 11 14 15 17 18 19 23 26 28 34
34 1 5 9 12 15 16 18 20 25 27 33 35
35 4 5 9 15 16 19 22 25 26 28 34
