77 639
0 1 7 8 9 20 33 35 43 47 49 50 52 53 56 62 65 67 73
1 0 4 7 8 9 10 13 15 16 23 27 28 30 36 37 44 47 51 61 70 72 75
2 8 9 14 15 16 17 20 30 40 51 60 62 67 73
3 12 13 14 16 18 27 28 32 34 37 58 59 75
4 1 5 6 9 15 16 27 31 32 34 42 44 46 47 51 56 60 68 69 70 71 73
5 4 10 18 24 27 42 62 63 65 71 72 73 75
6 4 7 9 10 11 28 30 35 37 40 44 45 46 48 53 54 59 60 62 67 76
7 0 1 6 15 20 21 32 36 38 42 45 50 55 57 70
8 0 1 2 13 16 19 23 27 34 36 37 41 42 44 51 52 54 55 61 66
9 0 1 2 4 6 16 26 27 29 34 40 42 47 52 55 59 61 66 73 76
10 1 5 6 13 16 18 36 37 39 44 49 51 71 72 75
11 6 42 43 45 49 54 60 71
12 3 17 18 23 25 28 38 46 57 63 68 69 71 72
13 1 3 8 10 19 22 25 31 41 46 49 51 53 54 59 62 65 73
14 2 3 19 23 29 35 37 41 53 55 61 65 69 73 74
15 1 2 4 7 17 20 35 40 41 45 48 49 53 55 64 68 71 76
16 1 2 3 4 8 9 10 18 27 28 36 37 38 39 40 45 46 58 64 70
17 2 12 15 22 30 31 32 34 46 47 53 55 57 65 69 76
18 3 5 10 12 16 22 23 26 30 36 38 41 44 46 50 52 59 64 72 73 75
19 8 13 14 28 31 32 36 37 51 52 53 56 58 63 65 67 75
20 0 2 7 15 32 37 43 57 61 70
21 7 32 40 46 49 56 62 64 66 67 72
22 13 17 18 23 26 28 31 33 36 38 39 41 48 49 58 60 61 65 69 71
23 1 8 12 14 18 22 36 37 38 56 62 69 72 75
24 5 25 29 30 32 42 55 57 61 62 64 68 72 73 74
25 12 13 24 26 32 36 37 56 57 58 59 65 67 69 76
26 9 18 22 25 29 30 31 37 40 41 46 52 55 58 73 75
27 1 3 4 5 8 9 16 34 36 38 40 42 44 46 62 67 74 75
28 1 3 6 12 16 19 22 29 38 39 40 46 52 57 58 60 62 64 66 73 74
29 9 14 24 26 28 36 43 46 48 53 59 69 71 72
30 1 2 6 17 18 24 26 38 48 52 57 61 66 69 76
31 4 13 17 19 22 26 32 33 48 50 58 62 70
32 3 4 7 17 19 20 21 24 25 31 36 39 49 50 51 68 69 73 75 76
33 0 22 31 38 43 44 45 50 57 64 69 70 71 73 74
34 3 4 8 9 17 27 39 40 49 50 51 62 70 71 72
35 0 6 14 15 40 42 43 44 45 50 57 59 61 68
36 1 7 8 10 16 18 19 22 23 25 27 29 32 37 38 39 49 51 52 58 63 72
37 1 3 6 8 10 14 16 19 20 23 25 26 36 39 41 50 53 56 57 58 59 62 65 69 70 75
38 7 12 16 18 22 23 27 28 30 33 36 44 46 49 51 54 68 70 76
39 10 16 22 28 32 34 36 37 41 43 49 57 59 64
40 2 6 9 15 16 21 26 27 28 34 35 51 66 67 75
41 8 13 14 15 18 22 26 37 39 48 49 52 55 59 63 75
42 4 5 7 8 9 11 24 27 35 44 54 61 62 68 69 72 76
43 0 11 20 29 33 35 39 44 49 54 58 59 66 70 74
44 1 4 6 8 10 18 27 33 35 38 42 43 46 55 57 70 71
45 6 7 11 15 16 33 35 48 52 58 65 68 69 70 72 75
46 4 6 12 13 16 17 18 21 26 27 28 29 38 44 54 65 68 74
47 0 1 4 9 17 48 49 53 54 56 57 60 62 65 67 71 72 75 76
48 6 15 22 29 30 31 41 45 47 49 51 52 59
49 0 10 11 13 15 21 22 32 34 36 38 39 41 43 47 48 60 76
50 0 7 18 31 32 33 34 35 37 52 55 56 59 61
51 1 2 4 8 10 13 19 32 34 36 38 40 48 56 57 60 61 67 68 74
52 0 8 9 18 19 26 28 30 36 41 45 48 50 56 59 61 65 66 70 74 76
53 0 6 13 14 15 17 19 29 37 47 72
54 6 8 11 13 38 42 43 46 47 62 68 69 72
55 7 8 9 14 15 17 24 26 41 44 50 66 69 70
56 0 4 19 21 23 25 37 47 50 51 52 67 76
57 7 12 17 20 24 25 28 30 33 35 37 39 44 47 51 63 66 76
58 3 16 19 22 25 26 28 31 36 37 43 45 61 64 65 68 73
59 3 6 9 13 18 25 29 35 37 39 41 43 48 50 52 60 61 62 67 68 72 73
60 2 4 6 11 22 28 47 49 51 59 62 69 72
61 1 8 9 14 20 22 24 30 35 42 50 51 52 58 59 63 67 68 70 76
62 0 2 5 6 13 21 23 24 27 28 31 34 37 42 47 54 59 60 63 64 66 69 75
63 5 12 19 36 41 57 61 62 74
64 15 16 18 21 24 28 33 39 58 62 66 67
65 0 5 13 14 17 19 22 25 37 45 46 47 52 58 66 67 68 72 76
66 8 9 21 28 30 40 43 52 55 57 62 64 65 70 72 74 75
67 0 2 6 19 21 25 27 40 47 51 56 59 61 64 65 69 74
68 4 12 15 24 32 35 38 42 45 46 51 54 58 59 61 65
69 4 12 14 17 22 23 25 29 30 32 33 37 42 45 54 55 60 62 67 72
70 1 4 7 16 20 31 33 34 37 38 43 44 45 52 55 61 66 71
71 4 5 10 11 12 15 22 29 33 34 44 47 70 75
72 1 5 10 12 18 21 23 24 29 34 36 42 45 47 53 54 59 60 65 66 69 73
73 0 2 4 5 9 13 14 18 24 26 28 32 33 58 59 72
74 14 24 27 28 33 43 46 51 52 63 66 67 75
75 1 3 5 10 18 19 23 26 27 32 37 40 41 45 47 62 66 71 74
76 6 9 15 17 25 30 32 38 42 47 49 52 56 57 61 65
