51 174
0 3 9 11 17 19 20 32 34 48
1 2 7 12 16 19 20 28 33 34 38 40
2 1 9 37 39
3 0 7 12 17 26 28 35
4 5 12 20
5 4 6 8 14 17 24 28 37 41 50
6 5 21 30 38 50
7 1 3 14 15 18 22 23 24 27 29
8 5 13 15 17 23 29 39
9 0 2 15 26 47
10 11 20 29 37 38 40
11 0 10 13 16 27 29 32 33 50
12 1 3 4 16 17 20 29 33 37
13 8 11 32 45
14 5 7 23 25 34 42 43 50
15 7 8 9 27 33 35 38
16 1 11 12 26 37 44 45 49
17 0 3 5 8 12 21 31 41 43
18 7 47
19 0 1 21 26 30 31 48
20 0 1 4 10 12 39 40 47 49
21 6 17 19 32 33 38 43 44 49
22 7 23 30 39 42 48
23 7 8 14 22 25 29 43
24 5 7 39 44 46 50
25 14 23 26 42 46 48
26 3 9 16 19 25 29 42 46
27 7 11 15 31 36 38 39 40 42
28 1 3 5 32 33 36 42 48
29 7 8 10 11 12 23 26 36 38 42
30 6 19 22 35 45
31 17 19 27 48
32 0 11 13 21 28 34 48
33 1 11 12 15 21 28 43
34 0 1 14 32 37 40 44
35 3 15 30 38
36 27 28 29 48
37 2 5 10 12 16 34
38 1 6 10 15 21 27 29 35 41 44 48
39 2 8 20 22 24 27 49
40 1 10 20 27 34 43
41 5 17 38 45 50
42 14 22 25 26 27 28 29
43 14 17 21 23 33 40 45 48 49
44 16 21 24 34 38
45 13 16 30 41 43 50
46 24 25 26 50
47 9 18 20
48 0 19 22 25 28 31 32 36 38 43
49 16 20 21 39 43
50 5 6 11 14 24 41 45 46
