71 386
0 8 17 21 25 27 31 32 34 39 40 47 49 58 59 63 68
1 4 12 29 33 35 37 46 51 55 58 62 70
2 11 13 29 34 40 42 43 45 48 55 56 64 65 66
3 12 13 14 29 33 34 36 53 57 58 62 66 68
4 1 6 7 11 15 22 26 33 35 36 42 45 47 54 56 58 70
5 8 26 27 33 37 52 54 59 60 65 67 68
6 4 12 14 15 16 24 31 41 48 69
7 4 21 28 32 35 36 40 49 54 57 65 70
8 0 5 9 10 14 16 19 23 29 32 37 45 68
9 8 12 23 45 47 51 55 57 60
10 8 35 37 38 39 42 43 62
11 2 4 13 15 18 19 27 29 30 54 65 66 69
12 1 3 6 9 17 22 25 39 44 60
13 2 3 11 28 34 45
14 3 6 8 19 22 27 33 37 46 58 59 60 67 70
15 4 6 11 26 37 43 52 56 58 62
16 6 8 26 29 36 42 51 53 55 57 67
17 0 12 22 24 29 47 48 50 55 57 61
18 11 20 29 31 38 39 43
19 8 11 14 30 52 55 56 64
20 18 35 36 39 53 57 62
21 0 7 28 31 32 38 41 42 52 63 70
22 4 12 14 17 23 24 25 54 59 67
23 8 9 22 26 38 47 51 56 66 68
24 6 17 22 25 29 35 37 43 44 54 61 64
25 0 12 22 24 29 44 49 51 56 65
26 4 5 15 16 23 29 33 37 40 57
27 0 5 11 14 29 31 35 37 41 42 59 62 64
28 7 13 21 30 50 55 60 66
29 1 2 3 8 11 16 17 18 24 25 26 27 40 48 54 57
30 11 19 28 37 46 52 54 55 63 65
31 0 6 18 21 27 33 42 44 53 61 62 66 69
32 0 7 8 21
33 1 3 4 5 14 26 31 36 38 48 62 70
34 0 2 3 13 37 45 47 48 49 54 56 60 62
35 1 4 7 10 20 24 27 41 47 51 60
36 3 4 7 16 20 33 44 50 51 56
37 1 5 8 10 14 15 24 26 27 30 34 41 42 48 49 60 68
38 10 18 21 23 33 45 46 53
39 0 10 12 18 20 62 66
40 0 2 7 26 29 41 61 64
41 6 21 27 35 37 40 42 43 44 47 54 65
42 2 4 10 16 21 27 31 37 41 50 53 54 56 59 61 64
43 2 10 15 18 24 41 54 63 70
44 12 24 25 31 36 41 45 46 51 61 65
45 2 4 8 9 13 34 38 44 49 50 57
46 1 14 30 38 44 48 62 65
47 0 4 9 17 23 34 35 41 59 66
48 2 6 17 29 33 34 37 46 50 52 54 55 63 64 70
49 0 7 25 34 37 45 55 57 60 62
50 17 28 36 42 45 48 61 62 65 69
51 1 9 16 23 25 35 36 44 54 63 64
52 5 15 19 21 30 48
53 3 16 20 31 38 42 64 66 67 70
54 4 5 7 11 22 24 29 30 34 41 42 43 48 51 62 63
55 1 2 9 16 17 19 28 30 48 49 60 64 68
56 2 4 15 19 23 25 34 36 42 59 64
57 3 7 9 16 17 20 26 29 45 49 68
58 0 1 3 4 14 15 66
59 0 5 14 22 27 42 47 56 60
60 5 9 12 14 28 34 35 37 49 55 59
61 17 24 31 40 42 44 50 63 70
62 1 3 10 15 20 27 31 33 34 39 46 49 50 54 65 67 68
63 0 21 30 43 48 51 54 61 69
64 2 19 24 27 40 42 48 51 53 55 56 65 68
65 2 5 7 11 25 30 41 44 46 50 62 64 66 68 69
66 2 3 11 23 28 31 39 47 53 58 65 70
67 5 14 16 22 53 62
68 0 3 5 8 23 37 55 57 62 64 65
69 6 11 31 50 63 65
70 1 4 7 14 21 33 43 48 53 61 66
