65 314
0 4 21 23 28 30 38 51 57 62 63
1 3 26 29 33 42 60 62
2 7 15 22 34 38 41 42 43 44 49 64
3 1 4 11 15 16 19 27 31 37 43 45 56
4 0 3 20 27 32 55
5 18 30 34 63
6 8 9 16 19 24 25 28 36 38 43 47 52 64
7 2 13 15 18 29 31 34 35 39 55 58 60 61 64
8 6 9 13 17 23 24 36 38 43 50 64
9 6 8 10 16 18 24 26 33 35 42 45 52 59 63
10 9 11 22 27 29 36 42 46 47 51 53 64
11 3 10 33 35 40 42 48 56 57
12 18 38 41 43 50 61 63
13 7 8 16 17 18 19 26 55
14 28 34 42 61 62
15 2 3 7 16 18 26 43 49
16 3 6 9 13 15 34 38 39 46 59
17 8 13 44 46
18 5 7 9 12 13 15 19 22 28 38 63
19 3 6 13 18 24 50 53 59
20 4 21 32 45 63
21 0 20 23 28 31 38 42 45 51 58 59 62
22 2 10 18 28 33 34 36 38 45 49 56 59
23 0 8 21 24 25 27 29 35 37 38 39 44 51 54
24 6 8 9 19 23 47 58 60 62 63
25 6 23 40 42 49 51 58 60
26 1 9 13 15 34 39 59 63
27 3 4 10 23 40 57 58 62 63
28 0 6 14 18 21 22 32 36 39 45 46 49 56 60 63
29 1 7 10 23 33 37 40 52
30 0 5 36 44 46 48 55
31 3 7 21 35 39 40 43 58 62 64
32 4 20 28 37 42
33 1 9 11 22 29 40 56 61
34 2 5 7 14 16 22 26 41
35 7 9 11 23 31 43 44 55 56 61
36 6 8 10 22 28 30 44 46 51 60
37 3 23 29 32 44 50 56 58 59
38 0 2 6 8 12 16 18 21 22 23 43 53 62
39 7 16 23 26 28 31 44 50 52 58 64
40 11 25 27 29 31 33 47 48 59 63 64
41 2 12 34 45 50 52 54 55 57 58 62
42 1 2 9 10 11 14 21 25 32 47 56 63
43 2 3 6 8 12 15 31 35 38 44 49
44 2 17 23 30 35 36 37 39 43
45 3 9 20 21 22 28 41 46 47 52 53 59 64
46 10 16 17 28 30 36 45 47 61 64
47 6 10 24 40 42 45 46 48 49 52
48 11 30 40 47 52 55 58 59 63
49 2 15 22 25 28 43 47 52
50 8 12 19 37 39 41 52
51 0 10 21 23 25 36 53 60 61 63
52 6 9 29 39 41 45 47 48 49 50 53 57 62
53 10 19 38 45 51 52 62
54 23 41 59
55 4 7 13 30 35 41 48 57 61 62
56 3 11 22 28 33 35 37 42 60 63
57 0 11 27 41 52 55 59 62
58 7 21 24 25 27 31 37 39 41 48
59 9 16 19 21 22 26 37 40 45 48 54 57
60 1 7 24 25 28 36 51 56
61 7 12 14 33 35 46 51 55 64
62 0 1 14 21 24 27 31 38 41 52 53 55 57 63
63 0 5 9 12 18 20 24 26 27 28 40 42 48 51 56 62
64 2 6 7 8 10 31 39 40 45 46 61
