32 150
0 3 4 7 11 14 15 26 29 31
1 9 10 14 15 30
2 10 12 15 23 31
3 0 5 6 7 8 10 12 13 14 16 18 22 23 25
4 0 5 6 9 22 23 28 29 30
5 3 4 8 9 15 20 25 26
6 3 4 8 11 13 14 17 19 23 24 26 28 29 30
7 0 3 13 14 17 18
8 3 5 6 11 21 24
9 1 4 5 10 16 18 21 26 28 29
10 1 2 3 9 11 16 17 19 23 24
11 0 6 8 10 12 13 15 17 19 20 23 25 26 28
12 2 3 11 13 16 18 23 27 28 31
13 3 6 7 11 12 18 24 25 30 31
14 0 1 3 6 7 17 19 20 21 22 23 25 28 29 30
15 0 1 2 5 11 18 22 25 26 30
16 3 9 10 12 22 26 27 28 29
17 6 7 10 11 14 18 24 27 28 29 30 31
18 3 7 9 12 13 15 17
19 6 10 11 14 21 23 24
20 5 11 14 22 24 26
21 8 9 14 19 24 27 30
22 3 4 14 15 16 20 23 31
23 2 3 4 6 10 11 12 14 19 22 24 28 29 31
24 6 8 10 13 17 19 20 21 23 25 28 30
25 3 5 11 13 14 15 24 26 31
26 0 5 6 9 11 15 16 20 25
27 12 16 17 21
28 4 6 9 11 12 14 16 17 23 24 29 30 31
29 0 4 6 9 14 16 17 23 28
30 1 4 6 13 14 15 17 21 24 28
31 0 2 12 13 17 22 23 25 28
