171 2071
0 11 26 28 36 40 41 44 47 60 80 88 96 104 123 124 133 135 139 141 155 161
1 6 22 29 49 55 59 60 82 92 94 106 112 116 119 122 124 129 170
2 6 7 9 17 21 32 38 39 40 44 54 60 64 74 80 88 89 90 93 104 108 111 112 125 131 146 152 153 156
3 8 13 17 33 39 40 44 47 48 58 61 64 70 89 91 94 97 115 116 124 126 132 134 142 144 153 155 158 166
4 13 16 17 23 24 26 28 30 37 41 43 47 50 60 61 63 70 76 86 98 105 106 107 109 110 114 121 126 130 134 135 136 147 149 160 162 166
5 22 24 32 33 39 41 45 46 50 58 68 81 84 85 94 95 98 101 102 108 110 122 146 157 162 166
6 1 2 7 12 15 26 41 44 58 62 72 73 74 83 84 88 90 97 102 135 137 138 140 149 150 156 158 168
7 2 6 20 22 28 32 34 36 39 40 42 73 79 83 90 109 116 119 134 135 136 138
8 3 12 15 20 23 27 30 35 36 43 46 57 73 81 84 98 100 101 135 139 144 150 152 153 154 161 167 168
9 2 10 19 31 33 39 44 46 59 60 86 87 89 93 108 113 130 144 148 150 162
10 9 26 35 48 58 67 72 82 86 88 92 103 116 134 143 144 150 160 162 166
11 0 20 22 26 38 40 47 49 59 60 62 65 66 76 80 81 86 88 92 116 122 125 130 143 147 148 151 157 159 161
12 6 8 15 17 43 48 49 52 54 55 59 61 73 81 89 93 102 111 113 118 128 129 158 162 168
13 3 4 20 22 23 29 31 32 35 39 46 47 52 56 71 75 81 93 101 119 121 123 134 136 139 141 144 146 148 157
14 18 46 77 85 86 98 105 110 117 120 136 142 152 153 164 168
15 6 8 12 33 36 39 42 52 55 59 64 69 80 85 92 98 113 117 128 145 156 160
16 4 19 29 36 37 55 60 62 63 69 97 106 113 118 137 145 152 154 157 163
17 2 3 4 12 20 31 59 60 62 65 69 79 85 86 87 104 110 121 122 124 128 144 147 149 154 167 170
18 14 20 30 38 57 60 66 67 79 82 85 86 96 97 101 107 116 122 147 152 167
19 9 16 22 39 61 73 83 85 96 104 116 120 124 126 132 144 148 157
20 7 8 11 13 17 18 28 33 40 56 59 72 74 91 99 100 106 108 114 122 130 132 135 146 148 149
21 2 26 46 58 59 66 76 77 82 111 113 123 140 149 150 154 155 157 159
22 1 5 7 11 13 19 30 34 42 45 51 64 66 70 77 78 79 99 102 125 131 142 160 163
23 4 8 13 43 45 51 55 69 72 76 78 79 81 85 87 91 103 109 112 114 134 149 152 162 164
24 4 5 26 28 31 34 63 78 81 101 123 131 134 135 147 148 150 161 164
25 38 46 51 55 75 86 92 93 102 104 124 128 132 134 135 136 139 141 152 163 165 170
26 0 4 6 10 11 21 24 36 50 52 67 70 71 73 77 82 85 97 100 102 120 125 136 139 141 149 152 157
27 8 32 35 36 38 41 56 58 81 89 94 99 102 103 113 123 139 142 143 147 151 157 158 161 163
28 0 4 7 20 24 29 30 37 39 51 65 68 88 91 104 108 115 118 119 132 137 140 147 157 158 162
29 1 13 16 28 35 36 39 41 49 50 55 56 58 70 76 79 90 101 102 103 105 115 130 133 136 139 147 150 165
30 4 8 18 22 28 36 42 54 61 64 70 73 74 78 82 90 92 103 108 113 114 122 125 126 129 132 134 136 139 145 147 149 159 162
31 9 13 17 24 32 52 57 58 62 77 86 88 91 107 114 121 125 126 139 143 152 158 168
32 2 5 7 13 27 31 42 58 59 65 90 93 102 106 121 124 147 151 154 162
33 3 5 9 15 20 44 64 66 70 75 78 82 84 89 92 100 104 120 136 151 155 156 160
34 7 22 24 48 55 59 62 71 88 89 101 102 103 122 139 142 155 159 164 166 168
35 8 10 13 27 29 36 41 62 68 69 89 111 114 119 121 124 127 160
36 0 7 8 15 16 26 27 29 30 35 42 44 51 52 55 62 63 68 70 81 95 98 101 133 136 143 144 145 151 152 164 170
37 4 16 28 40 43 47 48 52 57 59 66 68 74 76 78 85 91 94 101 103 113 116 124 139 140 142 151 155
38 2 11 18 25 27 39 45 49 50 64 65 71 81 82 104 107 115 117 128 131 135 136 137 138 146 153 158 160 162 165 166 167
39 2 3 5 7 9 13 15 19 28 29 38 40 50 52 66 67 85 102 104 111 112 118 122 125 128 138 149 152 156 161 164 169
40 0 2 3 7 11 20 37 39 53 54 56 66 75 79 99 108 129 132 148 167 168
41 0 4 5 6 27 29 35 48 56 58 62 82 85 95 100 112 113 114 116 122 124 125 133 146 150 151 154 158 168
42 7 15 22 30 32 36 46 54 59 62 63 66 71 72 79 88 89 105 109 113 121 122 148 150 153 155 159
43 4 8 12 23 37 48 49 69 73 81 89 102 107 108 112 121 124 132 140 145 147 148 150 155 156 162 165
44 0 2 3 6 9 33 36 53 54 57 64 70 77 79 85 93 96 104 106 112 127 128 145 147 149 156 159 167 168
45 5 22 23 38 55 56 71 90 101 104 116 120 131 148 153 157
46 5 8 9 13 14 21 25 42 48 49 53 54 70 75 79 83 86 95 101 106 109 113 123 137 147 149 153 161 168
47 0 3 4 11 13 37 58 59 70 71 77 88 148 160 161 165 166
48 3 10 12 34 37 41 43 46 50 58 62 63 67 72 73 76 79 80 87 88 89 90 92 107 116 119 121 122 137 140 148 170
49 1 11 12 29 38 43 46 52 56 61 63 84 100 101 114 115 117 134 148 150 152 169
50 4 5 26 29 38 39 48 56 65 74 85 86 92 95 96 100 105 109 115 117 118 136 144 150 162 167
51 22 23 25 28 36 53 55 63 74 80 95 99 101 109 116 124 125 132 133 141 153 159 161 162 169
52 12 13 15 26 31 36 37 39 49 57 59 69 77 87 89 90 95 101 103 106 109 112 132 146 150 160 170
53 40 44 46 51 58 66 68 94 106 119 124 126 132 142 154 165 170
54 2 12 30 40 42 44 46 61 63 68 83 93 97 100 105 108 112 123 133 136 138 158 161 164
55 1 12 15 16 23 25 29 34 36 45 51 58 59 63 66 81 84 95 98 117 122 124 125 134 149 163
56 13 20 27 29 40 41 45 49 50 67 73 74 80 84 100 104 111 118 121 125 128 134 147 150 152 155 166 170
57 8 18 31 37 44 52 61 62 73 81 100 105 115 126 137 140 151 162 166 168
58 3 5 6 10 21 27 29 31 32 41 47 48 53 55 62 64 65 79 87 99 100 103 104 112 116 125 127 142 153
59 1 9 11 12 15 17 20 21 32 34 37 42 47 52 55 62 64 70 83 100 108 111 112 124 127 135 142 144 158 168 170
60 0 1 2 4 9 11 16 17 18 66 97 110 111 125 131 133 138 155 161 168
61 3 4 12 19 30 49 54 57 62 68 77 82 88 115 117 124 125 129 136 156 162
62 6 11 16 17 31 34 35 36 41 42 48 57 58 59 61 68 78 80 127 131 132 135 140 143 159 160 162 167
63 4 16 24 36 42 48 49 51 54 55 70 71 87 91 92 93 101 102 104 105 111 120 130 135 136 154
64 2 3 15 22 30 33 38 44 58 59 66 76 78 91 94 109 127 138 161 166 170
65 11 17 28 32 38 50 58 79 80 83 87 93 97 98 99 105 114 121 122 145 147 149 151 153 156 161 165
66 11 18 21 22 33 37 39 40 42 53 55 60 64 70 79 88 104 106 110 119 122 130 132 144 148 158 160 162 170
67 10 18 26 39 48 56 74 87 93 94 107 110 116 120 125 134 143 149 169
68 5 28 35 36 37 53 54 61 62 72 75 81 85 96 100 114 116 122 123 125 140 141 147 155 156 163 167
69 15 16 17 23 35 43 52 70 73 89 98 99 112 118 127 132 137 147 163 166
70 3 4 22 26 29 30 33 36 44 46 47 59 63 66 69 71 75 79 80 85 99 102 104 115 118 126 135 142 166 168
71 13 26 34 38 42 45 47 63 70 85 89 90 91 101 105 116 122 128 134 135 140 142 154 158 161 167 168
72 6 10 20 23 42 48 68 85 91 92 94 99 112 115 132 133 153 157
73 6 7 8 12 19 26 30 43 48 56 57 69 81 83 87 93 95 105 113 139 150 151 152 159 162 166
74 2 6 20 30 37 50 51 56 67 80 81 101 102 108 120 123 127 148 155
75 13 25 33 40 46 68 70 83 89 91 124 126 142 147 155 162
76 4 11 21 23 29 37 48 64 98 102 117 118 122 130 131 133 134 140 143 157 160 163 167 168
77 14 21 22 26 31 44 47 52 61 108 110 121 132 141 144 149 164 169
78 22 23 24 30 33 37 62 64 88 90 110 113 121 128 130 133 141 157 168
79 7 17 18 22 23 29 40 42 44 46 48 58 65 66 70 80 109 110 125 128 131 136 157 159
80 0 2 11 15 48 51 56 62 65 70 74 79 89 104 110 117 118 124 128 135 138 139 144 146 159 160 161
81 5 8 11 12 13 23 24 27 36 38 43 55 57 68 73 74 91 104 126 140 142 146 151 156 159
82 1 10 18 21 26 30 33 38 41 61 91 92 98 110 122 124 132 133 135 140 161 170
83 6 7 19 46 54 59 65 73 75 85 94 99 106 107 109 113 118 133 155 168 170
84 5 6 8 33 49 55 56 93 94 99 102 108 111 112 113 116 125 134 135 138 142 148 151 154
85 5 14 15 17 18 19 23 26 37 39 41 44 50 68 70 71 72 83 88 89 107 109 113 140 146 150 163
86 4 9 10 11 14 17 18 25 31 46 50 96 107 112 115 117 118 121 133 141 160 164 167
87 9 17 23 48 52 58 63 65 67 73 93 115 123 125 140 150 153
88 0 2 6 10 11 28 31 34 42 47 48 61 66 78 85 95 99 121 122 126 140 145 147 148 159 160 164 165
89 2 3 9 12 27 33 34 35 42 43 48 52 69 71 75 80 85 102 104 109 127 133 146 147 150 158 159 164 170
90 2 6 7 29 30 32 45 48 52 71 78 92 102 110 137 139 143 145 146 149 155 167 170
91 3 20 23 28 31 37 63 64 71 72 75 81 82 99 113 126 141 149 155 163 164
92 1 10 11 15 25 30 33 48 50 63 72 82 90 105 110 128 129 140 151 153 154 158 159
93 2 9 12 13 25 32 44 54 63 65 67 73 84 87 96 100 102 105 111 115 131 141 142 150 165 168 170
94 1 3 5 27 37 53 64 67 72 83 84 118 119 120 124 127 134 138 144 148 159
95 5 36 41 46 50 51 52 55 73 88 97 102 117 118 119 120 126 135 148 159 161 165
96 0 18 19 44 50 68 86 93 101 111 119 120 122 128 132 133 134 146 151 153 154 163 165
97 3 6 16 18 26 54 60 65 95 100 120 121 123 125 129 154 158 169 170
98 4 5 8 14 15 36 55 65 69 76 82 105 108 132 143 146 149 153 160
99 20 22 27 40 51 58 65 69 70 72 83 84 88 91 105 106 110 114 117 118 119 131 134 139 148 150 152 155 162 166
100 8 20 26 33 41 49 50 54 56 57 58 59 68 93 97 102 112 115 117 121 125 128 130 135 145 146 150 165 168 170
101 5 8 13 18 24 29 34 36 37 45 46 49 51 52 63 71 74 96 106 115 150 156
102 5 6 12 22 25 26 27 29 32 34 39 43 63 70 74 76 84 89 90 93 95 100 110 128 141 144 151
103 10 23 27 29 30 34 37 52 58 105 112 121 128 144 149 164
104 0 2 17 19 25 28 33 38 39 44 45 56 58 63 66 70 80 81 89 128 135 138 148 154 158 159
105 4 14 29 42 50 54 57 63 65 71 73 92 93 98 99 103 109 113 118 119 121 126 127 128 135 136 146 158 166
106 1 4 16 20 32 44 46 52 53 66 83 99 101 110 124 131 145 148 154 157 159 164 168 169
107 4 18 31 38 43 48 67 83 85 86 108 117 121 122 125 126 135 140 144 165
108 2 5 9 20 28 30 40 43 54 59 74 77 84 98 107 117 125 128 132 133 134 146 148 154 155 159 164 170
109 4 7 23 42 46 50 51 52 64 79 83 85 89 105 112 116 117 120 122 123 125 127 131 153 157
110 4 5 14 17 60 66 67 77 78 79 80 82 90 92 99 102 106 112 115 124 125 135 137 158 165 169
111 2 12 21 35 39 56 59 60 63 84 93 96 113 125 129 134 145 152 160 162 170
112 1 2 23 39 41 43 44 52 54 58 59 69 72 84 86 100 103 109 110 118 124 132 133 154 162 163
113 9 12 15 16 21 27 30 37 41 42 46 73 78 83 84 85 91 105 111 114 118 119 134 144 151 164
114 4 20 23 30 31 35 41 49 65 68 99 113 116 117 129 148 151 153 159 165
115 3 28 29 38 49 50 57 61 70 72 86 87 93 100 101 110 116 120 127 130 141 156 166 167
116 1 3 7 10 11 18 19 37 41 45 48 51 58 67 68 71 84 109 114 115 118 121 123 127 135 137 140 143 144 146 147 151 155
117 14 15 38 49 50 55 61 76 80 86 95 99 100 107 108 109 114 123 127 131 133 138 140 149 157 158
118 12 16 28 39 50 56 69 70 76 80 83 86 94 95 99 105 112 113 116 136 166
119 1 7 13 28 35 48 53 66 94 95 96 99 105 113 125 140 152 159 170
120 14 19 26 33 45 63 67 74 94 95 96 97 109 115 121 122 129 134 140 148 153 154 157 162 164 165 170
121 4 13 17 31 32 35 42 43 48 56 65 77 78 86 88 97 100 103 105 107 116 120 130 137 139 149 154 161
122 1 5 11 17 18 20 30 34 39 41 42 48 55 65 66 68 71 76 82 88 96 107 109 120 124 131 135 142 147 152 170
123 0 13 21 24 27 46 54 68 74 87 97 109 116 117 138
124 0 1 3 17 19 25 32 35 37 41 43 51 53 55 59 61 75 80 82 94 106 110 112 122 134 135 144 152 170
125 2 11 22 26 30 31 39 41 51 55 56 58 60 61 67 68 79 84 87 97 100 107 108 109 110 111 119 127 129 134 141 153 159 164 165 170
126 3 4 19 30 31 53 57 70 75 81 88 91 95 105 107 127 141 143 160 161
127 35 44 58 59 62 64 69 74 89 94 105 109 115 116 117 125 126 138 140 146 147 157 161 163
128 12 15 17 25 38 39 44 56 71 78 79 80 92 96 100 102 103 104 105 108 133 136 162 163 166 170
129 1 12 30 40 61 92 97 111 114 120 125 132 135 149 155 156 158 161 168
130 4 9 11 20 29 63 66 76 78 100 115 121 138 144 149 152 154 166 167
131 2 22 24 38 45 60 62 76 79 93 99 106 109 117 122 138 139 141 142 148 150 151 158 161 162 164
132 3 19 20 25 28 30 40 43 51 52 53 62 66 69 72 77 82 96 98 108 112 129 144 157 170
133 0 29 36 41 51 54 60 72 76 78 82 83 86 89 96 108 112 117 128 148 153 164 166 170
134 3 4 7 10 13 23 24 25 30 49 55 56 67 71 76 84 94 96 99 108 111 113 120 124 125 138 144 147 152 153 157 161
135 0 4 6 7 8 20 24 25 38 59 62 63 70 71 80 82 84 95 100 104 105 107 110 116 122 124 129 148 151 155 166
136 4 7 13 14 25 26 29 30 33 36 38 50 54 61 63 79 105 118 128 137 150 151 158 159 162 165
137 6 16 28 38 46 48 57 69 90 110 116 121 136 150 152 167
138 6 7 38 39 54 60 64 80 84 94 104 117 123 127 130 131 134 141 147 148 155 161 167
139 0 8 13 25 26 27 29 30 31 34 37 73 80 90 99 121 131 140 146 159 166
140 6 21 28 37 43 48 57 62 68 71 76 81 82 85 87 88 92 107 116 117 119 120 127 139 148 151 152 170
141 0 13 25 26 51 68 77 78 86 91 93 102 115 125 126 131 138 145 151 169
142 3 14 22 27 34 37 53 58 59 70 71 75 81 84 93 122 131 143 150 164
143 10 11 27 31 36 62 67 76 90 98 116 126 142 149 161 162
144 3 8 9 10 13 17 19 36 50 59 66 77 80 94 102 103 107 113 116 124 130 132 134 146 163 167 168
145 15 16 30 36 43 44 65 88 90 100 106 111 141 146 147 151 170
146 2 5 13 20 38 41 52 80 81 85 89 90 96 98 100 105 108 116 127 139 144 145 147 149 151 158 161 167
147 4 11 17 18 24 27 28 29 30 32 43 44 46 56 65 68 69 75 88 89 116 122 127 134 138 145 146 165
148 9 11 13 19 20 24 40 42 43 45 47 48 49 66 74 84 88 94 95 99 104 106 108 114 120 131 133 135 138 140 151 166 168
149 4 6 17 20 21 23 26 30 39 44 46 55 65 67 77 90 91 98 103 117 121 129 130 143 146 152
150 6 8 9 10 21 24 29 41 42 43 49 50 52 56 73 85 87 89 93 99 100 101 131 136 137 142 168 169
151 11 27 32 33 36 37 41 57 65 73 81 84 92 96 102 113 114 116 131 135 136 140 141 145 146 148 165
152 2 8 14 16 18 23 25 26 31 36 39 49 56 73 99 111 119 122 124 130 134 137 140 149 159
153 2 3 8 14 38 42 45 46 51 58 65 72 87 92 96 98 109 114 120 125 133 134 160
154 8 16 17 21 32 41 53 63 71 84 92 96 97 104 106 108 112 120 121 130
155 0 3 21 33 34 37 42 43 56 60 68 74 75 83 90 91 99 108 116 129 135 138 165
156 2 6 15 33 39 43 44 61 65 68 81 101 115 129 159 167
157 5 11 13 16 19 21 26 27 28 45 72 76 78 79 106 109 117 120 127 132 134
158 3 6 12 27 28 31 38 41 54 59 66 71 89 92 97 104 105 110 117 129 131 136 146
159 11 21 30 34 42 44 51 62 73 79 80 81 88 89 92 94 95 104 106 108 114 119 125 136 139 152 156 170
160 4 10 15 22 33 35 38 47 52 62 66 76 80 86 88 98 111 126 153 166
161 0 8 11 24 27 39 46 47 51 54 60 64 65 71 80 82 95 121 126 127 129 131 134 138 143 146 162 168
162 4 5 9 10 12 23 28 30 32 38 43 50 51 57 61 62 66 73 75 99 111 112 120 128 131 136 143 161
163 16 22 25 27 55 68 69 76 85 91 96 112 127 128 144 169
164 14 23 24 34 36 39 54 77 86 88 89 91 103 106 108 113 120 125 131 133 142 169
165 25 29 38 43 47 53 65 88 93 95 96 100 107 110 114 120 125 136 147 151 155
166 3 4 5 10 34 38 47 56 57 64 69 70 73 99 105 115 118 128 130 133 135 139 148 160 170
167 8 17 18 38 40 44 50 62 68 71 76 86 90 115 130 137 138 144 146 156 169
168 6 8 12 14 31 34 40 41 44 46 57 59 60 70 71 76 78 83 93 100 106 129 144 148 150 161
169 39 49 51 67 77 97 106 110 141 150 163 164 167
170 1 17 25 36 48 52 53 56 59 64 66 82 83 89 90 93 97 100 108 111 119 120 122 124 125 128 132 133 140 145 159 166
