90 1090
0 5 8 10 15 20 24 26 32 34 35 38 45 48 49 50 53 57 58 60 61 66 68 70 78 79 86 89
1 4 6 9 11 16 17 18 28 32 44 49 54 57 66 69 73 75 76 78 80 84 85 86 88 89
2 4 7 9 11 17 18 20 22 25 27 32 35 36 38 43 53 54 56 57 59 62 66 76 77 79 80 87 89
3 4 7 9 10 11 15 22 25 26 29 36 38 45 47 51 53 54 61 62 64 67 70 78 83 88
4 1 2 3 5 20 22 23 24 27 30 32 38 39 45 55 59 60 66 67 68 70 72 76 83 86 89
5 0 4 7 9 13 14 15 20 23 25 28 33 39 46 53 54 58 60 68 76 81 83 85 88
6 1 9 10 15 19 27 37 40 51 52 58 60 67 77 82 84
7 2 3 5 16 20 22 24 26 29 37 40 64 66 71 72 77 78 82 87
8 0 9 14 16 17 18 21 23 26 27 30 31 33 36 40 41 42 50 51 54 55 56 57 58 65 73 84
9 1 2 3 5 6 8 11 12 17 19 21 24 25 26 33 35 40 42 44 49 55 58 62 70 72 74 81 82 84 87
10 0 3 6 14 23 27 28 29 33 37 40 43 46 48 54 57 59 64 65 68 71 72 73 74 76 77 79 86
11 1 2 3 9 23 25 27 31 42 49 52 53 55 60 67 70 71 73 76 81
12 9 13 14 21 22 23 30 40 45 46 48 59 60 61 64 65 70 73 74 76 80 87 88
13 5 12 16 18 22 29 32 35 36 39 42 43 44 45 48 49 52 55 58 61 65 68 69 70 71 73 75 82 85 86 89
14 5 8 10 12 17 18 24 25 32 34 37 39 41 44 47 55 56 58 63 66 79 86 89
15 0 3 5 6 16 20 21 25 46 47 55 60 62 71 72 74 75 77 78 80 81 89
16 1 7 8 13 15 19 22 23 27 31 36 40 43 46 51 64 67 68 69 70 71 75 77 81 89
17 1 2 8 9 14 18 20 25 27 29 32 38 40 42 44 47 53 54 57 58 61 63 65 67 84 85 87
18 1 2 8 13 14 17 19 20 21 25 34 41 44 46 47 51 52 55 56 60 65 71 72 75 82 86
19 6 9 16 18 23 31 34 35 36 37 38 48 49 50 58 70 71 80 85 89
20 0 2 4 5 7 15 17 18 24 31 33 34 51 56 60 61 65 67 70 75 76
21 8 9 12 15 18 25 31 34 35 44 47 49 51 54 57 63 66 68 70 76 77 88 89
22 2 3 4 7 12 13 16 29 39 42 48 60 61 66 74 76 83 84 89
23 4 5 8 10 11 12 16 19 26 27 28 45 47 53 60 62 63 64 66 67 68 72 77 78 79 82 86
24 0 4 7 9 14 20 27 30 31 32 38 49 52 57 58 68 77 79 81 85 88
25 2 3 5 9 11 14 15 17 18 21 28 35 37 41 44 45 46 51 54 56 57 59 67 69 70 71 73 77 80 82
26 0 3 7 8 9 23 29 30 31 33 35 56 61 63 65 66 75 77 80 85
27 2 4 6 8 10 11 16 17 23 24 32 37 43 48 49 54 62 64 68 69 78 79 83 85
28 1 5 10 23 25 39 43 44 54 65 68 72 78 79 80 82 89
29 3 7 10 13 17 22 26 32 33 35 45 48 51 52 54 57 70 72 74 80 85
30 4 8 12 24 26 33 35 41 49 50 52 55 64 66 72 77 79 82 83 87 89
31 8 11 16 19 20 21 24 26 32 35 36 37 45 47 64 65 68 69 71 76 80 81 84 86 87 88 89
32 0 1 2 4 13 14 17 24 27 29 31 34 39 44 46 47 50 51 54 61 74 78 87
33 5 8 9 10 20 26 29 30 34 42 43 44 49 51 53 56 57 61 63 65 67 70 73 75 77 78 85
34 0 14 18 19 20 21 32 33 35 36 38 41 43 47 50 51 52 53 54 58 60 62 74 87 88 89
35 0 2 9 13 19 21 25 26 29 30 31 34 45 47 49 52 53 57 59 64 67 69 71 73 85 87 88
36 2 3 8 13 16 19 31 34 40 46 49 52 59 63 70 71 76 82
37 6 7 10 14 19 25 27 31 41 44 45 47 50 54 57 66 71 75 77 84
38 0 2 3 4 17 19 24 34 39 40 41 44 47 48 50 52 53 56 57 60 63 67 68 71 73 75 76 78 80 83 84 85 89
39 4 5 13 14 22 28 32 38 51 53 55 56 61 62 66 67 70 71 73 74 78 79 84
40 6 7 8 9 10 12 16 17 36 38 46 48 52 55 62 72 81 89
41 8 14 18 25 30 34 37 38 42 53 62 65 66 68 70 74 75 80 82 87 89
42 8 9 11 13 17 22 33 41 48 50 55 56 57 59 64 75 76 78 87
43 2 10 13 16 27 28 33 34 45 51 52 56 58 60 61 63 65 66 72 75 79 83 84
44 1 9 13 14 17 18 21 25 28 32 33 37 38 45 46 47 48 52 56 58 59 61 62 63 65 67 69 77 84 85
45 0 3 4 12 13 23 25 29 31 35 37 43 44 47 49 51 56 59 62 67 72 73 75 83 88
46 5 10 12 15 16 18 25 32 36 40 44 47 50 55 60 66 68 69 71 75 78 82 86
47 3 14 15 17 18 21 23 31 32 34 35 37 38 44 45 46 53 64 73 78 79 80 82 84 88
48 0 10 12 13 19 22 27 29 38 40 42 44 49 50 53 58 60 63 64 68 71 72 75 78 79 80 82 83
49 0 1 9 11 13 19 21 24 27 30 33 35 36 45 48 50 51 56 57 71 73 76 79 80 84 87
50 0 8 19 30 32 34 37 38 42 46 48 49 62 67 68 76 79 86 88 89
51 3 6 8 16 18 20 21 25 29 32 33 34 39 43 45 49 52 57 58 60 63 69 74 77 79 81 83 84 87
52 6 11 13 18 24 29 30 34 35 36 38 40 43 44 51 54 57 59 65 66 72 74 75 78 85
53 0 2 3 5 11 17 23 33 34 35 38 39 41 47 48 58 61 67 69 76 78
54 1 2 3 5 8 10 17 21 25 27 28 29 32 34 37 52 59 63 66 68 71 80
55 4 8 9 11 13 14 15 18 30 39 40 42 46 61 62 69 79 80 81 83 87 89
56 2 8 14 18 20 25 26 33 38 39 42 43 44 45 49 57 59 72 74 76 77 78 79 84
57 0 1 2 8 10 17 21 24 25 29 33 35 37 38 42 49 51 52 56 59 60 63 69 70 73 79 81 82 84
58 0 5 6 8 9 13 14 17 19 24 34 43 44 48 51 53 59 60 62 67 69 72 76 80 88
59 2 4 10 12 25 35 36 42 44 45 52 54 56 57 58 61 64 66 68 69 70 80 82 89
60 0 4 5 6 11 12 15 18 20 22 23 34 38 43 46 48 51 57 58 61 65 67 69 70 74 76 82 84 86
61 0 3 12 13 17 20 22 26 32 33 39 43 44 53 55 59 60 66 67 71 74 79 85 87 89
62 2 3 9 15 23 27 34 39 40 41 44 45 50 55 58 66 67 68 70 73 74 75 78 80 84 89
63 14 17 21 23 26 33 36 38 43 44 48 51 54 57 65 69 73 75 76 79 84 85
64 3 7 10 12 16 23 27 30 31 35 42 47 48 59 67 69 70 71 72 76 86
65 8 10 12 13 17 18 20 26 28 31 33 41 43 44 52 60 63 67 69 71 74 77 87 88
66 0 1 2 4 7 14 21 22 23 26 30 37 39 41 43 46 52 54 59 61 62 71 79 81 82 85 89
67 3 4 6 11 16 17 20 23 25 33 35 38 39 44 45 50 53 58 60 61 62 64 65 69 70 74 77 78 83 86 87
68 0 4 5 10 13 16 21 23 24 27 28 31 38 41 46 48 50 54 59 62 72 75 77 78 88
69 1 13 16 25 27 31 35 44 46 51 53 55 57 58 59 60 63 64 65 67 70 72 83 85 87 88
70 0 3 4 9 11 12 13 16 19 20 21 25 29 33 36 39 41 57 59 60 62 64 67 69 73 76 77 85
71 7 10 11 13 15 16 18 19 25 31 35 36 37 38 39 46 48 49 54 61 64 65 66 77 79 81 83 86
72 4 7 9 10 15 18 23 28 29 30 40 43 45 48 52 56 58 64 68 69 73 74 75 76 77 78 89
73 1 8 10 11 12 13 25 33 35 38 39 45 47 49 57 62 63 70 72 77 78
74 9 10 12 15 22 29 32 34 39 41 51 52 56 60 61 62 65 67 72 77 82 89
75 1 13 15 16 18 20 26 33 37 38 41 42 43 45 46 48 52 62 63 68 72 76 78 79 80 82 85 88
76 1 2 4 5 10 11 12 20 21 22 31 36 38 42 49 50 53 56 58 60 63 64 70 72 75 80 82 83 87
77 2 6 7 10 15 16 21 23 24 25 26 30 33 37 44 51 56 65 67 68 70 71 72 73 74 83 84 85 86
78 0 1 3 7 15 23 27 28 32 33 38 39 42 46 47 48 52 53 56 62 67 68 72 73 75 81 82 85 88 89
79 0 2 10 14 23 24 27 28 30 39 43 47 48 49 50 51 55 56 57 61 63 66 71 75 83
80 1 2 12 15 19 25 26 28 29 31 38 41 47 48 49 54 55 58 59 62 75 76 82 83 84
81 5 9 11 15 16 24 31 40 51 55 57 66 71 78
82 6 7 9 13 18 23 25 28 30 36 41 46 47 48 57 59 60 66 74 75 76 78 80 83 87
83 3 4 5 22 27 30 38 43 45 48 51 55 67 69 71 76 77 79 80 82
84 1 6 8 9 17 22 31 37 38 39 43 44 47 49 51 56 57 60 62 63 77 80 87
85 1 5 13 17 19 24 26 27 29 33 35 38 44 52 61 63 66 69 70 75 77 78 89
86 0 1 4 10 13 14 18 23 31 46 50 60 64 67 71 77 87
87 2 7 9 12 17 30 31 32 34 35 41 42 49 51 55 61 65 67 69 76 82 84 86 88
88 1 3 5 12 21 24 31 34 35 45 47 50 58 65 68 69 75 78 87
89 0 1 2 4 13 14 15 16 19 21 22 28 30 31 34 38 40 41 50 55 59 61 62 66 72 74 78 85
