27 128
0 4 6 11 12 13 18 19 20 24
1 2 4 5 6 7 8 10 11 12 23 24 26
2 1 7 8 13 15 22 23
3 4 7 9 12 14 17 18 20 26
4 0 1 3 6 16 17 19 22 24 25 26
5 1 8 17 18 19 20 22 24
6 0 1 4 9 11 14 18 19 20 23
7 1 2 3 9 12 18 19 20 21 25
8 1 2 5 9 12 13 14 15 17 21 23 25
9 3 6 7 8 16 20 22 25 26
10 1 12 15 16 23 24
11 0 1 6 12 16 17 18 19 20 23
12 0 1 3 7 8 10 11 13 16 18 20 21 22 23 24
13 0 2 8 12 15 20 25
14 3 6 8 15 18 21 24 25
15 2 8 10 13 14
16 4 9 10 11 12 18 19 21 26
17 3 4 5 8 11 20 24
18 0 3 5 6 7 11 12 14 16 26
19 0 4 5 6 7 11 16 21 22 24 26
20 0 3 5 6 7 9 11 12 13 17 24 26
21 7 8 12 14 16 19 22 24
22 2 4 5 9 12 19 21 23 25 26
23 1 2 6 8 10 11 12 22 24 26
24 0 1 4 5 10 12 14 17 19 20 21 23 26
25 4 7 8 9 13 14 22
26 1 3 4 9 16 18 19 20 22 23 24
