31 180
0 2 6 7 8 9 14 15 19 20 23 25
1 2 5 10 15 16 21 22 24 26 27 28
2 0 1 3 4 5 7 10 12 14 15 17 25 26
3 2 8 14 16 17 19 21 23 24 26 27 29
4 2 7 13 14 21 23 27 28 29 30
5 1 2 6 7 10 11 13 16 17 20 23
6 0 5 7 8 15 16 18 19 22 24 27 30
7 0 2 4 5 6 8 14 18 26 27
8 0 3 6 7 9 20 21 22 23 26 27 28 29 30
9 0 8 20 21 22 23 24 25 26 27 28
10 1 2 5 14 15 25 27 28
11 5 12 14 16 18 19 26 27 28
12 2 11 19 24 25 28 30
13 4 5 15 19 25 26 28
14 0 2 3 4 7 10 11 15 16 17 18 20 23 25 26 27 29 30
15 0 1 2 6 10 13 14 17 20 22 24 27
16 1 3 5 6 11 14 19 22 24 26 27 29 30
17 2 3 5 14 15 18 19 20 23 25 28
18 6 7 11 14 17 20 21 22 23 24 26 28
19 0 3 6 11 12 13 16 17 20 21 22 26 30
20 0 5 8 9 14 15 17 18 19 22 24 25 27 29
21 1 3 4 8 9 18 19 22 23 25 27 30
22 1 6 8 9 15 16 18 19 20 21 29 30
23 0 3 4 5 8 9 14 17 18 21 26 30
24 1 3 6 9 12 15 16 18 20 27 29 30
25 0 2 9 10 12 13 14 17 20 21
26 1 2 3 7 8 9 11 13 14 16 18 19 23 28 29
27 1 3 4 6 7 8 9 10 11 14 15 16 20 21 24
28 1 4 8 9 10 11 12 13 17 18 26 30
29 3 4 8 14 16 20 22 24 26
30 4 6 8 12 14 16 19 21 22 23 24 28
