159 1178
0 5 6 18 22 33 35 37 38 39 41 61 72 79 82 83 101 104 106 120 123 128 140
1 21 28 30 38 40 41 42 47 69 97 120 127 132 140 141 142 148
2 9 14 20 26 40 65 95 96 100 113 124 133 150
3 6 26 52 53 54 68 101 102 109
4 16 27 37 44 48 52 54 91 102 104 105 110 132
5 0 7 33 54 61 62 93 136 148
6 0 3 19 35 42 48 54 60 62 77 95 109 114 117 143 145 147 148 152 153 158
7 5 8 13 18 30 36 41 42 49 52 64 67 73 75 98 99 118 120 122
8 7 19 22 27 28 35 39 87 99 101 104 114 121 124 133 136 137 138 144 151 157
9 2 11 36 42 45 69 75 76 104 138 154
10 37 54 78 88 130
11 9 37 51 71 90 95 110 116 139 146 147
12 48 54 60 66 119 124 126 131 149
13 7 17 28 37 40 41 43 44 55 74 81 116 157
14 2 30 51 63 73 83 84 121 132
15 19 25 33 45 62 66 75 82 89 90 100 129 133 144 145
16 4 23 26 28 34 96 105 109 115 116 132 133 136 139 145
17 13 26 35 90 105 113 123 132 134
18 0 7 19 56 60 69 70 76 91 103 126 128 146 149
19 6 8 15 18 20 33 59 70 72 74 76 84 89 92 108 132 135 141 143
20 2 19 22 24 34 47 59 88 93 103 119 120 122 130 154
21 1 29 53 65 67 122 124 135 136 141 150 154
22 0 8 20 34 38 47 94 104 133 158
23 16 44 58 84 93 99 119 123 124 126 127 129 152
24 20 27 49 66 73 76 88 102 110 115 118 136 137 153
25 15 37 45 55 63 76 77 85 104 121 123 144 158
26 2 3 16 17 29 31 40 41 49 76 81 84 85 98 100 116 123 127 138
27 4 8 24 48 49 67 87 90 93 96 105 115 142 146
28 1 8 13 16 32 36 41 42 73 76 80 93 96 98 99 107 121 136 142 146
29 21 26 30 43 52 68 109 113 114 127
30 1 7 14 29 38 64 81 83 102 111 124 125 136 147 153 158
31 26 36 48 50 59 91 127 129 131 134 135 137 150 154
32 28 42 53 60 61 65 76 88 104 108 128 136
33 0 5 15 19 36 44 52 75 76 78 80 109 126 136 145 148
34 16 20 22 53 58 85 104 108 137 144 149 155
35 0 6 8 17 40 48 59 67 68 75 83 107 122 131 134 135 142 146
36 7 9 28 31 33 40 46 62 87 102 103 104 105 121 137
37 0 4 10 11 13 25 42 53 62 87 93 95 101 105 108 109 122 148 152 153 155
38 0 1 22 30 51 59 69 76 94 99 115 130 135 155
39 0 8 60 65 66 98 99 112 113 122
40 1 2 13 26 35 36 41 43 46 48 72 75 87 92 93 102 122 123 131 133
41 0 1 7 13 26 28 40 47 59 66 73 76 88 89 97 104 107 112 117 118 129 151 156
42 1 6 7 9 28 32 37 49 50 57 92 106 107 116 125 130 132 135 140 151 153
43 13 29 40 52 57 65 90 95 128 134 155
44 4 13 23 33 47 51 65 76 83 86 92 103 120 124
45 9 15 25 50 61 75 76 77 78 82 87 92 94 95 98 122 125 128 136 150
46 36 40 47 71 74 81 82 96 110 113 123 126 139 150
47 1 20 22 41 44 46 48 75 76 77 92 95 122 151 158
48 4 6 12 27 31 35 40 47 56 65 75 81 84 89 95 111 113 117 123 130 136 139 141 156 157
49 7 24 26 27 42 52 53 96 113 118 124 149 152
50 31 42 45 51 74 106 120 134 140 146 153
51 11 14 38 44 50 74 84 85 92 99 104 106 108 109 114 120 124 146 152
52 3 4 7 29 33 43 49 75 79 83 102 116 123 131 138 143 150
53 3 21 32 34 37 49 56 58 62 68 108 120 124 157
54 3 4 5 6 10 12 58 66 105 106 134 135 139 153
55 13 25 64 68 102 119 120 129 138 146 152
56 18 48 53 60 66 79 100 110 118 119 121 126 127 129 130 135 148 152
57 42 43 61 62 70 80 89 90 114 123 135 139 140 147 150 155
58 23 34 53 54 67 78 82 88 91 102 152
59 19 20 31 35 38 41 63 64 78 84 118 120 128 151
60 6 12 18 32 39 56 64 75 101 104 116 120 128 131 158
61 0 5 32 45 57 67 68 96 115 122 125 129 145 148
62 5 6 15 36 37 53 57 73 98 101 114 128
63 14 25 59 85 95 110 120 131 132 138 155 157
64 7 30 55 59 60 70 72 74 111 128 131 132 136 142 147 157
65 2 21 32 39 43 44 48 87 90 100 124 141
66 12 15 24 39 41 54 56 69 78 82 98 100 105 108 112 119 125 150 156
67 7 21 27 35 58 61 68 73 77 84 86 96 99 102 115 117
68 3 29 35 53 55 61 67 94 97 102 112 118 127
69 1 9 18 38 66 75 77 80 89 97 110 113 120 133 146
70 18 19 57 64 73 80 86 92 95 113 122 126 134 136 141 143 152 157
71 11 46 85 86 107 118 127 151
72 0 19 40 64 76 87 97 106 109 115 138 156
73 7 14 24 28 41 62 67 70 118 133 135 140 151
74 13 19 46 50 51 64 103 127 136 147 150
75 7 9 15 33 35 40 45 47 48 52 60 69 96 136 139 147 156
76 9 18 19 24 25 26 28 32 33 38 41 44 45 47 72 86 119 121 123 140 141 143 146 158
77 6 25 45 47 67 69 99 105 106 113 120 127 139 147 154
78 10 33 45 58 59 66 112 113 125 131 156 157
79 0 52 56 102 117 119 134 139 148 155 158
80 28 33 57 69 70 88 112 137 147 156 158
81 13 26 30 46 48 91 92 97 106 113 122 124 125 133 134 135 140 142
82 0 15 45 46 58 66 86 95 100 111 120 129 139 142
83 0 14 30 35 44 52 84 96 100 134 137 141 145
84 14 19 23 26 48 51 59 67 83 85 93 109 112 114 122 155
85 25 26 34 51 63 71 84 91 95 100 110 116 118 119 123 125 138 143 145
86 44 67 70 71 76 82 95 97 109 113 125 127 131 140 149 151
87 8 27 36 37 40 45 65 72 88 95 110 114 127 139 140 141 143 145 151 153 157
88 10 20 24 32 41 58 80 87 96 98 102 104 105 107 110 125 139
89 15 19 41 48 57 69 104 110 115 119 150
90 11 15 17 27 43 57 65 96 133 135 144 157 158
91 4 18 31 58 81 85 96 97 144 154
92 19 40 42 44 45 47 51 70 81 101 107 108 144
93 5 20 23 27 28 37 40 84 103 115 145 152
94 22 38 45 68 100 141 142
95 2 6 11 37 43 45 47 48 63 70 82 85 86 87 100 107 116 133 139 146 150 155
96 2 16 27 28 46 49 61 67 75 83 88 90 91 104 122 142 147
97 1 41 68 69 72 81 86 91 102 127 138 142 155
98 7 26 28 39 45 62 66 88 109 142
99 7 8 23 28 38 39 51 67 77 110 126
100 2 15 26 56 65 66 82 83 85 94 95 106 119 120 141 148 149 158
101 0 3 8 37 60 62 92 131 135 145
102 3 4 24 30 36 40 52 55 58 67 68 79 88 97 103 156
103 18 20 36 44 74 93 102 127 131 146 151
104 0 4 8 9 22 25 32 34 36 41 51 60 88 89 96 105 116 126 135 139 143
105 4 16 17 27 36 37 54 66 77 88 104 106 112 115 116 125 129 139 145
106 0 42 50 51 54 72 77 81 100 105 123 144
107 28 35 41 42 71 88 92 95 108 113 114 121 125 130 148 152
108 19 32 34 37 51 53 66 92 107 109 114 117 132 148
109 3 6 16 29 33 37 51 72 84 86 98 108 113 116 122 143 153
110 4 11 24 46 56 63 69 85 87 88 89 99 132 133 140 146 153
111 30 48 64 82 124 126 128 134 140 158
112 39 41 66 68 78 80 84 105 121 124 126 132 135 139 154 156 158
113 2 17 29 39 46 48 49 69 70 77 78 81 86 107 109 116 145 146
114 6 8 29 51 57 62 84 87 107 108 122 131 133 143 145
115 16 24 27 38 61 67 72 89 93 105 121 122 131 133 140
116 11 13 16 26 42 52 60 85 95 104 105 109 113 117 132 147
117 6 41 48 67 79 108 116 122 123 140 144 155
118 7 24 41 49 56 59 68 71 73 85 131 144 155 157
119 12 20 23 55 56 66 76 79 85 89 100 121 134 136 140 148
120 0 1 7 20 44 50 51 53 55 59 60 63 69 77 82 100 122 137 139 152
121 8 14 25 28 36 56 76 107 112 115 119 144 156
122 7 20 21 35 37 39 40 45 47 61 70 81 84 96 109 114 115 117 120 130 134 143 156
123 0 17 23 25 26 40 46 48 52 57 76 85 106 117 135 152 158
124 2 8 12 21 23 30 44 49 51 53 65 81 111 112 138 139
125 30 42 45 61 66 78 81 85 86 88 105 107 148 151
126 12 18 23 33 46 56 70 99 104 111 112 129 131 144
127 1 23 26 29 31 56 68 71 74 77 86 87 97 103 143 150 156
128 0 18 32 43 45 59 60 62 64 111 129 140
129 15 23 31 41 55 56 61 82 105 126 128 140 141 142 156
130 10 20 38 42 48 56 107 122 134 145
131 12 31 35 40 52 60 63 64 78 86 101 103 114 115 118 126 132 147 153 155 158
132 1 4 14 16 17 19 42 63 64 108 110 112 116 131 137 154
133 2 8 15 16 22 40 69 73 81 90 95 110 114 115 134 150 155
134 17 31 35 43 50 54 70 79 81 83 111 119 122 130 133 144
135 19 21 31 35 38 42 54 56 57 73 81 90 101 104 112 123 142 143
136 5 8 16 21 24 28 30 32 33 45 48 64 70 74 75 119 140
137 8 24 31 34 36 80 83 120 132 144
138 8 9 26 52 55 63 72 85 97 124 140
139 11 16 46 48 54 57 75 77 79 82 87 88 95 104 105 112 120 124 140
140 0 1 42 50 57 73 76 81 86 87 110 111 115 117 119 128 129 136 138 139
141 1 19 21 48 65 70 76 83 87 94 100 129 144 149 153
142 1 27 28 35 64 81 82 94 96 97 98 129 135 143 152
143 6 19 52 70 76 85 87 104 109 114 122 127 135 142 150 152 155
144 8 15 25 34 90 91 92 106 117 118 121 126 134 137 141
145 6 15 16 33 61 83 85 87 93 101 105 113 114 130 158
146 11 18 27 28 35 50 51 55 69 76 95 103 110 113 148 151 152 158
147 6 11 30 57 64 74 75 77 80 96 116 131
148 1 5 6 33 37 56 61 79 100 107 108 119 125 146
149 12 18 34 49 86 100 141 152 154
150 2 21 31 45 46 52 57 66 74 89 95 127 133 143 153
151 8 41 42 47 59 71 73 86 87 103 125 146 156 157
152 6 23 37 49 51 55 56 58 70 93 107 120 123 142 143 146 149 154 156
153 6 24 30 37 42 50 54 87 109 110 131 141 150 158
154 9 20 21 31 77 91 112 132 149 152
155 34 37 38 43 57 63 79 84 95 97 117 118 131 133 143
156 41 48 66 72 75 78 80 102 112 121 122 127 129 151 152 157
157 8 13 48 53 63 64 70 78 87 90 118 151 156
158 6 22 25 30 47 60 76 79 80 90 100 111 112 123 131 145 146 153
