109 698
0 12 19 39 44 45 63 87 95 106
1 5 14 19 30 34 35 40 59 63 64 76 80 86 88 97 103
2 24 31 40 42 43 45 47 50 54 58 59 61 68 74 75 83 87 90 96 97 105
3 16 22 42 48 50 58 60 65 75 101 104
4 22 36 50 73 89 92
5 1 23 27 41 42 43 47 50 77 83 94
6 20 32 43 62 88 101 103
7 12 15 17 26 28 35 61 66 69 86 93
8 34 50 58 68 70 72 75 81 92
9 14 25 26 27 44 49 51 58 68 76 82 93 104
10 11 12 16 23 26 27 40 42 44 51 54 70 97
11 10 15 22 33 35 36 55 57 60 63 67 71 85 91 94 104
12 0 7 10 16 17 30 39 41 46 54 67 76 102 103 108
13 21 26 36 43 49 59 65 78 105 106
14 1 9 15 23 42 43 62 69 76 87 93 97 99 101
15 7 11 14 19 20 22 25 26 48 49 50 75 77 78 80 84 92
16 3 10 12 32 34 43 48 54 55 62 69 76 80 88 90 94 99 107
17 7 12 18 22 36 40 53 60 62 68 69 76 77 102
18 17 19 21 23 33 48 60 61 62 64 70 93 104 107
19 0 1 15 18 39 56 57 61 64 94 95 98 102 108
20 6 15 30 39 42 49 51 52 53 88
21 13 18 40 42 53 56 57 66 75 80 87 88
22 3 4 11 15 17 38 39 53 61 69 80 81 87 89 91 93 97 100
23 5 10 14 18 30 31 48 56 58 82 83 85 103
24 2 44 53 85
25 9 15 31 40 43 46 48 57 64 79 87 89 103
26 7 9 10 13 15 49 50 68 69 74 78 81 84 88 99 103
27 5 9 10 41 42 50 53 55 63 64 68 75 81 84 90 93 106
28 7 53 54 55 68 74 81 84 85 102 103 105 106
29 30 34 47 60 64 65 71 77 86 91
30 1 12 20 23 29 33 34 38 42 54 69 75 108
31 2 23 25 43 46 48 50 67 88 96 104 105
32 6 16 33 63 70 72 81 83 87 91
33 11 18 30 32 34 36 44 58 64 76 82 87 95
34 1 8 16 29 30 33 46 47 61 62 69 79 81 96 98 104
35 1 7 11 55 59 90 101 102 103
36 4 11 13 17 33 52 57 59 62 79 84 88 102 105 108
37 38 58 59 60 61 70 77 82 96
38 22 30 37 46 50 62 64 76 98 104
39 0 12 19 20 22 48 52 61 64 69 75 83 93 96 99 104
40 1 2 10 17 21 25 53 54 63 65 73 76 81 89 97 103
41 5 12 27 43 49 65 67 101
42 2 3 5 10 14 20 21 27 30 43 44 48 58 65 68 72 76 79 91 98
43 2 5 6 13 14 16 25 31 41 42 67 79 96 99 103 108
44 0 9 10 24 33 42 46 52 62 64 66 69 72 92 99 102 103 108
45 0 2 67 85 96 103
46 12 25 31 34 38 44 57 60 69 73 87 100 107 108
47 2 5 29 34 56 58 64 66 77 97 102
48 3 15 16 18 23 25 31 39 42 50 57 71 76 77 94 96 99
49 9 13 15 20 26 41 53 59 61 63 69 70 76 91 92 101
50 2 3 4 5 8 15 26 27 31 38 48 68 76 77 78 85 91
51 9 10 20 63 69 86 91 92 98 106
52 20 36 39 44 67 68 74 78 97
53 17 20 21 22 24 27 28 40 49 60 77 92 108
54 2 10 12 16 28 30 40 55 59 74 78 87 102
55 11 16 27 28 35 54 75 89 95 104 106
56 19 21 23 47 59 60 86 93 107
57 11 19 21 25 36 46 48 58 67 68 93 99 101
58 2 3 8 9 23 33 37 42 47 57 67 78 79 84 85 100
59 1 2 13 35 36 37 49 54 56 72 78 81 98
60 3 11 17 18 29 37 46 53 56 71 90 96 101
61 2 7 18 19 22 34 37 39 49 76 81 106 107
62 6 14 16 17 18 34 36 38 44 67 69 81 84 94 100 101 102 103
63 0 1 11 27 32 40 49 51 75
64 1 18 19 25 27 29 33 38 39 44 47 69 79 87 100 101 108
65 3 13 29 40 41 42 78 89 91 92 102 105
66 7 21 44 47 69 70 81 92 101 103
67 11 12 31 41 43 45 52 57 58 62 68 71 79 82 85 90 93 101 106
68 2 8 9 17 26 27 28 42 50 52 57 67 85 88 89 92 105 108
69 7 14 16 17 22 26 30 34 39 44 46 49 51 62 64 66 73 85 88 92
70 8 10 18 32 37 49 66 71 88 97 98 105
71 11 29 48 60 67 70 75 79 80 100
72 8 32 42 44 59 77 83 91 98
73 4 40 46 69 89 108
74 2 26 28 52 54 77 85 89 108
75 2 3 8 15 21 27 30 39 55 63 71 78 85 91 96
76 1 9 12 14 16 17 33 38 40 42 48 49 50 61 78 88 91
77 5 15 17 29 37 47 48 50 53 72 74 86
78 13 15 26 50 52 54 58 59 65 75 76 83 85
79 25 34 36 42 43 58 64 67 71 88 90 102 108
80 1 15 16 21 22 71 88 91 97 102
81 8 22 26 27 28 32 34 40 59 61 62 66 82 83 88 106
82 9 23 33 37 67 81 93 95 107
83 2 5 23 32 39 72 78 81 94
84 15 26 27 28 36 58 62 85 107 108
85 11 23 24 28 45 50 58 67 68 69 74 75 78 84 86 87 101
86 1 7 29 51 56 77 85 91 95 106
87 0 2 14 21 22 25 32 33 46 54 64 85 95 98 99 104
88 1 6 16 20 21 26 31 36 68 69 70 76 79 80 81 92
89 4 22 25 40 55 65 68 73 74 92 95 96 107
90 2 16 27 35 60 67 79
91 11 22 29 32 42 49 50 51 65 72 75 76 80 86 93 97
92 4 8 15 44 49 51 53 65 66 68 69 88 89 97 103
93 7 9 14 18 22 27 39 56 57 67 82 91 94 101
94 5 11 16 19 48 62 83 93 98 108
95 0 19 33 55 82 86 87 89
96 2 31 34 37 39 43 45 48 60 75 89 100
97 1 2 10 14 22 40 47 52 70 80 91 92 102
98 19 34 38 42 51 59 70 72 87 94 108
99 14 16 26 39 43 44 48 57 87 102 106 107
100 22 46 58 62 64 71 96 104 105
101 3 6 14 35 41 49 57 60 62 64 66 67 85 93
102 12 17 19 28 35 36 44 47 54 62 65 79 80 97 99
103 1 6 12 23 25 26 28 35 40 43 44 45 62 66 92
104 3 9 11 18 31 34 38 39 55 87 100 106 107
105 2 13 28 31 36 65 68 70 100
106 0 13 27 28 51 55 61 67 81 86 99 104
107 16 18 46 56 61 82 84 89 99 104
108 12 19 30 36 43 44 46 53 64 68 73 74 79 84 94 98
