57 349
0 11 13 14 16 17 25 28 31 32 36 45 51 52 53
1 6 8 11 19 24 26 27 34 36 39 42 48 50 53 54
2 5 16 17 28 30 31 35 49 51
3 7 9 19 26 28 31 33 41 48 52
4 20 21 23 34 39 40 53 56
5 2 6 25 29 30 37 48 54 55
6 1 5 7 11 18 25 26 27 30 35 38 42 47 51 54 56
7 3 6 11 12 15 17 20 25 26 29 30 35 39 40 53 56
8 1 16 21 23 25 31 32 33 34 38 39 51 54 56
9 3 19 34 38 42 43 50 51
10 15 20 27 38 39 43 47 54 55
11 0 1 6 7 12 20 24 27 30 35 37 38 43 48
12 7 11 17 25 32 33 43 46 49
13 0 14 16 24 25 30 32 34 39 45 53
14 0 13 17 19 30 41 46 47 52
15 7 10 16 17 27 29 31 34 40 44
16 0 2 8 13 15 17 21 27 31 33 37 46 51 52 53
17 0 2 7 12 14 15 16 18 22 29 35 36
18 6 17 25 26 27 30 31 33 48 49 52 53 54 56
19 1 3 9 14 20 21 22 23 24 25 31 40 41 51 56
20 4 7 10 11 19 24 28 29 33 35 37 44 47
21 4 8 16 19 22 27 36 39
22 17 19 21 24 25 30 34 35 36 43 46 49
23 4 8 19 24 38 43 44 49 52 55
24 1 11 13 19 20 22 23 32 34 38 41 45 48 49 52
25 0 5 6 7 8 12 13 18 19 22 26 27 28 29 36 40 44 47 48 50 52
26 1 3 6 7 18 25 31 41 42 43 44 47 52 55
27 1 6 10 11 15 16 18 21 25 37 41 44 51 54
28 0 2 3 20 25 51 54
29 5 7 15 17 20 25 30 32 35 39 42 49 50 51
30 2 5 6 7 11 13 14 18 22 29 44 49
31 0 2 3 8 15 16 18 19 26 32 33 41 44 46 47 50
32 0 8 12 13 24 29 31 40 41 48 49 53
33 3 8 12 16 18 20 31 38 56
34 1 4 8 9 13 15 22 24 37 43 44 48 52 55 56
35 2 6 7 11 17 20 22 29 37 39 41 42 45 50
36 0 1 17 21 22 25 37 42 46 47 52 54
37 5 11 16 20 27 34 35 36 38 49 53
38 6 8 9 10 11 23 24 33 37 39 47 48
39 1 4 7 8 10 13 21 29 35 38 43 45 47 50 53
40 4 7 15 19 25 32 41 43 48 49 51 53 55
41 3 14 19 24 26 27 31 32 35 40 45 52 53
42 1 6 9 26 29 35 36 47
43 9 10 11 12 22 23 26 34 39 40 44 49 51 55
44 15 20 23 25 26 27 30 31 34 43 52 54
45 0 13 24 35 39 41 48 49 54
46 12 14 16 22 31 36 47 48 49 54
47 6 10 14 20 25 26 31 36 38 39 42 46 49 55
48 1 3 5 11 18 24 25 32 34 38 40 45 46 50
49 2 12 18 22 23 24 29 30 32 37 40 43 45 46 47 54
50 1 9 25 29 31 35 39 48 51 55
51 0 2 6 8 9 16 19 27 28 29 40 43 50 55
52 0 3 14 16 18 23 24 25 26 34 36 41 44
53 0 1 4 7 13 16 18 32 37 39 40 41 56
54 1 5 6 8 10 18 27 28 36 44 45 46 49
55 5 10 23 26 34 40 43 47 50 51
56 4 6 7 8 18 19 33 34 53
