55 421
0 1 8 10 17 18 20 24 27 31 32 33 40 43 44 49 52
1 0 3 7 8 12 16 19 24 28 31 32 35 39 43 46 50 51
2 5 13 18 21 28 29 37 38
3 1 4 8 10 12 18 19 22 27 28 33 39 42 50
4 3 10 11 14 15 16 17 21 23 28 29 30 31 32 33 35 37 39 41 45 48 49 54
5 2 6 8 9 13 14 18 20 21 23 26 35 36 37 48 51 54
6 5 7 8 12 20 23 28 29 32 41 45 46 48 49
7 1 6 10 11 13 16 17 20 23 25 28 43 50 52
8 0 1 3 5 6 11 15 16 17 20 23 28 30 34 37 38 39 41 44 51 52 54
9 5 13 15 17 28 30 32 34 35 37 42 43 45 46
10 0 3 4 7 12 13 14 18 21 23 28 31 33 34 36 39 40 41 42 46 50 51 54
11 4 7 8 19 21 24 29 30 32 36 37 38 42 44 46 48 49
12 1 3 6 10 13 17 20 21 22 23 27 31 49 50 52 53 54
13 2 5 7 9 10 12 15 18 26 30 32 35 39 48 50 52
14 4 5 10 17 22 25 27 29 32 33 34 35 37 38 41 44 48 49
15 4 8 9 13 20 21 28 29 30 32 34 38 40 42 44 45 47 48 50 52 53
16 1 4 7 8 18 21 28 36 38 39 50 54
17 0 4 7 8 9 12 14 18 19 20 21 22 26 28 29 33 35 37 45
18 0 2 3 5 10 13 16 17 20 22 25 26 28 35 37 38 52 54
19 1 3 11 17 22 31 32 35 41 42
20 0 5 6 7 8 12 15 17 18 22 28 29 30 36 37 41 46 47 52
21 2 4 5 10 11 12 15 16 17 23 25 27 37 40 46 50
22 3 12 14 17 18 19 20 25 27 32 44 46 47 48 49 52 53
23 4 5 6 7 8 10 12 21 24 26 37 40 41 44 48 49 54
24 0 1 11 23 28 32 42 44 52
25 7 14 18 21 22 37 38 45 49
26 5 13 17 18 23 32 38 39 40 41 44 45 50 51 53
27 0 3 12 14 21 22 28 30 35 36 38 44 47 53 54
28 1 2 3 4 6 7 8 9 10 15 16 17 18 20 24 27 31 34 35 37 43 49 50 54
29 2 4 6 11 14 15 17 20 31 37 39 45 49 51
30 4 8 9 11 13 15 20 27 46 47 49
31 0 1 4 10 12 19 28 29 37 40 44 45
32 0 1 4 6 9 11 13 14 15 19 22 24 26 33 34
33 0 3 4 10 14 17 32 42 48
34 8 9 10 14 15 28 32 38 40 46 47 49 51
35 1 4 5 9 13 14 17 18 19 27 28 41 44 48 53
36 5 10 11 16 20 27 38 39 42 43 51 54
37 2 4 5 8 9 11 14 17 18 20 21 23 25 28 29 31 38 39 44
38 2 8 11 14 15 16 18 25 26 27 34 36 37 39 41 44 47 48 51 52 54
39 1 3 4 8 10 13 16 26 29 36 37 38 40 44 47
40 0 10 15 21 23 26 31 34 39 43 45 49 52 54
41 4 6 8 10 14 19 20 23 26 35 38 43 45 47 49 54
42 3 9 10 11 15 19 24 33 36 48 51 52
43 0 1 7 9 28 36 40 41 46 48 53
44 0 8 11 14 15 22 23 24 26 27 31 35 37 38 39 51 53
45 4 6 9 15 17 25 26 29 31 40 41 49 52
46 1 6 9 10 11 20 21 22 30 34 43 49
47 15 20 22 27 30 34 38 39 41 54
48 4 5 6 11 13 14 15 22 23 33 35 38 42 43 51 52
49 0 4 6 11 12 14 22 23 25 28 29 30 34 40 41 45 46 52 54
50 1 3 7 10 12 13 15 16 21 26 28 51
51 1 5 8 10 26 29 34 36 38 42 44 48 50 52 53 54
52 0 7 8 12 13 15 18 20 22 24 38 40 42 45 48 49 51 53 54
53 12 15 22 26 27 35 43 44 51 52
54 4 5 8 10 12 16 18 23 27 28 36 38 40 41 47 49 51 52
