25 127
0 3 6 7 10 11 15 17 21 22 23 24
1 3 6 8 9 10 11 12 16 18 21 24
2 3 7 10 17 19 21 23 24
3 0 1 2 5 8 10 11 16 17 22
4 6 8 9 10 12 21 24
5 3 6 9 13 14 15 16 20 24
6 0 1 4 5 7 9 10 13 14 15 17 18 20 23
7 0 2 6 9 12 13 17 20 21 24
8 1 3 4 9 11 16 17 20 23
9 1 4 5 6 7 8 12 15 16 18 19 20 23
10 0 1 2 3 4 6 12 13 14 15 18 19 22 24
11 0 1 3 8 13 14 15 16 21 24
12 1 4 7 9 10 13 14 16 19 20 22 23
13 5 6 7 10 11 12 14 15 18
14 5 6 10 11 12 13 15 16 19 20 23 24
15 0 5 6 9 10 11 13 14 20 21 22
16 1 3 5 8 9 11 12 14 17 19 20 21
17 0 2 3 6 7 8 16 18
18 1 6 9 10 13 17 20 23
19 2 9 10 12 14 16 21 23
20 5 6 7 8 9 12 14 15 16 18 22 23
21 0 1 2 4 7 11 15 16 19
22 0 3 10 12 15 20
23 0 2 6 8 9 12 14 18 19 20 24
24 0 1 2 4 5 7 10 11 14 23
