50 244
0 16 33
1 3 7 9 14 17 26 35 36 42 47 48
2 14 26 27 30
3 1 9 14 16 29 31 38 40 45 47
4 8 16 17 27 35 37 48
5 6 12 13 17 28 31 34 36 39 41 45
6 5 17 20 21 22 25 31 35 38 41 42 46 49
7 1 8 15 17 19 21 26 30 36 42 43
8 4 7 11 12 16 22 24 32 38 42 44 45
9 1 3 16 22 36 40 42 49
10 11 19 29 32 36 42
11 8 10 18 20 23 25 31 44 48
12 5 8 15 19 20 22 24 28 37 45
13 5 15 16 18 19 20 26 28 30 36 42
14 1 2 3 15 17 22 23 29 36 37 38 44 47 48
15 7 12 13 14 25 34 44
16 0 3 4 8 9 13 19 26 33 35 36 46 47 48
17 1 4 5 6 7 14 28 36 40 42 46
18 11 13 37 38 43 45 48
19 7 10 12 13 16 23 25 26 28 35
20 6 11 12 13 21 22 32 39 47 49
21 6 7 20 27 28 36 39 45 48
22 6 8 9 12 14 20 27 36 45 46 49
23 11 14 19 31 32 39 40
24 8 12 48 49
25 6 11 15 19 30 35 44 48
26 1 2 7 13 16 19 37 39 40 45 48
27 2 4 21 22 35 36 47 48 49
28 5 12 13 17 19 21 30 33 40 44 46
29 3 10 14 33 34 37 39 40 41 43 45
30 2 7 13 25 28 34 47
31 3 5 6 11 23 35 40 41 43
32 8 10 20 23 36 37 40 41 48
33 0 16 28 29 41 43 44
34 5 15 29 30 37 38 39 42 49
35 1 4 6 16 19 25 27 31
36 1 5 7 9 10 13 14 16 17 21 22 27 32 40 41 42 43 46 47
37 4 12 14 18 26 29 32 34 46
38 3 6 8 14 18 34 41 42 44 49
39 5 20 21 23 26 29 34 43 49
40 3 9 17 23 26 28 29 31 32 36 48
41 5 6 29 31 32 33 36 38 42 46 47 49
42 1 6 7 8 9 10 13 17 34 36 38 41 44 46
43 7 18 29 31 33 36 39
44 8 11 14 15 25 28 33 38 42 46 48 49
45 3 5 8 12 18 21 22 26 29
46 6 16 17 22 28 36 37 41 42 44 47
47 1 3 14 16 20 27 30 36 41 46
48 1 4 11 14 16 18 21 24 25 26 27 32 40 44 49
49 6 9 20 22 24 27 34 38 39 41 44 48
