50 273
0 3 5 9 16 19 42
1 6 7 12 15 16 19 30 35 37 44
2 7 9 12 21 25 29 31 37 38 40
3 0 6 7 10 13 14 21 23 36 37 38 39 42 46
4 9 14 17 23 24 25 27 28 30 32 33 40
5 0 7 14 16 26 27 29 30 47 48
6 1 3 11 13 18 19 29 40 42 46
7 1 2 3 5 14 23 25 40 41 45
8 23 25 26 35 36 41 48 49
9 0 2 4 11 21 23 28 31 34 47
10 3 14 15 16 19 23 24 26 32 33 34 36 45 47 49
11 6 9 20 23 25 27 29 37 48 49
12 1 2 15 17 20 25 32 41 47 49
13 3 6 15 17 19 28 35 42 44 46
14 3 4 5 7 10 17 23 24 29 34 36 43
15 1 10 12 13 17 18 32 34 36 39 40 41 46 48
16 0 1 5 10 19 23 24 25 29 30 31 33 41 43 49
17 4 12 13 14 15 18 20 22 31 35 36 38 39 49
18 6 15 17 23 25 26 27 28 29 31 33 34 36 42 48
19 0 1 6 10 13 16 21 22 24 30 39 43 47
20 11 12 17 29 38 39 40 47
21 2 3 9 19 24 29 36 37 38 48
22 17 19 23 28 31 34 35 45 48
23 3 4 7 8 9 10 11 14 16 18 22 31 34 38 40 43 44 49
24 4 10 14 16 19 21 25 27 29 33 35 40 46
25 2 4 7 8 11 12 16 18 24 27 33 40 43 47
26 5 8 10 18 28 29 31 32
27 4 5 11 18 24 25 34
28 4 9 13 18 22 26 31 33 38 39 40 42 46
29 2 5 6 11 14 16 18 20 21 24 26 34 36
30 1 4 5 16 19 36 37 46 47
31 2 9 16 17 18 22 23 26 28 33 35 43
32 4 10 12 15 26 33 40 41 43 45 47
33 4 10 16 18 24 25 28 31 32 35 36 39 49
34 9 10 14 15 18 22 23 27 29 38 43
35 1 8 13 17 22 24 31 33 44 45 47
36 3 8 10 14 15 17 18 21 29 30 33 43 47
37 1 2 3 11 21 30 38
38 2 3 17 20 21 23 28 34 37 41 43 49
39 3 15 17 19 20 28 33 44 45
40 2 4 6 7 15 20 23 24 25 28 32
41 7 8 12 15 16 32 38 43 44 45
42 0 3 6 13 18 28 49
43 14 16 19 23 25 31 32 34 36 38 41 44
44 1 13 23 35 39 41 43 47 49
45 7 10 22 32 35 39 41
46 3 6 13 15 24 28 30
47 5 9 10 12 19 20 25 30 32 35 36 44 48 49
48 5 8 11 15 18 21 22 47
49 8 10 11 12 16 17 23 33 38 42 44 47
