48 309
0 2 14 17 23 25 26 28 29 37 39 44
1 13 15 19 23 28 29 32 39 46
2 0 8 12 13 16 20 25 28 34 36 40 47
3 4 10 13 21 24 28 30 33 37 38 40 41
4 3 8 11 13 18 23 26 28 35 41 46
5 6 11 12 13 16 17 20 26 27 28 30 34 35 36 43 45 46 47
6 5 9 15 18 21 22 24 26 31 32 36 38 41 44 45
7 9 10 15 16 17 21 29 34 35 36 37 38 39 40 44 46 47
8 2 4 10 15 16 18 21 23 24 27 29 36 38 44 46
9 6 7 15 20 21 24 27 28 35 42
10 3 7 8 12 13 19 26 31 32 35 39 40 42
11 4 5 13 20 21 22 23 26 27 31 32 41 45
12 2 5 10 13 16 18 29 31 34 38 41 43
13 1 2 3 4 5 10 11 12 14 17 19 21 22 24 27 31 32 33 37 39 43 45 47
14 0 13 18 27 32 33
15 1 6 7 8 9 17 19 22 32 36 38 39 40 43
16 2 5 7 8 12 17 23 28 31 32 37 39 42 44
17 0 5 7 13 15 16 18 19 21 22 26 28 32 43
18 4 6 8 12 14 17 20 22 27 30 37 38 41 47
19 1 10 13 15 17 22 24 27 30 34 36 39 42 46 47
20 2 5 9 11 18 22 27 28 31 32 44
21 3 6 7 8 9 11 13 17 25 28 29 34 36 38 39 42 45
22 6 11 13 15 17 18 19 20 29 31 33 35 37 40 41 42
23 0 1 4 8 11 16 36 37 39 41 44 47
24 3 6 8 9 13 19 25 34 43 44
25 0 2 21 24 29 33 42
26 0 4 5 6 10 11 17 35 40 46
27 5 8 9 11 13 14 18 19 20 29 30 33 41 42 44 45
28 0 1 2 3 4 5 9 16 17 20 21 30 37 38 41
29 0 1 7 8 12 21 22 25 27 30 31 37
30 3 5 18 19 27 28 29 38 40 45 47
31 6 10 11 12 13 16 20 22 29 33 42 43 44
32 1 6 10 11 13 14 15 16 17 20 33 42 45
33 3 13 14 22 25 27 31 32 36 42 43 46
34 2 5 7 12 19 21 24 37 43 47
35 4 5 7 9 10 22 26 44 45 46
36 2 5 6 7 8 15 19 21 23 33 38 39 40 43 46
37 0 3 7 13 16 18 22 23 28 29 34 38 39 43 44 45
38 3 6 7 8 12 15 18 21 28 30 36 37 47
39 0 1 7 10 13 15 16 19 21 23 36 37 42 43
40 2 3 7 10 15 22 26 30 36 42
41 3 4 6 11 12 18 22 23 27 28 46 47
42 9 10 16 19 21 22 25 27 31 32 33 39 40 45 46
43 5 12 13 15 17 24 31 33 34 36 37 39
44 0 6 7 8 16 20 23 24 27 31 35 37
45 5 6 11 13 21 27 30 32 35 37 42
46 1 4 5 7 8 19 26 33 35 36 41 42 47
47 2 5 7 13 18 19 23 30 34 38 41 46
