189 2828
0 14 26 27 29 32 45 52 63 73 80 82 101 103 106 107 108 109 121 128 133 135 137 142 146 160 173 179 182 188
1 9 21 44 52 63 66 75 94 104 106 109 116 121 122 125 127 128 145 147 166 169 177 186
2 7 25 39 50 51 54 56 60 63 71 82 86 91 95 123 124 135 137 141 146 149 153 161 163 171 172 173 178 183 184
3 10 30 31 35 37 60 63 70 77 79 81 87 94 98 99 103 114 121 123 124 130 132 133 136 138 139 144 148 149 151 162 167 172 177 182
4 11 15 19 27 30 51 54 56 59 68 70 72 75 83 84 125 127 132 139 151 157 165 168 169 173 178 183 186
5 9 14 17 33 34 50 52 56 61 76 80 83 86 87 93 105 116 120 131 136 143 145 167 172 174 176 187
6 7 8 15 18 26 41 45 55 70 78 87 93 95 101 103 106 110 115 118 129 142 148 163 169 182
7 2 6 16 31 36 38 42 50 58 70 71 72 75 81 84 85 87 89 92 97 98 100 103 128 136 147 151 158 161 172 184 185
8 6 23 30 32 33 38 39 40 41 47 48 50 53 66 69 72 87 93 108 110 122 123 128 137 138 147 156
9 1 5 10 19 25 33 41 42 48 49 52 53 58 59 60 61 71 72 76 78 80 88 93 94 102 107 111 128 137 152 161 172 173 174 178 180 181 184 185 186 188
10 3 9 17 29 35 38 40 51 59 76 79 93 99 101 103 110 116 144 145 164 169 170 175 176
11 4 17 21 28 29 32 34 52 53 56 79 82 85 89 96 98 102 112 118 119 123 130 134 159 160 163 172 176 179 182 186 188
12 17 26 32 39 43 44 48 50 60 68 76 80 83 86 95 96 105 120 123 124 127 128 129 138 146 148 157 169 184 186
13 19 26 29 31 33 38 64 72 78 88 92 96 100 115 137 144 145 151 157 179 181 184
14 0 5 18 30 37 40 47 51 55 65 101 105 111 113 114 118 120 147 153 158 164 168 181 186
15 4 6 20 23 26 34 41 45 46 50 52 53 54 69 78 80 93 99 107 111 113 122 123 132 133 135 138 145 152 165 166 171 172 176 177 179 185
16 7 19 24 32 37 39 40 45 51 52 59 63 64 82 83 89 91 95 105 114 118 121 128 136 156 172 173 175 183 184 188
17 5 10 11 12 18 24 26 31 36 39 55 70 77 79 88 89 96 110 115 124 128 137 140 150 153 160 162 175 186
18 6 14 17 25 29 30 42 49 59 61 68 72 76 81 84 85 88 92 97 102 109 114 116 118 140 141 146 147 151 161 163 164 177 178 179 183 185
19 4 9 13 16 23 26 41 46 48 65 66 72 73 82 84 87 96 113 115 129 138 139 140 149 164 174 181 183 185 187
20 15 31 32 43 47 55 71 79 80 87 91 92 93 97 109 110 116 124 129 132 144 145 172 178 181 182 185 187
21 1 11 30 37 41 46 49 59 68 79 93 103 105 107 109 126 132 141 155 164 181 183
22 40 41 44 46 48 64 68 73 74 75 87 95 99 116 118 122 130 136 147 150 158 162 171 178 186 188
23 8 15 19 25 35 37 48 53 60 62 79 80 82 83 84 86 88 110 122 124 125 130 132 144 145 155 165 166 171 177 180 181 182 184
24 16 17 26 48 54 68 75 83 84 86 87 88 90 111 116 117 127 131 138 140 143 147 161 172 174 176 184 188
25 2 9 18 23 44 53 54 56 65 74 78 85 88 90 98 104 105 113 122 124 131 136 158 166 167 170 174
26 0 6 12 13 15 17 19 24 62 64 70 74 78 79 80 81 82 90 101 102 115 128 130 135 148 152 160 163 164 166 168 175 181 187
27 0 4 34 38 39 46 62 64 73 79 80 89 90 93 96 105 109 113 114 127 130 139 142 154 160 169 176 180 183 185
28 11 56 62 66 80 84 86 91 99 108 110 111 123 128 136 137 139 146 149 161 173 179 182
29 0 10 11 13 18 30 31 36 39 40 41 44 48 55 62 66 67 73 86 90 91 97 113 116 118 124 132 133 142 158 165 168 183 184
30 3 4 8 14 18 21 29 42 45 51 52 58 72 77 79 81 84 92 97 100 102 112 114 115 116 129 137 138 147 149 150 159 168
31 3 7 13 17 20 29 32 41 46 52 53 59 64 68 81 94 99 103 105 107 108 111 113 114 126 134 143 157 158 160 167 171 184 187
32 0 8 11 12 16 20 31 33 42 43 58 62 84 86 103 104 118 124 128 132 143 155 159 175
33 5 8 9 13 32 47 52 53 58 72 78 79 83 90 97 98 102 105 107 109 113 129 139 146 153 154 155 158 160 164 171 175 178 179 182
34 5 11 15 27 39 43 64 67 75 76 79 86 90 92 94 111 122 126 131 137 149 160 165 169 170 173 176 181
35 3 10 23 36 40 45 49 56 84 91 99 101 120 121 130 138 140 147 152 159 160 162 169 170 173 177 178 182 184
36 7 17 29 35 37 41 44 52 53 56 60 70 73 82 88 93 96 126 133 139 146 148 162 165 167 175 180 188
37 3 14 16 21 23 36 46 48 53 61 93 96 101 107 113 118 122 123 128 129 132 135 136 141 150 151 163 164 166 170 171 179 187
38 7 8 10 13 27 54 64 65 70 84 99 103 104 112 116 130 146 150 153 155 168 172 173 175 179 184 185
39 2 8 12 16 17 27 29 34 40 43 44 46 49 51 53 55 56 79 81 85 88 97 111 118 125 129 130 132 147 154 173 175 186
40 8 10 14 16 22 29 35 39 42 45 55 59 63 66 71 72 76 80 88 90 92 97 98 103 104 117 125 136 139 149 151 160 181 184
41 6 8 9 15 19 21 22 29 31 36 46 53 57 60 71 72 77 80 82 85 86 88 95 100 105 114 115 116 126 131 143 150 157 166 172 177 180 183 187
42 7 9 18 30 32 40 47 51 54 59 60 78 91 92 97 102 109 111 127 132 140 141 143 155 163 182
43 12 20 32 34 39 47 60 66 75 76 80 87 92 102 131 148 177 180
44 1 12 22 25 29 36 39 50 52 56 64 69 72 77 78 80 86 93 99 107 152 154 163 165 171 178 180 181 183 184 185
45 0 6 15 16 30 35 40 61 62 65 74 75 83 84 94 98 114 122 124 129 134 135 140 141 155 156 179 180 185 186
46 15 19 21 22 27 31 37 39 41 58 71 74 76 82 90 94 101 103 109 117 124 128 129 133 139 141 145 154 156 181
47 8 14 20 33 42 43 55 56 61 66 69 72 75 84 85 93 98 99 107 111 113 123 139 145 151 164 170 173
48 8 9 12 19 22 23 24 29 37 49 50 57 68 83 88 127 131 144 145 148 155 174 176 178 180 183 187
49 9 18 21 35 39 48 52 53 55 56 75 79 80 88 97 103 119 125 129 136 137 157 164 170 173 179 181 183
50 2 5 7 8 12 15 44 48 51 62 72 79 83 88 89 103 104 116 117 126 140 143 149 151 156 161 173 174 178
51 2 4 10 14 16 30 39 42 50 59 60 71 72 80 82 92 98 107 108 111 118 120 122 133 148 161 178 182 184
52 0 1 5 9 11 15 16 30 31 33 36 44 49 63 66 69 88 117 119 134 139 140 143 166 171 179 185 187
53 8 9 11 15 23 25 31 33 36 37 39 41 49 57 60 63 64 77 84 89 91 92 93 100 110 117 118 119 120 123 125 131 152 158 170 171 179 180 181 183
54 2 4 15 24 25 38 42 68 69 74 86 87 92 99 113 115 117 123 126 128 133 135 140 143 150 153 166 176 182 186
55 6 14 17 20 29 39 40 47 49 57 63 76 80 83 91 99 106 114 118 127 129 131 134 154 159 161 164 176 178 181 182
56 2 4 5 11 25 28 35 36 39 44 47 49 66 75 79 86 88 90 93 95 104 110 115 116 123 140 141 142 150 155 158 164 171 182 188
57 41 48 53 55 75 76 77 78 86 87 91 94 97 98 113 115 118 120 122 124 132 140 145 148 153 160 161 168 173 178 179 182
58 7 9 30 32 33 46 73 78 80 87 91 92 94 123 130 131 145 150 151 159 160 165 169 180 183 184 188
59 4 9 10 16 18 21 31 40 42 51 63 76 77 78 81 82 84 103 105 107 114 119 120 144 149 150 151 163 166 174 176 184
60 2 3 9 12 23 36 41 42 43 51 53 63 69 82 88 97 98 101 102 105 112 121 128 133 143 154 160 174 175 176 178
61 5 9 18 37 45 47 74 89 107 111 113 116 118 121 129 139 145 148 152 156 159 161 162 163 167 169 174 180 181 185 186
62 23 26 27 28 29 32 45 50 69 80 85 96 102 110 111 112 122 126 127 137 150 156 159 163 165 167 170
63 0 1 2 3 16 40 52 53 55 59 60 64 75 82 83 97 99 106 113 118 119 121 124 131 138 145 159 165 170 177
64 13 16 22 26 27 31 34 38 44 53 63 83 91 97 105 107 111 114 129 138 142 143 145 149 165 167 174 175 179 183 186 187
65 14 19 25 38 45 72 78 84 90 96 100 101 104 106 107 126 133 137 138 147 150 153 161 168 173 174
66 1 8 19 28 29 40 43 47 52 56 73 79 82 84 87 88 90 93 103 106 108 111 114 120 124 125 129 135 139 141 148 151 153 160 170 175 178 183
67 29 34 70 79 90 93 101 111 114 133 138 142 156 164 165 170 173
68 4 12 18 21 22 24 31 48 54 70 83 84 92 123 127 128 144 150 152 154 173 178 181 182 186
69 8 15 44 47 52 54 60 62 72 77 82 90 118 138 142 143 156 164 174 187
70 3 4 6 7 17 26 36 38 67 68 79 82 94 98 110 114 117 119 128 129 133 140 143 187 188
71 2 7 9 20 40 41 46 51 75 76 86 89 93 110 111 115 123 128 133 135 137 138 147 157 162 167
72 4 7 8 9 13 18 19 30 33 40 41 44 47 50 51 65 69 73 95 125 142 150 153 156 168 180 188
73 0 19 22 27 29 36 58 66 72 77 85 94 102 103 104 108 111 118 123 130 131 133 140 141 155 169 172 175 177 183 185
74 22 25 26 45 46 54 61 77 78 93 94 103 109 111 129 146 149 156 158 164 169 173 179 181 183 185
75 1 4 7 22 24 34 43 45 47 49 56 57 63 71 77 78 81 87 92 94 97 106 108 126 131 134 141 142 147 152 154 155 159 172 173 174
76 5 9 10 12 18 34 40 43 46 55 57 59 71 95 99 100 101 112 114 124 125 148 156 165 169 173 177
77 3 17 30 41 44 53 57 59 69 73 74 75 81 82 85 87 89 98 99 103 104 110 113 117 124 145 146 147 150 156 174 178 185 188
78 6 9 13 15 25 26 33 42 44 57 58 59 65 74 75 85 86 87 89 103 111 127 149 154 160 172 174 177
79 3 10 11 17 20 21 23 26 27 30 33 34 39 49 50 56 66 67 70 86 92 110 112 121 124 131 158 161 162 165 169 175 176 185 187
80 0 5 9 12 15 20 23 26 27 28 40 41 43 44 49 51 55 58 62 81 83 84 92 93 97 101 117 118 122 125 128 136 157 160 161 168 170 177 186
81 3 7 18 26 30 31 39 59 75 77 80 83 91 109 123 126 131 134 156 158 160 166 177
82 0 2 11 16 19 23 26 36 41 46 51 59 60 63 66 69 70 77 86 94 96 99 105 116 123 127 128 143 145 156 162 165 173 183 186 187
83 4 5 12 16 23 24 33 45 48 50 55 63 64 68 80 81 85 92 94 98 101 102 117 121 128 131 133 148 155 159 160 165 181 183 187
84 4 7 18 19 23 24 28 30 32 35 38 45 47 53 59 65 66 68 80 101 109 110 114 121 124 134 139 140 142 145 151 152 156 187
85 7 11 18 25 39 41 47 62 73 77 78 83 93 97 110 120 121 122 123 136 138 139 143 144 145 148 155 162 178 180 182
86 2 5 12 23 24 28 29 32 34 41 44 54 56 57 71 78 79 82 94 95 96 97 101 121 124 139 152 155 160 169 186 187
87 3 5 6 7 8 19 20 22 24 43 54 57 58 66 75 77 78 95 111 115 116 126 133 139 145 146 147 157 177 179 183 186
88 9 13 17 18 23 24 25 36 39 40 41 48 49 50 52 56 60 66 101 107 125 138 140 141 146 152 155 159 163 178
89 7 11 16 17 27 50 53 61 71 77 78 105 107 110 112 121 154 156 160 161 167 179 184 186 188
90 24 25 26 27 29 33 34 40 46 56 65 66 67 69 108 110 115 116 119 121 125 133 148 173 178 181 186
91 2 16 20 28 29 35 42 53 55 57 58 64 81 96 98 99 101 111 117 120 133 139 144 146 153 155 157 160 176 180 188
92 7 13 18 20 30 34 40 42 43 51 53 54 58 68 75 79 80 83 93 111 114 122 149 152 160 165 166 171 178 184 186
93 5 6 8 9 10 15 20 21 27 36 37 44 47 53 56 66 67 71 74 80 85 92 100 103 113 129 131 132 137 141 144 145 155 157 158 167 176
94 1 3 9 31 34 45 46 57 58 70 73 74 75 82 83 86 106 109 111 112 113 117 119 123 127 129 130 131 137 141 142 146 152 156 158 163 171
95 2 6 12 16 22 41 56 72 76 86 87 107 109 111 114 120 132 143 148 153 157 166 174 178 179 184 188
96 11 12 13 17 19 27 36 37 62 65 82 86 91 103 108 110 119 122 132 133 136 147 150 156 158 159 168 169 176 178 184 186
97 7 18 20 29 30 33 39 40 42 49 57 60 63 64 75 80 85 86 99 114 115 118 135 138 143 148 158 160 163 166 182 185
98 3 7 11 25 33 40 45 47 51 57 60 70 77 83 91 109 112 113 115 119 122 129 131 136 140 142 153 157 159 162 166 181 187
99 3 10 15 22 28 31 35 38 44 47 54 55 63 76 77 82 91 97 110 122 123 133 136 137 145 154 158 166 179 184
100 7 13 30 41 53 65 76 93 101 110 112 120 121 151 170 171 187
101 0 6 10 14 26 35 37 46 60 65 67 76 80 83 84 86 88 91 100 104 115 117 120 128 145 156 162 169 178 181 183 187 188
102 9 11 18 26 30 33 42 43 60 62 73 83 111 117 128 129 132 134 135 144 146 155 176 185
103 0 3 6 7 10 21 31 32 38 40 46 49 50 59 66 73 74 77 78 93 96 112 114 139 145 155 162 164 168 179 181 182 183
104 1 25 32 38 40 50 56 65 73 77 101 111 112 126 144 147 161 163 165 168 171 175 185 186 187 188
105 5 12 14 16 21 25 27 31 33 41 59 60 64 82 89 126 128 129 135 142 159 162 167 170 182
106 0 1 6 55 63 65 66 75 94 121 132 150 151 157 177 186
107 0 9 15 21 31 33 37 44 47 51 59 61 64 65 88 89 95 109 124 143 147 150 177 185 188
108 0 8 28 31 51 66 73 75 90 96 114 115 117 121 128 129 131 138 148 149 152 153 160 166 169 172
109 0 1 18 20 21 27 33 42 46 74 81 84 94 95 98 107 134 136 141 143 149 152 155 158 170 188
110 6 8 10 17 20 23 28 53 56 62 70 71 77 79 84 85 89 90 96 99 100 115 117 120 124 127 132 141 149 159 173 177 181 183
111 9 14 15 24 28 31 34 39 42 47 51 61 62 64 66 67 71 73 74 78 87 91 92 94 95 102 104 115 118 120 122 124 125 129 130 138 148 153 164 169 171 177 181 185 186
112 11 30 38 60 62 76 79 89 94 98 100 103 104 114 128 144 147 162 171 172 173 174 175 181 183
113 14 15 19 25 27 29 31 33 37 47 54 57 61 63 77 93 94 98 116 118 123 126 133 139 143 147 161 164 168 171 174
114 3 14 16 18 27 30 31 41 45 55 59 64 66 67 70 76 84 92 95 97 103 108 112 118 125 140 146 147 157 165 174 181 183 185 187
115 6 13 17 19 26 30 41 54 56 57 71 87 90 97 98 101 108 110 111 116 118 121 133 137 141 155 173 174 175 178 179 185
116 1 5 10 18 20 22 24 29 30 38 41 50 56 61 82 87 90 113 115 143 144 154 155 160 165 168 170 183 185
117 24 40 46 50 52 53 54 70 77 80 83 91 94 101 102 108 110 119 126 128 129 135 141 143 145 150 155 157 158 182 186
118 6 11 14 16 18 22 29 32 37 39 51 53 55 57 61 63 69 73 80 97 111 113 114 115 124 134 141 146 161 166 169 178 179 187
119 11 49 52 53 59 63 70 90 94 96 98 117 120 121 126 130 135 143 146 148 153 165 166 173 179
120 5 12 14 35 51 53 57 59 66 85 91 95 100 101 110 111 119 126 130 134 150 157 159 160 163 174
121 0 1 3 16 35 60 61 63 79 83 84 85 86 89 90 100 106 108 115 119 128 139 143 153 160 161 168 169 172 175 188
122 1 8 15 22 23 25 34 37 45 51 57 62 80 85 92 96 98 99 111 140 143 144 150 162 163 164 168 172 183
123 2 3 8 11 12 15 28 37 47 53 54 56 58 68 71 73 81 82 85 94 99 113 125 130 135 141 146 150 162 167 168 171 181 186
124 2 3 12 17 20 23 25 29 32 45 46 57 63 66 76 77 79 84 86 107 110 111 118 139 149 158 161 162 163 165 171 184
125 1 4 23 39 40 49 53 66 72 76 80 88 90 111 114 123 137 141 150 157 158 162 169 176 179 185
126 21 31 34 36 41 50 54 62 65 75 81 87 104 105 113 117 119 120 134 140 141 147 148 152 153 162 166 167 169 176 181 183
127 1 4 12 24 27 42 48 55 62 68 78 82 94 110 136 142 144 145 153 154 157 161 180 183 184 187
128 0 1 7 8 9 12 16 17 26 28 32 37 46 54 60 68 70 71 80 82 83 101 102 105 108 112 117 121 132 134 158 159 165 167 175 185
129 6 12 19 20 30 33 37 39 45 46 49 55 61 64 66 70 74 93 94 98 102 105 108 111 117 133 134 139 140 141 146 151 159 175 176 177 179 183 184
130 3 11 22 23 26 27 35 38 39 58 73 94 111 119 120 123 136 147 149 150 153 158 168 176 178 184 186 187
131 5 24 25 34 41 43 48 53 55 58 63 73 75 79 81 83 93 94 98 108 145 169 176 178
132 3 4 15 20 21 23 29 32 37 39 42 57 93 95 96 102 106 110 128 145 149 159 165 171 181 182 188
133 0 3 15 29 36 46 51 54 60 65 67 70 71 73 83 87 90 91 96 99 113 115 129 135 140 144 146 159 175 179 186
134 11 31 45 52 55 75 81 84 102 109 118 120 126 128 129 145 146 159 172 178 182 188
135 0 2 15 26 37 45 54 66 71 97 102 105 117 119 123 133 139 141 142 167 171 184 185 187
136 3 5 7 16 22 25 28 37 40 49 80 85 96 98 99 109 127 130 141 151 153 154 155 161 164 168 184
137 0 2 8 9 13 17 28 30 34 49 62 65 71 93 94 99 115 125 138 140 150 155 156 161 163 164
138 3 8 12 15 19 24 30 35 63 64 65 67 69 71 85 88 97 108 111 137 142 146 147 152 159 160 162 164 170 176 177 181 183 185
139 3 4 19 27 28 33 36 40 46 47 52 61 66 84 85 86 87 91 103 113 121 124 129 135 147 153 166 173 174 186
140 17 18 19 24 35 42 45 50 52 54 56 57 70 73 84 88 98 114 122 126 129 133 137 142 155 156 163 166 172 174 182 185
141 2 18 21 37 42 45 46 56 66 73 75 88 93 94 109 110 115 117 118 123 125 126 129 135 136 143 150 170 171 181 183
142 0 6 27 29 56 64 67 69 72 75 84 94 98 105 127 135 138 140 168 172 173 174 182 183 187
143 5 24 31 32 41 42 50 52 54 60 64 69 70 82 85 95 97 107 109 113 116 117 119 121 122 141 149 155 157 159 165 173 181 187
144 3 10 13 20 23 48 59 68 85 91 93 102 104 112 116 122 127 133 149 150 161 177 182
145 1 5 10 13 15 20 23 46 47 48 57 58 61 63 64 77 82 84 85 87 93 99 101 103 117 127 131 132 134 151 162 164 170 172 178 183
146 0 2 12 18 28 33 36 38 74 77 87 88 91 94 102 114 118 119 123 129 133 134 138 151 153 154 156 169
147 1 7 8 14 18 22 24 30 35 39 65 71 75 77 87 96 104 107 112 113 114 126 130 138 139 148 149 154 156 161 163 165 170 176 177 178 180
148 3 6 12 26 36 43 48 51 57 61 66 76 83 85 90 95 97 108 111 119 126 147 162 165 166 171 172 173 186
149 2 3 19 28 30 34 40 50 59 64 74 78 92 108 109 110 124 130 132 143 144 147 150 152 153 156 159 187
150 17 22 30 37 38 41 54 56 58 59 62 65 68 72 77 96 106 107 117 120 122 123 125 130 137 141 144 149 157 167
151 3 4 7 13 18 37 40 47 50 58 59 66 84 100 106 129 136 145 146 152 160 161 169 174 179 182 183 187
152 9 15 26 35 44 53 61 68 75 84 86 88 92 94 108 109 126 138 149 151 153 161 167 169 170 171 172 174 183 186 187
153 2 14 17 33 38 54 57 65 66 72 91 95 98 108 111 119 121 126 127 130 136 139 146 149 152 170 176 180 182 185
154 27 33 39 44 46 55 60 68 75 78 89 99 116 127 136 146 147 165 172 178 180 188
155 21 23 32 33 38 42 45 48 56 73 75 83 85 86 88 91 93 102 103 109 115 116 117 136 137 140 143 157 158 159 163 168 171 173 181 184
156 8 16 45 46 50 61 62 67 69 72 74 76 77 81 82 84 89 94 96 101 137 140 146 147 149 158 162 167 179 188
157 4 12 13 31 41 49 71 80 87 91 93 95 98 106 114 117 120 125 127 143 150 155 183
158 7 14 22 25 29 31 33 53 56 74 79 81 93 94 96 97 99 109 117 124 125 128 130 155 156 160 161 168 182 187 188
159 11 30 32 35 55 58 61 62 63 75 83 88 96 98 105 110 120 128 129 132 133 134 138 143 149 155 169 173 181 182 186 187
160 0 11 17 26 27 31 33 34 35 40 57 58 60 66 78 80 81 83 86 89 91 92 97 108 116 120 121 138 151 158 161 163 179
161 2 7 9 18 24 28 50 51 55 57 61 65 79 80 89 104 113 118 121 124 127 136 137 144 147 151 152 158 160 165 173 179 184 188
162 3 17 22 35 36 61 71 79 82 85 98 101 103 105 112 122 123 124 125 126 138 145 148 156 165 174 178
163 2 6 11 18 26 37 42 44 59 61 62 88 94 97 104 120 122 124 137 140 147 155 160 165 169 172 182 183 187
164 10 14 18 19 21 26 33 37 47 49 55 56 67 69 74 103 111 113 122 136 137 138 145 167 168 169 181 182
165 4 15 23 29 34 36 44 58 62 63 64 67 76 79 82 83 92 104 114 116 119 124 128 132 143 147 148 154 161 162 163 177
166 1 15 23 25 26 37 41 52 54 59 81 92 95 97 98 99 108 118 119 126 139 140 148 168 171
167 3 5 25 31 36 61 62 64 71 89 93 105 123 126 128 135 150 152 156 164 169 185
168 4 14 26 29 30 38 57 65 72 80 96 103 104 113 116 121 122 123 130 136 142 155 158 164 166 176 178 180
169 1 4 6 10 12 27 34 35 58 61 73 74 76 79 86 96 101 108 111 118 121 125 126 131 146 151 152 159 163 164 167 186
170 10 25 34 35 37 47 49 53 62 63 66 67 80 100 105 109 116 138 141 145 147 152 153 171 177 184 186
171 2 15 22 23 31 33 37 44 52 53 56 92 94 100 104 111 112 113 123 124 132 135 141 148 152 155 166 170 175 178 183
172 2 3 5 7 9 11 15 16 20 24 38 41 73 75 78 108 112 121 122 134 140 142 145 148 152 154 163 180 182 186 187
173 0 2 4 9 16 28 34 35 38 39 47 49 50 57 65 67 68 74 75 76 82 90 110 112 115 119 139 142 143 148 155 159 161 174 176 177 184 188
174 5 9 19 24 25 48 50 59 60 61 64 65 69 75 77 78 95 112 113 114 115 120 139 140 142 151 152 162 173 178 179 185 186
175 10 16 17 26 32 33 36 38 39 60 64 66 73 79 104 112 115 121 128 129 133 171
176 5 10 11 15 24 27 34 48 54 55 59 60 79 91 93 96 102 125 126 129 130 131 138 147 153 168 173 177 178
177 1 3 15 18 23 35 41 43 63 73 76 78 80 81 87 106 107 110 111 129 138 144 147 165 170 173 176 178 179 180
178 2 4 9 18 20 22 33 35 44 48 50 51 55 57 60 66 68 77 85 88 90 92 95 96 101 115 118 130 131 134 145 147 154 162 168 171 174 176 177 180 184
179 0 11 13 15 18 28 33 37 38 45 49 52 53 57 64 74 87 89 95 99 103 115 118 119 125 129 133 151 156 160 161 174 177 181 182 186
180 9 23 27 36 41 43 44 45 48 53 58 61 72 85 91 127 147 153 154 168 172 177 178
181 9 13 14 19 20 21 23 26 34 40 44 46 49 53 55 61 68 74 83 90 98 101 103 110 111 112 114 123 126 132 138 141 143 155 159 164 179
182 0 3 6 11 20 23 28 33 35 42 51 54 55 56 57 68 85 97 103 105 117 132 134 140 142 144 151 153 158 159 163 164 172 179
183 2 4 16 18 19 21 27 29 41 44 48 49 53 58 64 66 73 74 82 83 87 101 103 110 112 114 116 122 126 127 129 138 141 142 145 151 152 157 163 171
184 2 7 9 12 13 16 23 24 29 31 35 38 40 44 51 58 59 89 92 95 96 99 124 127 129 130 135 136 155 161 170 173 178
185 7 9 15 18 19 20 27 38 44 45 52 61 73 74 77 79 97 102 104 107 111 114 115 116 125 128 135 138 140 153 167 174 187
186 1 4 9 11 12 14 17 22 39 45 54 61 64 68 80 82 86 87 89 90 92 96 104 106 111 117 123 130 133 139 148 152 159 169 170 172 174 179 188
187 5 19 20 26 31 37 41 48 52 64 69 70 79 82 83 84 86 98 100 101 104 114 118 127 130 135 142 143 149 151 152 158 159 163 172 185
188 0 9 11 16 22 24 36 56 58 70 72 77 89 91 95 101 104 107 109 121 132 134 154 156 158 161 173 186
