120 1440
0 1 7 10 13 18 19 20 35 37 38 44 48 50 54 56 60 71 74 75 76 82 91 93 111 114 116 118
1 0 2 5 21 40 42 45 57 67 68 70 72 84 98 100 105 108 117
2 1 10 14 15 19 20 24 27 39 49 56 57 59 67 82 88 92 93 98 103 107
3 12 13 18 39 40 41 44 46 57 66 69 71 73 75 91 106 112
4 10 15 21 27 30 35 36 47 51 55 61 62 68 72 76 79 81 92 97 99 101 102 107 109
5 1 12 17 18 20 25 27 34 37 40 48 52 72 92 105 108 114 116
6 11 12 14 17 20 21 26 29 47 52 56 59 60 62 63 69 79 84 85 88 99 103 104 108 111 113
7 0 8 11 15 29 43 44 46 47 51 57 58 60 64 66 79 80 91 94 100 110 112 118 119
8 7 13 15 27 34 41 47 58 64 68 73 81 82 83 88 108 109 110 112
9 10 11 13 14 20 23 31 35 36 39 42 47 48 57 61 63 68 71 74 80 81 87 99 104 105 113 115 116 119
10 0 2 4 9 18 19 21 31 32 36 43 54 57 58 64 81 82 83 89 92 97 98 99 103 113
11 6 7 9 13 20 22 23 32 39 43 46 48 50 52 56 60 61 74 77 78 81 87 88 96 103 107
12 3 5 6 20 23 24 31 44 47 53 64 70 75 81 89 91 94 95 98 99 106
13 0 3 8 9 11 21 22 29 35 37 39 41 46 55 69 70 72 75 77 79 91 98 104 109
14 2 6 9 19 20 23 28 41 44 49 50 54 58 61 69 74 80 84 88 92 100 104 109
15 2 4 7 8 17 20 21 25 31 35 40 41 56 57 60 62 64 69 77 82 83 85 89 104 105 106 108 117
16 17 20 29 35 46 49 50 52 54 60 62 71 72 73 80 82 97 98 100 102 107 110 111 112 115 118
17 5 6 15 16 19 20 21 22 26 33 34 37 38 40 44 46 56 63 70 87 97 98 100 102 105 106 108 113
18 0 3 5 10 21 22 24 28 29 36 40 46 54 55 58 59 61 63 64 84 85 86 89 97 98 99 102
19 0 2 10 14 17 27 31 33 38 41 45 50 51 54 55 59 61 64 76 80 83 85 99 100 102 109 111 112
20 0 2 5 6 9 11 12 14 15 16 17 38 46 63 65 72 76 77 78 87 89 96 100 103 105 106 109 113 115 116 119
21 1 4 6 10 13 15 17 18 23 29 34 35 40 41 44 47 48 50 59 60 66 67 76 85 94 96 97 98 100 111 112 115 119
22 11 13 17 18 41 46 48 62 63 65 74 77 79 83 90 94 100 106 109 112
23 9 11 12 14 21 25 33 35 38 40 41 53 55 61 62 63 67 69 71 74 81 83 88 92 93 102 110 113 118
24 2 12 18 30 34 48 51 52 60 63 80 89 91 92 98 103 106 109 114
25 5 15 23 29 47 49 51 55 66 67 75 76 77 78 83 91 97 99 100 101 104 106 108 113 114 117
26 6 17 29 34 37 39 40 43 50 51 54 56 63 74 76 78 82 87 89 92 96 106 107 119
27 2 4 5 8 19 32 33 35 47 61 66 67 69 70 71 76 83 85 87 96 100 103 108 109 115 119
28 14 18 35 38 42 57 59 62 65 84 91 93 95 103 108 109 114 117
29 6 7 13 16 18 21 25 26 31 35 37 40 48 49 55 61 67 74 78 88 94 100 109
30 4 24 33 53 55 59 62 64 72 73 76 77 80 81 82 93 96 97 98 106 111 113 115
31 9 10 12 15 19 29 33 35 37 38 50 61 67 72 74 85 95 101 104
32 10 11 27 33 40 44 62 64 66 67 76 77 82 87 90 92 93 96 99 103 107 114 116 118
33 17 19 23 27 30 31 32 36 40 41 50 65 74 77 79 85 88 90 93 94 100 102 114 115 117
34 5 8 17 21 24 26 43 44 48 58 61 62 64 68 70 71 74 75 84 87 105 110 112 114
35 0 4 9 13 15 16 21 23 27 28 29 31 46 49 50 53 56 60 62 70 71 72 79 92 96 102 105
36 4 9 10 18 33 54 58 60 67 71 72 81 88 89 90 95 97 102 108 109
37 0 5 13 17 26 29 31 40 42 55 57 59 82 83 87 89 92 93 94 109 112 113 115
38 0 17 19 20 23 28 31 43 53 54 56 57 60 72 74 76 78 81 82 83 91 96 100 101 107 116 118
39 2 3 9 11 13 26 40 41 43 51 54 57 60 65 67 81 83 86 87 88 105 106 107 108 112 117
40 1 3 5 15 17 18 21 23 26 29 32 33 37 39 41 46 47 49 53 55 56 80 86 88 91 103 113 114
41 3 8 13 14 15 19 21 22 23 33 39 40 45 52 66 68 80 95 98 108 113
42 1 9 28 37 44 48 55 56 63 73 78 81 94 102 110 112 113 114 115 116 119
43 7 10 11 26 34 38 39 52 61 62 66 70 79 82 90 105 109 116 117
44 0 3 7 12 14 17 21 32 34 42 47 56 58 59 69 77 81 83 91 100 101 106 109 117
45 1 19 41 51 64 71 72 76 84 86 96 97 103 110
46 3 7 11 13 16 17 18 20 22 35 40 48 51 54 57 65 68 71 76 81 82 86 91 94 102 103 104 106 109
47 4 6 7 8 9 12 21 25 27 40 44 48 52 63 65 68 69 73 82 87 89 92 104
48 0 5 9 11 21 22 24 29 34 42 46 47 50 53 56 68 80 81 89 93 104 105 109 110 112 114
49 2 14 16 25 29 35 40 51 56 57 59 61 65 70 82 87 91 94 95 103 110 118 119
50 0 11 14 16 19 21 26 31 33 35 48 52 56 59 63 64 71 85 93 94 98 102 106 108
51 4 7 19 24 25 26 39 45 46 49 62 63 64 66 78 80 85 97 119
52 5 6 11 16 24 41 43 47 50 54 68 69 84 86 89 97 99 100 102 110 116
53 12 23 30 35 38 40 48 64 65 66 67 75 77 81 87 91 92 99 106 107 110 114 115 116
54 0 10 14 16 18 19 26 36 38 39 46 52 62 63 68 72 73 74 75 76 80 83 87 88 97 104 106 114 115 117
55 4 13 18 19 23 25 29 30 37 40 42 59 61 64 68 78 97 102 104 110 111
56 0 2 6 11 15 17 26 35 38 40 42 44 48 49 50 61 71 72 75 76 84 98 115 116
57 1 2 3 7 9 10 15 28 37 38 39 46 49 71 74 77 81 84 94 97 101 115 116
58 7 8 10 14 18 34 36 44 67 71 74 79 82 83 85 86 89 93 96 110 112 115 117
59 2 6 18 19 21 28 30 37 44 49 50 55 71 75 78 84 93 98 99 115 117
60 0 6 7 11 15 16 21 24 35 36 38 39 62 79 90 91 92 94 111 112 119
61 4 9 11 14 18 19 23 27 29 31 34 43 49 55 56 63 70 72 79 86 93 94 105 108
62 4 6 15 16 22 23 28 30 32 34 35 43 51 54 60 63 65 69 83 93 95 104 105 106 109 113 118 119
63 6 9 17 18 20 22 23 24 26 42 47 50 51 54 61 62 73 74 91 92 105 114 116 119
64 7 8 10 12 15 18 19 30 32 34 45 50 51 53 55 66 67 68 69 80 84 108 114
65 20 22 28 33 39 46 47 49 53 62 69 76 91 94 99 105 110 113 114 116
66 3 7 21 25 27 32 41 43 51 53 64 71 73 77 79 85 92 93 102 112 119
67 1 2 21 23 25 27 29 31 32 36 39 53 58 64 68 72 73 78 80 81 82 93 97 99 102 112 114
68 1 4 8 9 34 41 46 47 48 52 54 55 64 67 72 74 77 81 82 83 84 85 87 88 90 91 95 98 104 106 112 118
69 3 6 13 14 15 23 27 44 47 52 62 64 65 73 77 89 92 94 98 103 106 110 111 112 114 116
70 1 12 13 17 27 34 35 43 49 61 71 77 78 84 88 90 91 92 93 96 106 107 111
71 0 3 9 16 23 27 34 35 36 45 46 50 56 57 58 59 66 70 72 74 83 86 93 101 102 103 109 116 117
72 1 4 5 13 16 20 30 31 35 36 38 45 54 56 61 67 68 71 77 83 91 94 97 106 112
73 3 8 16 30 42 47 54 63 66 67 69 77 81 82 84 92 94 96 105 108 111 113
74 0 9 11 14 22 23 26 29 31 33 34 38 54 57 58 63 68 71 76 77 85 88 91 93 97 104 111
75 0 3 12 13 25 34 53 54 56 59 85 88 108 111 113 114 115
76 0 4 19 20 21 25 26 27 30 32 38 45 46 54 56 65 74 78 84 93 100 107 112 114 115 117 118
77 11 13 15 20 22 25 30 32 33 44 53 57 66 68 69 70 72 73 74 78 83 84 89 90 96 115
78 11 20 25 26 29 38 42 51 55 59 67 70 76 77 89 90 94 96 98 99 107 108 111
79 4 6 7 13 22 33 35 43 58 60 61 66 87 88 91 95 97 107 113 118 119
80 7 9 14 16 19 24 30 40 41 48 51 54 64 67 89 91 98 102 103 104 106 107 116 119
81 4 8 9 10 11 12 23 30 36 38 39 42 44 46 48 53 57 67 68 73 85 92 96 100 101 104 110 113 115
82 0 2 8 10 15 16 26 30 32 37 38 43 46 47 49 58 67 68 73 94 104 108 112 118
83 8 10 15 19 22 23 25 27 37 38 39 44 54 58 62 68 71 72 77 87 90 91 92 95 111 113
84 1 6 14 18 28 34 45 52 56 57 59 64 68 70 73 76 77 85 90 91 96 100 104 107 109 111
85 6 15 18 19 21 27 31 33 50 51 58 66 68 74 75 81 84 86 88 94 98 110 114
86 18 39 40 45 46 52 58 61 71 85 87 89 101 103 106 108 113
87 9 11 17 20 26 27 32 34 37 39 47 49 53 54 68 79 83 86 88 92 97 99 102 109 116
88 2 6 8 11 14 23 29 33 36 39 40 54 68 70 74 75 79 85 87 92 97 100 102 103 104 110 112 113 116 118
89 10 12 15 18 20 24 26 36 37 47 48 52 58 69 77 78 80 86 101 114
90 22 32 33 36 43 60 68 70 77 78 83 84 91 93 97 106 114 116
91 0 3 7 12 13 24 25 28 38 40 44 46 49 53 60 63 65 68 70 72 74 79 80 83 84 90 93 104 106 110 115
92 2 4 5 10 14 23 24 26 32 35 37 47 53 60 63 66 69 70 73 81 83 87 88 95 98 102 108 110 112 113 114
93 0 2 23 28 30 32 33 37 48 50 58 59 61 62 66 67 70 71 74 76 90 91 95 96 98 107
94 7 12 21 22 29 33 37 42 46 49 50 57 60 61 65 69 72 73 78 82 85 98 103 107 111 112 115
95 12 28 31 36 41 49 62 68 79 83 92 93 96 99 105 110 114
96 11 20 21 26 27 30 32 35 38 45 58 70 73 77 78 81 84 93 95 99 110 112 114
97 4 10 16 17 18 21 25 30 36 45 51 52 54 55 57 67 72 74 79 87 88 90 99 105 111
98 1 2 10 12 13 16 17 18 21 24 30 41 50 56 59 68 69 78 80 85 92 93 94 100 104 107 114 117
99 4 6 9 10 12 18 19 25 32 52 53 59 65 67 78 87 95 96 97 101 103 109 114 117
100 1 7 14 16 17 19 20 21 22 25 27 29 33 38 44 52 76 81 84 88 98 107 108 109 116
101 4 25 31 38 44 57 71 81 86 89 99 103 105 106 109
102 4 16 17 18 19 23 33 35 36 42 46 50 52 55 66 67 71 80 87 88 92 106 110 111 114 119
103 2 6 10 11 20 24 27 28 32 40 45 46 49 69 71 80 86 88 94 99 101 104 109 115 117
104 6 9 13 14 15 25 31 46 47 48 54 55 62 68 74 80 81 82 84 88 91 98 103 112 114 115 118
105 1 5 9 15 17 20 34 35 39 43 48 61 62 63 65 73 95 97 101 112 117
106 3 12 15 17 20 22 24 25 26 30 39 44 46 50 53 54 62 68 69 70 72 80 86 90 91 101 102 107 111 114
107 2 4 11 16 26 32 38 39 53 70 76 78 79 80 84 93 94 98 100 106 110 112 115
108 1 5 6 8 15 17 25 27 28 36 39 41 50 61 64 73 75 78 82 86 92 100 115
109 4 8 13 14 19 20 22 24 27 28 29 36 37 43 44 46 48 62 71 84 87 99 100 101 103 113
110 7 8 16 23 34 42 45 48 49 52 53 55 58 65 69 81 85 88 91 92 95 96 102 107
111 0 6 16 19 21 30 55 60 69 70 73 74 75 78 83 84 94 97 102 106 119
112 3 7 8 16 19 21 22 34 37 39 42 48 58 60 66 67 68 69 72 76 82 88 92 94 96 104 105 107 113 118
113 6 9 10 17 20 23 25 30 37 40 41 42 62 65 73 75 79 81 83 86 88 92 109 112 115
114 0 5 24 25 28 32 33 34 40 42 48 53 54 63 64 65 67 69 75 76 85 89 90 92 95 96 98 99 102 104 106 117 118
115 9 16 20 21 27 30 33 37 42 53 54 56 57 58 59 75 76 77 81 91 94 103 104 107 108 113
116 0 5 9 20 32 38 42 43 52 53 56 57 63 65 69 71 80 87 88 90 100 117 119
117 1 15 25 28 33 39 43 44 54 58 59 71 76 98 99 103 105 114 116
118 0 7 16 23 32 38 49 62 68 76 79 82 88 104 112 114
119 7 9 20 21 26 27 42 49 51 60 62 63 66 79 80 102 111 116
