190 3807
0 2 5 6 9 10 13 14 22 24 33 34 35 37 40 48 50 55 74 77 79 82 86 92 98 101 102 105 106 108 110 113 117 118 128 129 145 147 156 159 161 164 170 174 178 180 182 184 189
1 10 27 28 29 34 35 37 54 55 57 61 66 67 76 82 84 86 87 88 90 91 93 102 104 105 111 119 123 127 138 139 141 142 148 157 159 164 169 180 182 183 184 189
2 0 5 6 11 16 21 28 30 32 33 34 43 52 55 61 67 73 75 83 87 91 92 100 107 117 129 133 134 137 138 143 146 147 152 164 175 177 183
3 6 8 16 24 35 39 40 42 48 52 55 57 72 73 85 90 92 99 101 105 108 116 126 136 138 139 140 145 148 149 154 161 163 166 174 186 189
4 6 10 13 15 25 29 37 43 47 49 58 63 67 69 72 73 81 86 89 93 97 101 107 113 116 126 130 139 145 151 159 164 174 175 176 179 183 187
5 0 2 8 10 12 15 18 21 24 26 28 37 50 61 64 65 67 69 71 72 83 93 97 101 102 104 105 106 107 109 112 115 117 120 126 143 152 159 160 163 166 169 172 173 178
6 0 2 3 4 14 20 25 30 45 50 52 56 61 65 70 75 78 84 85 91 95 106 109 110 119 121 122 131 132 137 138 142 143 144 148 151 152 164 171 172 173 177 185 187 189
7 9 12 15 18 24 25 26 30 32 33 34 42 43 44 52 53 57 68 89 95 98 106 109 115 122 123 125 126 130 133 139 147 149 150 155 157 163 167 182 189
8 3 5 12 13 14 23 28 30 31 36 39 45 59 60 63 64 72 74 90 102 104 109 118 121 123 130 133 136 145 150 151 156 174 176 189
9 0 7 13 16 27 34 35 55 56 57 58 59 62 64 65 66 70 71 82 101 116 123 125 132 136 146 153 157 168 170 177 182 184
10 0 1 4 5 22 26 44 48 53 57 59 65 69 75 88 94 96 103 104 111 120 125 140 145 154 155 157 161 167 171 174 175 177 178 181 186
11 2 12 17 19 21 22 33 40 42 50 62 63 65 68 79 80 82 84 86 90 95 111 116 118 122 131 132 135 141 144 157 159 170 173 184
12 5 7 8 11 15 17 23 29 36 38 44 46 49 51 55 65 67 74 83 86 87 88 98 99 104 109 130 135 136 139 142 157 159 162 163 173 179 186
13 0 4 8 9 19 22 23 25 30 31 35 36 37 40 47 48 50 58 62 67 68 69 72 73 78 79 90 106 107 114 115 126 131 139 145 148 153 164 166 172 177 180 182 183 188
14 0 6 8 16 35 37 39 42 43 47 50 52 58 60 63 70 76 83 90 100 104 105 111 113 118 119 121 122 129 133 134 136 141 142 159 163 170 177 180 182 185
15 4 5 7 12 28 31 42 44 50 54 59 64 66 70 74 75 76 83 84 90 91 93 105 108 112 113 116 118 120 129 131 133 139 140 145 151 153 161 174 177 178 181 188
16 2 3 9 14 23 24 29 30 36 44 46 50 53 54 56 60 62 78 82 96 99 100 101 118 127 133 135 136 149 152 158 159 160 170 173 175 177 179 181 186 188
17 11 12 23 24 26 30 31 43 51 54 57 67 78 94 106 114 120 121 123 125 131 133 140 142 143 155 157 161 163 164 166 167 168 169 171 173 181 183
18 5 7 23 30 34 35 38 48 54 59 60 61 62 65 72 75 88 90 95 98 103 104 106 110 115 133 143 147 149 155 157 158 159 162 167 171 174 175 181 185 187
19 11 13 21 25 28 29 30 34 35 36 40 41 46 47 50 55 57 59 60 62 67 73 82 85 104 108 109 114 119 121 123 125 130 142 148 151 152 154 159 167 176 185 189
20 6 23 29 33 34 36 45 50 57 64 66 82 86 87 89 93 98 104 112 114 144 147 148 149 152 157 158 163 180 187 188
21 2 5 11 19 22 23 24 26 29 34 39 44 46 59 62 63 72 75 78 87 92 93 94 97 105 106 110 127 135 137 143 145 151 156 158 165 166 178 180 181 185 186 187
22 0 10 11 13 21 26 29 31 40 42 43 46 48 52 55 69 76 78 79 80 86 88 93 94 104 106 124 127 129 133 144 145 156 163 165 168 171 176 177 180 181 187 188
23 8 12 13 16 17 18 20 21 24 31 35 41 49 50 52 60 65 67 88 90 91 94 106 118 121 122 139 160 168 169 171 172 173 174 179
24 0 3 5 7 16 17 21 23 26 27 35 49 50 52 58 64 74 77 85 97 108 109 125 132 138 145 146 149 150 158 165 169 170 171 179 181 184 188
25 4 6 7 13 19 47 49 52 63 67 68 76 80 88 90 91 100 105 108 112 113 117 120 121 123 131 134 136 143 148 152 154 172 174 176
26 5 7 10 17 21 22 24 30 33 45 47 55 66 68 78 79 81 83 90 94 99 101 102 110 112 118 126 129 130 137 147 155 156 160 173 174 180 181 184 185 188 189
27 1 9 24 31 33 37 38 39 44 47 58 65 71 75 77 81 83 87 90 97 98 104 127 129 130 136 138 144 146 149 151 157 163 167 177 182
28 1 2 5 8 15 19 33 40 45 50 57 58 59 69 71 82 83 86 89 93 95 96 113 114 120 142 150 152 166 187
29 1 4 12 16 19 20 21 22 32 35 43 45 51 54 60 62 68 73 74 77 86 89 95 100 102 107 112 116 127 128 130 137 144 148 154 156 163 165 169 173 175 179 180 185 187 188
30 2 6 7 8 13 16 17 18 19 26 31 36 37 41 45 60 69 82 87 88 91 95 96 97 100 113 114 115 117 118 123 124 129 131 140 145 148 150 153 164 165 170 171 172 177 178 182 187
31 8 13 15 17 22 23 27 30 36 41 49 52 54 61 67 68 71 72 76 80 81 82 85 89 90 100 101 106 113 120 122 141 142 155 158 161 163 179 181 183
32 2 7 29 33 34 39 41 42 44 49 54 59 60 63 77 80 82 84 87 104 106 107 117 119 120 121 126 129 133 136 142 148 179 187 188 189
33 0 2 7 11 20 26 27 28 32 36 39 46 55 57 65 71 75 79 92 93 96 97 99 101 107 123 130 132 142 143 144 145 146 159 164 165 167 169 171 177 180 184 185
34 0 1 2 7 9 18 19 20 21 32 38 42 45 72 80 81 83 87 89 93 95 98 99 102 103 104 113 116 121 132 137 140 159 161 165 172 176 178 179 183 184 188
35 0 1 3 9 13 14 18 19 23 24 29 36 38 40 42 45 52 54 57 58 63 73 90 95 96 97 98 100 101 102 105 110 113 115 116 124 125 130 135 138 141 142 148 149 152 158 159 160 167 171 172 179 185
36 8 12 13 16 19 20 30 31 33 35 40 48 49 54 55 66 67 71 75 76 84 91 92 94 109 112 119 121 132 135 136 137 142 151 157 162 163 168 171 173 176 178 184 188
37 0 1 4 5 13 14 27 30 51 84 85 92 96 99 100 102 104 107 111 112 113 118 120 136 138 143 149 150 172 184 187 188
38 12 18 27 34 35 45 49 51 64 67 72 74 82 83 92 100 103 111 115 117 124 125 138 150 151 169 170 172 176 180 181 184
39 3 8 14 21 27 32 33 44 55 64 67 73 75 76 86 87 93 98 102 104 107 108 118 136 138 139 141 143 153 158 160 163 166 167 168 172 173 180 181 182 183
40 0 3 11 13 19 22 28 35 36 45 55 72 74 77 82 101 105 107 120 124 135 138 145 148 157 159 166 167 170 172 179
41 19 23 30 31 32 42 48 58 60 65 68 69 71 73 77 78 86 92 96 103 106 108 114 116 117 123 131 138 141 148 155 172 176 179
42 3 7 11 14 15 22 32 34 35 41 47 54 55 59 64 67 69 70 80 84 85 87 88 90 99 101 102 104 106 107 110 111 112 119 130 132 148 151 152 154 159 174 177 182 184
43 2 4 7 14 17 22 29 56 69 71 74 81 82 85 94 96 114 122 123 129 130 131 134 135 138 143 146 149 151 153 161 162 163 170 171 173 180 181 182 189
44 7 10 12 15 16 21 27 32 39 45 47 63 68 72 73 87 89 91 94 97 98 105 111 116 119 122 134 135 137 141 142 147 154 158 181 182
45 6 8 20 26 28 29 30 34 35 38 40 44 48 49 54 62 66 68 69 77 80 88 91 92 96 100 102 104 106 112 117 122 130 134 136 144 149 155 158 162 168 169 170 172 180 184 189
46 12 16 19 21 22 33 47 50 63 64 69 71 93 94 96 98 102 106 109 116 124 126 135 136 138 144 146 147 160 165 168 169 171 173 183 185
47 4 13 14 19 25 26 27 42 44 46 48 57 58 74 80 84 85 88 91 92 95 105 111 115 124 129 140 141 152 155 161 164 170 174 179 180 181 183 189
48 0 3 10 13 18 22 36 41 45 47 53 69 85 86 87 100 108 115 120 122 124 131 132 133 134 141 143 148 149 152 154 156 160 162 163 170 171 172 173 175 180
49 4 12 23 24 25 31 32 36 38 45 51 66 72 76 80 87 90 92 93 94 109 126 140 143 159 162 163 166 170 176 178 181 183 184 187 188
50 0 5 6 11 13 14 15 16 19 20 23 24 28 46 51 62 68 71 89 95 100 101 102 103 104 105 108 109 111 119 124 125 134 144 153 155 157 161 163 164 165 166 176 180 184
51 12 17 29 37 38 49 50 54 61 65 72 74 77 79 87 88 94 103 104 106 108 121 128 142 143 145 148 153 156 158 160 170 172 173 175 180 182 183 184 186
52 2 3 6 7 14 22 23 24 25 31 35 54 55 59 60 65 84 85 92 94 102 103 104 105 107 110 113 123 127 129 131 134 135 137 143 144 145 147 148 156 157 161 167 168 175 177 183 187
53 7 10 16 48 54 55 58 66 68 70 99 109 114 119 121 130 138 139 141 146 150 158 160 161 166 170 173 178 181 185 188
54 1 15 16 17 18 29 31 32 35 36 42 45 51 52 53 55 58 66 67 71 79 88 91 103 107 113 115 116 122 127 132 135 146 148 149 160 161 163 167 168 170 172 174 183 187
55 0 1 2 3 9 12 19 22 26 33 36 39 40 42 52 53 54 59 60 66 73 74 75 79 94 106 111 112 124 125 132 136 137 138 141 156 157 160 172 176 183 185 186
56 6 9 16 43 60 61 66 75 80 90 92 94 103 104 106 110 116 117 123 129 144 150 154 163 165 169 177 180 182 187
57 1 3 7 9 10 17 19 20 28 33 35 47 65 72 82 84 95 101 115 117 119 125 135 138 142 150 153 154 156 157 160 168 177 178 182 183
58 4 9 13 14 24 27 28 35 41 47 53 54 63 66 74 75 81 88 90 92 96 98 110 114 117 126 131 134 138 143 148 149 154 158 159 160 166 170 174
59 8 9 10 15 18 19 21 28 32 42 52 55 61 74 75 87 89 90 93 95 100 101 102 106 107 108 111 114 116 119 124 140 155 161 162 165 169 175 176 177 184 188
60 8 14 16 18 19 23 29 30 32 41 52 55 56 61 71 76 79 80 81 84 86 88 89 91 92 94 100 102 104 105 108 110 120 121 126 130 144 146 152 159 165 169 171 176 178 179 181 182
61 1 2 5 6 18 31 51 56 59 60 67 68 69 73 77 86 90 92 97 98 101 104 105 109 116 124 131 153 157 158 166 168 170 176 178 180 182 188
62 9 11 13 16 18 19 21 29 45 50 63 69 75 80 81 84 97 99 101 107 110 122 126 127 135 138 146 149 154 155 162 163 164 168 172 173 175 181 188
63 4 8 11 14 21 25 32 35 44 46 58 62 66 68 72 73 80 82 86 92 94 95 96 110 117 119 131 147 148 157 159 161 162 164 165 167 168 171 173
64 5 8 9 15 20 24 38 39 42 46 65 68 70 81 82 86 87 92 94 99 102 105 107 109 113 116 124 126 135 139 140 143 147 165 168 169 171 172 173 174 175 181 185 186 187
65 5 6 9 10 11 12 18 23 27 33 41 51 52 57 64 68 69 70 73 89 92 96 97 99 101 114 116 124 126 127 130 136 138 148 152 157 158 162 169 172 173 174 183 184 187
66 1 9 15 20 26 36 45 49 53 54 55 56 58 63 67 82 90 94 96 100 102 104 105 110 115 120 132 133 137 143 147 152 158 165 167 168 170 177 180 183 188
67 1 2 4 5 12 13 17 19 23 25 31 36 38 39 42 54 61 66 70 71 72 74 77 83 85 87 89 90 92 94 108 126 129 135 137 146 147 148 152 156 157 159 160 161 167 168 171 176 181 185
68 7 11 13 25 26 29 31 41 44 45 50 53 61 63 64 65 69 74 77 79 87 95 98 100 117 123 131 138 150 152 153 154 155 158 163 164 166 172 177 178 183
69 4 5 10 13 22 28 30 41 42 43 45 46 48 61 62 65 68 73 76 78 85 92 94 95 97 100 108 109 110 111 112 115 118 122 126 128 141 144 157 159 166 169 171 173 176 181 182 184
70 6 9 14 15 42 53 64 65 67 73 77 84 90 98 99 109 116 118 119 131 133 134 146 149 153 162 167 168 169 171 172 175 183 187
71 5 9 27 28 31 33 36 41 43 46 50 54 60 67 82 86 91 114 117 119 128 135 138 143 145 152 158 162 164 171 178 182 183 189
72 3 4 5 8 13 18 21 31 34 38 40 44 49 51 57 63 67 75 76 79 88 96 99 103 121 126 129 143 145 158 164 166 170 174 178 185
73 2 3 4 13 19 29 35 39 41 44 55 61 63 65 69 70 75 78 88 93 96 104 107 109 111 118 119 121 123 125 127 130 135 144 154 158 164 165 166 167 169 170 174 177 178 180 184 186 187
74 0 8 12 15 24 29 38 40 43 47 51 55 58 59 67 68 76 81 93 103 106 107 108 112 114 116 118 119 120 121 125 128 130 143 151 152 160 165 166 171 172 175 182 184 188
75 2 6 10 15 18 21 27 33 36 39 55 56 58 59 62 72 73 80 84 99 101 107 108 129 143 146 147 154 156 164 173 174 175 185
76 1 14 15 22 25 31 36 39 49 60 69 72 74 77 80 85 90 100 105 108 109 126 133 134 142 145 149 154 158 159 160 161 165 170 171 177 180 188
77 0 24 27 29 32 40 41 45 51 61 67 68 70 76 79 82 90 91 92 93 94 117 119 122 129 140 141 146 163 166 173 177 181 184
78 6 13 16 17 21 22 26 41 69 73 80 81 98 99 100 101 103 104 107 111 117 119 120 124 129 131 132 139 141 154 157 159 162 163 170 172 178 183 186
79 0 11 13 22 26 33 51 54 55 60 68 72 77 83 87 88 89 91 92 94 95 96 99 105 109 117 119 124 128 139 146 153 163 167 168 172 176 178 186 188
80 11 22 25 31 32 34 42 45 47 49 56 60 62 63 75 76 78 81 97 101 102 106 113 116 118 123 126 130 131 132 135 136 140 141 148 153 155 164 165 166 167 184 186 188
81 4 26 27 31 34 43 58 60 62 64 74 78 80 89 90 93 95 103 105 108 113 119 121 127 132 134 140 152 156 161 164 165 172 175 183 187
82 0 1 9 11 16 19 20 28 30 31 32 38 40 43 57 63 64 66 71 77 87 114 123 136 137 146 147 171 173 174 176 184
83 2 5 12 14 15 26 27 28 34 38 67 79 85 86 89 92 100 101 105 131 136 139 146 149 151 153 155 165 171 179 181
84 1 6 11 15 32 36 37 42 47 52 57 60 62 70 75 85 93 96 100 115 117 121 127 130 132 133 137 148 149 150 151 152 153 156 161 162 168
85 3 6 19 24 31 37 42 43 47 48 52 67 69 76 83 84 120 125 127 130 131 137 142 147 150 152 153 154 156 163 164 169 172 178
86 0 1 4 11 12 20 22 28 29 39 41 48 60 61 63 64 71 83 87 95 100 104 106 107 123 124 125 127 132 143 144 145 147 148 149 150 152 154 165 170 177 179
87 1 2 12 20 21 27 30 32 34 39 42 44 48 49 51 59 64 67 68 79 82 86 88 89 93 97 98 100 105 107 112 114 115 116 118 133 143 144 152 155 164 170 179 180 181 184 187
88 1 10 12 18 22 23 25 30 42 45 47 51 54 58 60 72 73 79 87 91 93 94 96 104 107 111 113 116 117 120 121 125 127 128 135 137 139 149 157 160 168 170 173
89 4 7 20 28 29 31 34 44 50 59 60 65 67 79 81 83 87 96 97 104 105 107 110 116 117 126 131 134 138 141 142 145 151 153 155 159 164 166 170 172 175 176 179
90 1 3 8 11 13 14 15 18 23 25 26 27 31 35 42 49 56 58 59 61 66 67 70 76 77 81 91 94 95 107 111 119 120 122 124 126 129 135 136 138 151 160 167 169 170 174 175 187
91 1 2 6 15 23 25 30 36 44 45 47 54 60 71 77 79 88 90 96 99 104 107 111 119 127 132 135 137 139 144 148 150 161 162 167 169 178 180 188 189
92 0 2 3 21 33 36 37 38 41 45 47 49 52 56 58 60 61 63 64 65 67 69 77 79 83 96 97 98 99 109 111 125 126 127 136 137 138 142 145 147 157 161 162 163 164 177 184 186 187 189
93 1 4 5 15 20 21 22 28 33 34 39 46 49 59 73 74 77 81 84 87 88 96 98 111 112 126 128 131 139 144 148 153 156 166 170 181 182 188 189
94 10 17 21 22 23 26 36 43 44 46 49 51 52 55 56 60 63 64 66 67 69 77 79 88 90 98 102 103 104 106 109 111 114 115 116 119 121 129 137 145 148 152 154 155 156 157 168 170 172 178 181 185 188 189
95 6 7 11 18 28 29 30 34 35 47 50 57 59 63 68 69 79 81 86 90 96 97 98 106 107 114 118 120 121 132 133 148 164 167 172 176 177 181 187 189
96 10 16 28 30 33 35 37 41 43 45 46 58 63 65 66 72 73 79 84 88 89 91 92 93 95 100 108 113 114 118 124 127 129 131 135 136 137 138 140 145 146 153 158 168 184 185 189
97 4 5 21 24 27 30 33 35 44 61 62 65 69 80 87 89 92 95 99 103 109 112 113 128 130 132 134 137 138 142 155 157 163 169 174
98 0 7 12 18 20 27 34 35 39 44 46 58 61 68 70 78 87 92 93 94 95 103 104 111 120 134 139 146 151 153 160 163 165 170 171 181 184 187 188
99 3 12 16 26 33 34 37 42 53 62 64 65 70 72 75 78 79 91 92 97 106 109 111 114 117 118 120 122 126 130 131 133 135 140 145 160 162 174 175 177 179 180 181
100 2 14 16 25 29 30 31 35 37 38 45 48 50 59 60 66 68 69 76 78 83 84 86 87 96 109 112 114 120 126 128 129 133 135 138 142 148 153 154 158 168 172 176 182 185 188
101 0 3 4 5 9 16 26 31 33 35 40 42 50 57 59 61 62 65 75 78 80 83 107 114 116 122 128 130 131 139 140 142 146 155 157 167 168 170 177 181 183 184
102 0 1 5 8 26 29 34 35 37 39 42 45 46 50 52 59 60 64 66 80 94 113 116 122 127 130 134 140 143 145 148 150 152 154 156 160 162 168 173 180 184
103 10 18 34 38 41 50 51 52 54 56 72 74 78 81 94 97 98 116 120 125 126 130 131 132 136 137 142 154 158 160
104 1 5 8 10 12 14 18 19 20 22 27 32 34 37 39 42 45 50 51 52 56 60 61 66 73 78 86 88 89 91 94 98 113 122 132 134 136 146 148 150 155 157 166 172 181 184
105 0 1 3 5 14 15 21 25 35 40 44 47 50 52 60 61 64 66 76 79 81 83 87 89 107 109 115 116 118 128 136 138 140 141 147 148 150 158 159 168 178 179 182 183 185
106 0 5 6 7 13 17 18 21 22 23 31 32 41 42 45 46 51 55 56 59 74 80 86 94 95 99 111 112 113 115 126 129 144 150 157 160 167 168 171 181
107 2 4 5 13 29 32 33 37 39 40 42 52 54 59 62 64 73 74 75 78 86 87 88 89 90 91 95 101 105 108 118 119 129 130 142 148 150 151 162 168 172 181 184
108 0 3 15 19 24 25 39 41 48 50 51 59 60 67 69 74 75 76 81 96 107 109 113 117 120 121 123 124 130 131 134 135 139 141 149 152 153 155 156 160 165 169 175 181 186
109 5 6 7 8 12 19 24 36 46 49 50 53 61 64 69 70 73 76 79 92 94 97 99 100 105 108 121 122 126 127 129 135 136 141 168 185 186 187
110 0 6 18 21 26 35 42 52 56 58 60 62 63 66 69 89 111 123 126 131 132 136 137 140 147 148 164 168 176 185 189
111 1 10 11 14 37 38 42 44 47 50 55 59 69 73 78 88 90 91 92 93 94 98 99 106 110 114 115 121 122 123 129 131 137 140 142 143 148 158 162 163 166 181 186 188
112 5 15 20 25 26 29 36 37 42 45 55 69 74 87 93 97 100 106 119 120 131 132 135 140 160 174 182 185
113 0 4 14 15 25 28 30 31 34 35 37 52 54 64 80 81 88 96 97 102 104 106 108 118 125 128 129 140 141 142 143 147 152 155 156 169 170 171 176 179 184 189
114 13 17 19 20 28 30 41 43 53 58 59 65 71 74 82 87 94 95 96 99 100 101 111 117 123 128 131 137 141 149 155 159 162 166 169 173 177 178 179 181
115 5 7 13 18 30 35 38 47 48 54 57 66 69 84 87 94 105 106 111 117 119 130 140 146 162 165 177 187 189
116 3 4 9 11 15 29 34 35 41 44 46 54 56 59 61 64 65 70 74 80 87 88 89 94 101 102 103 105 120 125 127 128 129 132 138 144 146 159 165 167 169 173 185
117 0 2 5 25 30 32 38 41 45 56 57 58 63 68 71 77 78 79 84 88 89 99 108 114 115 122 123 124 128 130 134 138 140 142 160 172 180 181 187 188
118 0 8 11 14 15 16 23 26 30 37 39 69 70 73 74 80 87 95 96 99 105 107 113 119 133 134 142 147 160 161 165 168 175 176 186
119 1 6 14 19 32 36 42 44 50 53 57 59 63 70 71 73 74 77 78 79 81 90 91 94 107 112 115 118 121 123 124 129 133 134 138 139 144 152 155 159 163 164 171 173 174 176 179 183 184 188
120 5 10 15 17 25 28 31 32 37 40 48 60 66 74 78 85 88 90 95 98 99 100 103 108 112 116 121 127 129 130 139 141 143 146 152 153 155 158 159 180 183 184 188
121 6 8 14 17 19 23 25 32 34 36 51 53 60 72 73 74 81 84 88 94 95 108 109 111 119 120 130 134 142 145 151 158 160 171 174 182 188
122 6 7 11 14 23 31 43 44 45 48 54 62 69 77 90 99 101 102 104 109 111 117 124 128 131 143 146 147 149 154 164 171 180 184
123 1 7 8 9 17 19 25 30 33 41 43 52 56 68 73 80 82 86 108 110 111 114 117 119 129 135 146 153 156 167 180 187
124 22 30 35 38 40 46 47 48 50 55 59 61 64 65 78 79 86 90 96 108 117 119 122 126 135 136 142 147 162 165 166 170 172 175 176 183 186 187
125 7 9 10 17 19 24 35 38 50 55 57 73 74 85 86 88 92 103 113 116 138 157 158 165 170 171 173 174 178 183 184 186 189
126 3 4 5 7 13 26 32 46 49 58 60 62 64 65 67 69 72 76 80 89 90 92 93 99 100 103 106 109 110 124 127 128 129 130 138 147 155 163 170 171 172 173 175 177 179 183 186 189
127 1 16 21 22 27 29 52 54 62 65 73 81 84 85 86 88 91 92 96 102 109 116 120 126 128 129 132 144 151 152 154 167 171
128 0 29 51 69 71 74 79 88 93 97 100 101 105 113 114 116 117 122 126 127 140 141 144 151 152 157 163 167 168 172 173 184 186
129 0 2 14 15 22 26 27 30 32 43 47 52 56 67 72 75 77 78 90 94 96 100 106 107 109 111 113 116 119 120 123 126 127 131 133 138 146 147 148 149 151 156 159 167 175 181 185 186
130 4 7 8 12 19 26 27 29 33 35 42 43 45 53 60 65 73 74 80 84 85 97 99 101 102 103 107 108 115 117 120 121 126 132 139 141 146 150 154 159 160 165 170 175 180 182
131 6 11 13 15 17 25 30 41 43 48 52 58 61 63 68 70 78 80 83 85 89 93 96 99 101 103 108 110 111 112 114 122 129 143 144 148 149 153 154 160 172 173 181 182 183 184 187
132 6 9 11 24 33 34 36 42 48 54 55 66 78 80 81 84 86 91 95 97 103 104 110 112 116 127 130 142 147 152 159 161 169 171 177 181 189
133 2 7 8 14 15 16 17 18 22 32 48 66 70 76 84 87 95 99 100 118 119 129 140 144 146 151 153 168 171 182 183 188
134 2 14 25 43 44 45 48 50 52 58 70 76 81 89 97 98 102 104 108 117 118 119 121 138 141 143 152 155 159 160 163 165 169 173 180 183 187
135 11 12 16 21 35 36 40 43 44 46 52 54 57 62 64 67 71 73 80 88 90 91 96 99 100 108 109 112 123 124 143 150 163 164 168 176 180 182 189
136 3 8 9 12 14 16 25 27 32 36 37 39 45 46 55 65 80 82 83 90 92 96 103 104 105 109 110 124 142 149 152 153 161 170 177
137 2 6 21 26 29 34 36 44 52 55 66 67 82 84 85 88 91 92 94 96 97 103 110 111 114 143 155 164 166 168 170 171 173 178 179 180 183 188
138 1 2 3 6 24 27 35 37 38 39 40 41 43 46 53 55 57 58 62 65 68 71 89 90 92 96 97 100 105 116 117 119 125 126 129 134 163 165 174 175 180 182
139 1 3 4 7 12 13 15 23 39 53 64 78 79 83 88 91 93 98 101 108 119 120 130 141 142 152 155 156 158 164 165 172 178 179 184 185 186
140 3 10 15 17 30 34 47 49 59 64 77 80 81 96 99 101 102 105 110 111 112 113 115 117 128 133 143 153 156 158 162 164 168 174 183
141 1 11 14 31 35 39 41 44 47 48 53 55 69 77 78 80 89 105 108 109 113 114 120 128 130 134 139 154 177 180 183
142 1 6 12 14 17 19 28 31 32 33 35 36 44 51 57 76 85 89 92 97 100 101 103 107 111 113 117 118 121 124 132 136 139 165 167 174 176 178
143 2 5 6 17 18 21 25 33 37 39 43 48 49 51 52 58 64 66 71 72 74 75 86 87 102 111 113 120 122 131 134 135 137 140 145 148 165 170 176 184 185 187 189
144 6 11 20 22 27 29 33 45 46 50 52 56 60 69 73 86 87 91 93 106 116 119 127 128 131 133 148 155 162 163 167 175 178 188
145 0 3 4 8 10 13 15 21 22 24 30 33 40 51 52 71 72 76 86 89 92 94 96 99 102 121 143 152 156 158 159 166 169 170 171 173 177
146 2 9 24 27 33 43 46 53 54 60 62 67 70 75 77 79 82 83 96 98 101 104 115 116 120 122 123 129 130 133 148 151 152 159 166 167 168 172 173 179 186
147 0 2 7 18 20 26 44 46 52 63 64 66 67 75 82 85 86 92 105 110 113 118 122 124 126 129 132 152 163 170 172 176 177 185
148 1 3 6 13 19 20 25 29 30 32 35 40 41 42 48 51 52 54 58 63 65 67 80 84 86 91 93 94 95 100 102 104 105 107 110 111 129 131 143 144 146 151 153 156 157 161 162 165 176 180 182 187 188
149 3 7 16 18 20 24 27 35 37 43 45 48 54 58 62 70 76 83 84 86 88 108 114 122 129 131 136 150 156 158 168 174 181 182 183 184
150 7 8 24 28 30 37 38 53 56 57 68 84 85 86 91 102 104 105 106 107 130 135 149 151 162 165 168 171 176 184 185
151 4 6 8 15 19 21 27 36 38 42 43 74 83 84 89 90 98 107 121 127 128 129 133 146 148 150 153 162 163 167 170 173 174 176 180
152 2 5 6 16 19 20 25 28 35 42 47 48 60 65 66 67 68 71 74 81 84 85 86 87 94 102 108 113 119 120 127 128 132 134 136 139 145 146 147 153 169 170 171 172 174 178 179 181 184
153 9 13 15 30 39 43 50 51 57 61 68 70 79 80 83 84 85 89 93 96 98 100 108 120 123 131 133 136 140 148 151 152 154 159 161 162 175 181 189
154 3 10 19 25 29 42 44 48 56 57 58 62 68 73 75 76 78 85 86 94 100 102 103 122 127 130 131 141 153 160 164 170 171 172 175 180 183 185
155 7 10 17 18 26 31 41 45 47 50 59 62 68 80 83 87 89 94 97 101 104 108 113 114 119 120 126 134 137 139 144 158 165 166 171
156 0 8 21 22 26 29 48 51 52 55 57 67 75 81 84 85 93 94 102 108 113 123 129 139 140 145 148 149 168 172 176 182 184 186
157 1 7 9 10 11 12 17 18 20 27 36 40 50 52 55 57 61 63 65 67 69 78 88 92 94 97 101 104 106 125 128 148 158 169 175 176 177 179
158 16 18 20 21 24 31 35 39 44 45 51 53 58 61 65 66 68 71 72 73 76 96 100 103 105 111 120 121 125 139 140 145 149 155 157 159 162 166 167 169 174 178 185 188
159 0 1 4 5 11 12 14 16 18 19 33 34 35 40 42 49 58 60 63 67 69 76 78 89 105 114 116 119 120 129 130 132 134 145 146 153 158 165 166 169 173 176 181
160 5 16 23 26 35 39 46 48 51 53 54 55 57 58 67 74 76 88 90 98 99 102 103 106 108 112 117 118 121 130 131 134 154 161 168 169 173 178
161 0 3 10 15 17 31 34 43 47 50 52 53 54 59 63 67 76 81 84 91 92 118 132 136 148 153 160 163 164 169 171 173 177 180 185 187
162 12 18 36 43 45 48 49 59 62 63 65 70 71 78 84 91 92 99 102 107 111 114 115 124 140 144 148 150 151 153 158 165 169 170 175 176 183
163 3 5 7 12 14 17 20 22 27 29 31 36 39 43 48 49 50 54 56 62 68 77 78 79 85 92 97 98 111 119 126 128 134 135 138 144 147 151 161 170 181 182 184 186 188 189
164 0 1 2 4 6 13 17 30 33 47 50 62 63 68 71 72 73 75 80 81 85 87 89 92 95 110 119 122 135 137 139 140 154 161 167 173 180 182 188
165 21 22 24 29 30 33 34 46 50 56 59 60 63 64 66 73 74 76 80 81 83 86 98 108 115 116 118 124 125 130 134 138 139 142 143 148 150 155 159 162 172 176 179 180 185 187
166 3 5 13 17 21 28 39 40 49 50 53 58 61 68 69 72 73 74 77 80 89 93 104 111 114 124 137 145 146 155 158 159 167 169 176 189
167 7 10 17 18 19 27 33 35 39 40 52 54 63 66 67 70 73 79 80 90 91 95 101 106 116 123 127 128 129 142 144 146 151 158 164 166 172 176 186 188 189
168 9 17 22 23 36 39 45 46 52 54 57 61 62 63 64 66 67 70 79 84 88 94 96 100 101 102 105 106 107 109 110 118 128 133 135 137 140 146 149 150 156 160 173 175 182 183
169 1 5 17 23 24 29 33 38 45 46 56 59 60 64 65 69 70 73 85 90 91 97 108 113 114 116 132 134 145 152 157 158 159 160 161 162 166 174 178 180 182 185 186 188 189
170 0 9 11 14 16 24 30 38 40 43 45 47 48 49 51 53 54 58 61 66 72 73 76 78 86 87 88 89 90 93 94 98 101 113 124 125 126 130 136 137 143 145 147 151 152 154 162 163 171 173 176 183
171 6 10 17 18 22 23 24 30 33 35 36 43 46 48 60 63 64 67 69 70 71 74 76 82 83 98 106 113 119 121 122 125 126 127 132 133 137 145 150 152 154 155 161 170 175 180 183 184 188 189
172 5 6 13 23 25 30 34 35 37 38 39 40 41 45 48 51 54 55 62 64 65 68 70 74 78 79 81 85 89 94 95 100 104 107 117 124 126 128 131 139 146 147 152 154 156 165 167 180 184 185 188 189
173 5 6 11 12 16 17 23 26 29 36 39 43 46 48 51 53 62 63 64 65 69 75 77 82 88 102 114 116 119 125 126 128 131 134 137 145 146 151 159 160 161 164 168 170 178 185 186
174 0 3 4 8 10 15 18 23 25 26 42 47 54 58 64 65 72 73 75 82 90 97 99 112 119 121 125 138 140 142 149 151 152 158 169
175 2 4 10 16 18 29 48 51 52 59 62 64 70 74 75 81 89 90 99 108 118 124 126 129 130 138 144 153 154 157 162 168 171 181
176 4 8 19 22 25 34 36 38 41 49 50 55 59 60 61 67 69 79 82 89 95 100 110 113 118 119 124 135 142 143 147 148 150 151 156 157 159 162 165 166 167 170 181 183 187 189
177 2 6 9 10 13 14 15 16 22 27 30 33 42 52 56 57 59 66 68 73 76 77 86 92 95 99 101 114 115 126 132 136 141 145 147 157 161 182 183
178 0 5 10 15 21 30 34 36 49 53 57 60 61 68 71 72 73 78 79 85 91 94 105 114 125 137 139 142 144 152 158 160 169 173 188
179 4 12 16 23 24 29 31 32 34 35 40 41 47 60 83 86 87 89 99 105 113 114 119 126 137 139 146 152 157 165 184 188 189
180 0 1 13 14 20 21 22 26 29 33 38 39 43 45 47 48 50 51 56 61 66 73 76 87 91 99 102 117 120 122 123 130 134 135 137 138 141 148 151 154 161 164 165 169 171 172 183 185
181 10 15 16 17 18 21 22 24 26 31 38 39 43 44 47 49 53 60 62 64 67 69 77 83 87 93 94 95 98 99 101 104 106 107 108 111 114 117 129 131 132 149 152 153 159 163 175 176 186
182 0 1 7 9 13 14 27 30 39 42 43 44 51 56 57 60 61 69 71 74 93 100 105 112 121 130 131 133 135 138 148 149 156 163 164 168 169 177 183 184 188
183 1 2 4 13 17 31 34 39 46 47 49 51 52 54 55 57 65 66 68 70 71 78 81 101 105 119 120 124 125 126 131 133 134 137 140 141 149 154 162 168 170 171 176 177 180 182 187
184 0 1 9 11 24 26 33 34 36 37 38 42 45 49 50 51 59 65 69 73 74 77 80 82 87 92 96 98 101 102 104 107 113 119 120 122 125 128 131 139 143 149 150 152 156 163 171 172 179 182 188 189
185 6 14 18 19 21 26 29 33 35 46 53 55 64 67 72 75 94 96 100 105 109 110 112 116 129 139 143 147 150 154 158 161 165 169 172 173 180 187
186 3 10 12 16 21 51 55 64 73 78 79 80 92 108 109 111 118 124 125 126 128 129 139 146 156 163 167 169 173 181
187 4 6 18 20 21 22 28 29 30 32 37 49 52 54 56 64 65 70 73 81 87 90 92 95 98 109 115 117 123 124 131 134 143 148 161 165 176 183 185
188 13 15 16 20 22 24 26 29 32 34 36 37 49 53 59 61 62 66 74 76 79 80 91 93 94 98 100 111 117 119 120 121 133 137 144 148 158 163 164 167 169 171 172 178 179 182 184
189 0 1 3 6 7 8 19 26 32 43 45 47 71 91 92 93 94 95 96 110 113 115 125 126 132 135 143 153 163 166 167 169 171 172 176 179 184
