76 687
0 4 9 14 18 19 21 27 29 32 41 43 45 46 47 56 64 65 74
1 8 12 13 15 16 17 18 21 22 23 24 26 29 32 40 41 45 50 64 67 70 75
2 3 14 17 23 24 29 30 39 46 48 51 52 57 61 64 67 68 69
3 2 9 10 14 15 20 31 32 35 49 52 54 55 61 64 74 75
4 0 6 11 12 18 21 23 25 35 40 42 43 44 48 51 54 65 71 73 75
5 11 13 20 23 35 38 47 49 51 54 60 62 63 69
6 4 8 10 16 19 27 30 31 37 43 53 60 64 70 72 74 75
7 11 18 19 22 23 31 32 35 38 45 49 51 55 56 63 67
8 1 6 9 14 18 19 23 24 29 31 37 38 39 42 43 44 54 59 64 68
9 0 3 8 11 12 18 19 21 24 34 35 47 48 56 62 65 66 67
10 3 6 14 15 27 32 33 34 39 40 45 47 48 49 50 54 57 59 63
11 4 5 7 9 20 24 27 28 29 30 34 42 45 46 54 63 69 71 72 73 74
12 1 4 9 14 16 20 34 39 52 56 60 63 65
13 1 5 14 16 29 32 33 34 35 39 40 41 48 51 55 56 58 61 64 65 66 68 73 75
14 0 2 3 8 10 12 13 21 23 24 26 27 31 34 40 42 47 48 60 64
15 1 3 10 21 22 28 31 35 40 42 46 51 60 65 71
16 1 6 12 13 18 21 22 28 39 40 41 42 44 48 51 53 54 55 56 65 73
17 1 2 28 30 42 43 49 51 52 55 56 57 59 62 68 69
18 0 1 4 7 8 9 16 23 26 28 30 35 37 38 43 47 55 57 60 67 71 74 75
19 0 6 7 8 9 20 24 28 30 33 37 40 45 50 57 59 61 65 66 70
20 3 5 11 12 19 27 37 47 54 55 57 59 63 68
21 0 1 4 9 14 15 16 22 28 38 39 44 45 56 57 58 71 72 75
22 1 7 15 16 21 29 50 58 63 69
23 1 2 4 5 7 8 14 18 35 39 44 51 55 62 65 66 67 70 73
24 1 2 8 9 11 14 19 25 31 36 41 43 44 50 51 52 56 60 64 72 74
25 4 24 27 29 30 34 40 47 49 54 66 69 70
26 1 14 18 32 39 44 45 49 54 58 59 60 66 71 75
27 0 6 10 11 14 20 25 32 35 37 50 54 55 56 58 65 68 70 72 74
28 11 15 16 17 18 19 21 29 35 37 39 45 51 52 53 57 58 60 63 73
29 0 1 2 8 11 13 22 25 28 30 34 37 38 41 43 62 68
30 2 6 11 17 18 19 25 29 34 35 36 38 47 51 52 53 54 56 60 62 63 66 69 70
31 3 6 7 8 14 15 24 32 39 42 43 47 49 52 53 57 58 60 71 73 75
32 0 1 3 7 10 13 26 27 31 38 40 47 52 56 64 65 66 68
33 10 13 19 41 48 51 53 55 57 58 67
34 9 10 11 12 13 14 25 29 30 45 48 49 52 57 58 61 64 66 68 71 72
35 3 4 5 7 9 13 15 18 23 27 28 30 37 40 42 43 52 54 63 65 66 71 73 74
36 24 30 41 53 63 70 72
37 6 8 18 19 20 27 28 29 35 39 48 50 51 52 53 55 61 67 68 71 72 73
38 5 7 8 18 21 29 30 32 41 62 64 66 69 70 71 73
39 2 8 10 12 13 16 21 23 26 28 31 37 49 50 57 67 69 74
40 1 4 10 13 14 15 16 19 25 32 35 42 46 51 61 62 64 66 72 73 75
41 0 1 13 16 24 29 33 36 38 49 51 64 65 70
42 4 8 11 14 15 16 17 31 35 40 45 46 51 57 58 62 65 70
43 0 4 6 8 17 18 24 29 31 35 48 49 50 56 58 60 62 65 68 69
44 4 8 16 21 23 24 26 47 50 53 55 58 64 65 68
45 0 1 7 10 11 19 21 26 28 34 42 46 48 49 50 64 69 70 71 74 75
46 0 2 11 15 40 42 45 50 51 56 65 68 72 74
47 0 5 9 10 14 18 20 25 30 31 32 44 53 54 56 63 66 71
48 2 4 9 10 13 14 16 33 34 37 43 45 49 51 57 65 71 73 74
49 3 5 7 10 17 25 26 31 34 39 41 43 45 48 53 73
50 1 10 19 22 24 27 37 39 43 44 45 46 52 56 64 67 71
51 2 4 5 7 13 15 16 17 23 24 28 30 33 37 40 41 42 46 48 56 61 63 70 73
52 2 3 12 17 24 28 30 31 32 34 35 37 50 53 57 58 60 65 66 67 69
53 6 16 28 30 31 33 36 37 44 47 49 52 57 61 63 64 67 68 72 73 75
54 3 4 5 8 10 11 16 20 25 26 27 30 35 47 57 58 59 60
55 3 7 13 16 17 18 20 23 27 33 37 44 59 66 68 70 72
56 0 7 9 12 13 16 17 21 24 27 30 32 43 46 47 50 51 66 68 71 74 75
57 2 10 17 18 19 20 21 28 31 33 34 39 42 48 52 53 54 58 74
58 13 21 22 26 27 28 31 33 34 42 43 44 52 54 57 65 70 73
59 8 10 17 19 20 26 54 55 63 73 74
60 5 6 12 14 15 18 24 26 28 30 31 43 52 54 63 67 72 73
61 2 3 13 19 34 37 40 51 53 67
62 5 9 17 23 29 30 38 40 42 43 63 70 75
63 5 7 10 11 12 20 22 28 30 35 36 47 51 53 59 60 62 71
64 0 1 2 3 6 8 13 14 24 32 34 38 40 41 44 45 50 53 66 69 70 74
65 0 4 9 12 13 15 16 19 23 27 32 35 41 42 43 44 46 48 52 58 66 72
66 9 13 19 23 25 26 30 32 34 35 38 40 47 52 55 56 64 65 72
67 1 2 7 9 18 23 33 37 39 50 52 53 60 61 71 73 74
68 2 8 13 17 20 27 29 32 34 37 43 44 46 53 55 56 69 70 71 73
69 2 5 11 17 22 25 30 38 39 43 45 52 64 68
70 1 6 19 23 25 27 30 36 38 41 42 45 51 55 58 62 64 68 72 73 75
71 4 11 15 18 21 26 31 34 35 37 38 45 47 48 50 56 63 67 68 74
72 6 11 21 24 27 34 36 37 40 46 53 55 60 65 66 70
73 4 11 13 16 23 28 31 35 37 38 40 48 49 51 53 58 59 60 67 68 70 74
74 0 3 6 11 18 24 27 35 39 45 46 48 56 57 59 64 67 71 73 75
75 1 3 4 6 13 18 21 26 31 40 45 53 56 62 70 74
