88 1129
0 3 5 6 8 9 12 15 18 20 21 24 25 27 30 42 48 51 60 61 67 71 77 84
1 6 9 11 12 18 19 23 24 25 26 28 29 31 33 34 38 39 43 44 46 49 50 55 56 58 63 69 71 73 74 75 78 79
2 3 4 8 18 19 22 23 29 34 39 40 42 43 44 48 51 52 60 65 66 70 83 85
3 0 2 9 15 20 23 27 35 40 41 46 47 48 53 54 57 62 63 67 73 77 78 79 84
4 2 5 11 16 19 20 22 23 28 34 35 36 37 41 42 48 50 51 58 60 62 65 69 70 71 72 76 80 84 86
5 0 4 12 14 19 22 29 30 38 39 42 43 44 49 51 52 55 56 57 59 67 72 76 77 78 86
6 0 1 9 11 19 24 28 30 31 32 34 35 38 42 44 48 50 51 52 58 61 66 67 70 75 79 82 87
7 10 12 13 15 16 19 27 31 37 41 42 45 47 48 50 51 52 55 58 63 64 65 69 70 73 74 83 85 87
8 0 2 9 10 18 20 28 35 37 40 44 48 52 53 55 57 59 65 66 68 69 72 74 77 78 80 84 85
9 0 1 3 6 8 11 12 15 25 40 42 47 50 53 58 60 62 65 66 67 68 70 74 84 87
10 7 8 18 21 23 26 29 33 36 37 41 44 45 46 55 57 68 69 70 72 75 79 81 84
11 1 4 6 9 17 19 21 24 25 27 36 38 40 43 50 52 54 57 59 66 69 71 72 73 76 78 81 82 83
12 0 1 5 7 9 16 23 26 34 35 39 40 41 42 43 44 45 50 51 55 57 61 70 71 73 76 77 86
13 7 17 18 23 25 27 29 37 38 41 47 48 53 54 55 56 58 63 65 70 79 80 81 84 86
14 5 16 21 23 30 36 43 52 56 57 59 60 61 70 71 73 77 79 80 82
15 0 3 7 9 21 27 31 32 35 38 42 44 47 49 51 54 60 62 68 74 80 84
16 4 7 12 14 21 23 25 26 28 31 33 34 35 36 38 40 41 50 53 62 69 70 73 80
17 11 13 18 20 23 24 25 30 47 48 50 58 61 62 65 67 71 75 81 84 87
18 0 1 2 8 10 13 17 20 21 23 25 26 30 32 35 37 50 53 54 56 59 61 67 70 74 77 80 82 83 85
19 1 2 4 5 6 7 11 29 31 32 33 35 38 39 40 45 46 55 58 61 80 82 87
20 0 3 4 8 17 18 29 31 35 44 50 56 58 59 63 69 70 71 79 80 86
21 0 10 11 14 15 16 18 24 27 28 32 34 38 40 41 45 46 52 60 62 64 70 75 80
22 2 4 5 29 32 33 40 42 44 46 54 55 56 58 59 61 62 64 65 66 67 74 77 78 84 85 86
23 1 2 3 4 10 12 13 14 16 17 18 27 33 36 38 42 47 58 61 65 72 75 77 85
24 0 1 6 11 17 21 29 31 32 36 39 43 47 52 58 60 61 67 71 77 81 82 84 85 86 87
25 0 1 9 11 13 16 17 18 26 28 32 40 50 54 55 56 57 58 59 66 71 72 73 74 86
26 1 10 12 16 18 25 34 38 41 42 44 46 47 53 58 59 60 61 63 65 70 83
27 0 3 7 11 13 15 21 23 28 38 44 45 51 54 58 60 69 70 73 74 75 76 85 86 87
28 1 4 6 8 16 21 25 27 29 32 35 37 38 39 42 44 45 47 49 60 62 63 65 66 71 72 75 76 77 78 80 82 84 85
29 1 2 5 10 13 19 20 22 24 28 39 41 43 45 46 47 50 51 54 55 58 60 65 68 71 76 78 79 80 84 86
30 0 5 6 14 17 18 35 37 40 45 48 49 50 64 65 66 67 68 69 73 74 78 86
31 1 6 7 15 16 19 20 24 34 36 37 38 40 41 43 51 52 53 58 63 64 69 70 74
32 6 15 18 19 21 22 24 25 28 35 36 37 44 46 49 51 54 60 66 73 76 77 78 84 87
33 1 10 16 19 22 23 43 46 48 49 51 54 63 67 68 72 73 78 80 81 82 87
34 1 2 4 6 12 16 21 26 31 42 47 49 51 54 56 57 62 67 71 72 73 74 79
35 3 4 6 8 12 15 16 18 19 20 28 30 32 38 43 46 52 53 56 62 64 70 71 75 76 77 78 85
36 4 10 11 14 16 23 24 31 32 38 47 54 55 56 57 65 71 74 78 83
37 4 7 8 10 13 18 28 30 31 32 41 42 44 48 49 55 58 62 69 72 74 75 86
38 1 5 6 11 13 15 16 19 21 23 26 27 28 31 35 36 39 41 43 45 50 51 56 57 64 67 69 75 84 86
39 1 2 5 12 19 24 28 29 38 41 42 43 44 45 48 49 50 59 60 61 71 73 78 79 80 82 84 87
40 2 3 8 9 11 12 16 19 21 22 25 30 31 52 57 59 63 71 72 74 78 84 87
41 3 4 7 10 12 13 16 21 26 29 31 37 38 39 44 47 57 58 61 66 68 82
42 0 2 4 5 6 7 9 12 15 22 23 26 28 34 37 39 43 44 46 48 50 51 52 53 56 57 58 62 63 67 69 77 78 80 81 85 86
43 1 2 5 11 12 14 24 29 31 33 35 38 39 42 44 46 47 51 53 57 60 61 63 65 66 67 69 72 73 75 77 79 81 83 84
44 1 2 5 6 8 10 12 15 20 22 26 27 28 32 37 39 41 42 43 46 48 49 54 60 61 67 74 79 80 81 82 84
45 7 10 12 19 21 27 28 29 30 38 39 52 57 63 67 71 72 73 74 75 76 85 86 87
46 1 3 10 19 21 22 26 29 32 33 35 42 43 44 47 51 55 61 62 73 76 84
47 3 7 9 13 15 17 23 24 26 28 29 34 36 41 43 46 49 50 51 55 61 62 66 71 72 74 76 78 81 85
48 0 2 3 4 6 7 8 13 17 30 33 37 39 42 44 50 51 57 61 63 68 69 70 71 73 75 77 87
49 1 5 15 28 30 32 33 34 37 39 44 47 51 53 54 55 56 61 68 69 70 71 78
50 1 4 6 7 9 11 12 16 17 18 20 25 29 30 38 39 42 47 48 54 55 60 64 65 74 75 79 82 83 84
51 0 2 4 5 6 7 12 15 27 29 31 32 33 34 38 42 43 46 47 48 49 52 64 68 74 75 79 84 86
52 2 5 6 7 8 11 14 21 24 31 35 40 42 45 51 54 55 57 60 64 66 68 75 80 81 82 83
53 3 8 9 13 16 18 26 31 35 42 43 49 55 59 63 66 68 70 71 75 76
54 3 11 13 15 18 22 25 27 29 32 33 34 36 44 49 50 52 55 66 71 75 76 77 78 79 85 86
55 1 5 7 8 10 12 13 19 22 25 29 36 37 46 47 49 50 52 53 54 60 66 67 69 77 79 81 86
56 1 5 13 14 18 20 22 25 34 35 36 38 42 49 61 62 63 65 69 70 71 72 75 80 84
57 3 5 8 10 11 12 14 25 34 36 38 40 41 42 43 45 48 52 59 69 76 77 82 86 87
58 1 4 6 7 9 13 17 19 20 22 23 24 25 26 27 29 31 37 41 42 61 70 75 80 81 84
59 5 8 11 14 18 20 22 25 26 39 40 53 57 60 62 63 65 66 71 75 84 85 86
60 0 2 4 9 14 15 21 24 26 27 28 29 32 39 43 44 50 52 55 59 63 64 72 79 81 83 86
61 0 6 12 14 17 18 19 22 23 24 26 39 41 43 44 46 47 48 49 56 58 62 64 72 73 76 78 83
62 3 4 9 15 16 17 21 22 28 34 35 37 42 46 47 56 59 61 67 72 74 77 82
63 1 3 7 13 20 26 28 31 33 40 42 43 45 48 53 56 59 60 67 73 75 79 80 84 85
64 7 21 22 30 31 35 38 50 51 52 60 61 66 67 72 73 74 75 82
65 2 4 7 8 9 13 17 22 23 26 28 29 30 36 43 50 56 59 69 71 75 79 82 83
66 2 6 8 9 11 22 25 28 30 32 41 43 47 52 53 54 55 59 64 68 70
67 0 3 5 6 9 17 18 22 24 30 33 34 38 42 43 44 45 55 62 63 64 68 72 76 81 85 86
68 8 9 10 15 29 30 33 41 48 49 51 52 53 66 67 77 78 85
69 1 4 7 8 10 11 16 20 27 30 31 37 38 42 43 48 49 55 56 57 65 70 73 74 76 79 81 83
70 2 4 6 7 9 10 12 13 14 16 18 20 21 26 27 31 35 48 49 53 56 58 66 69 71 74 82 87
71 0 1 4 11 12 14 17 20 24 25 28 29 34 35 36 39 40 45 47 48 49 53 54 56 59 65 70 74 75 76 80 81 82 84 85 86 87
72 4 5 8 10 11 23 25 28 33 34 37 40 43 45 47 56 60 61 62 64 67 74 76 77 83
73 1 3 7 11 12 14 16 25 27 30 32 33 34 39 43 45 46 48 61 63 64 69 74 76 81 83
74 1 7 8 9 15 18 22 25 27 30 31 34 36 37 40 44 45 47 50 51 62 64 69 70 71 72 73 76 77
75 1 6 10 17 21 23 27 28 35 37 38 43 45 48 50 51 52 53 54 56 58 59 63 64 65 71 77 79 84 85
76 4 5 11 12 27 28 29 32 35 45 46 47 53 54 57 61 67 69 71 72 73 74 77 79
77 0 3 5 8 12 14 18 22 23 24 28 32 35 42 43 48 54 55 57 62 68 72 74 75 76 85
78 1 3 5 8 11 22 28 29 30 32 33 35 36 39 40 42 47 49 54 61 68 82 86 87
79 1 3 6 10 13 14 20 29 34 39 43 44 50 51 54 55 60 63 65 69 75 76 80
80 4 8 13 14 15 16 18 19 20 21 28 29 33 39 42 44 52 56 58 63 71 79 82 84 86
81 10 11 13 17 24 33 42 43 44 47 52 55 58 60 67 69 71 73 85 87
82 6 11 14 18 19 24 28 33 39 41 44 50 52 57 62 64 65 70 71 78 80 83 86
83 2 7 11 18 26 36 43 50 52 60 61 65 69 72 73 82 84 85 87
84 0 3 4 8 9 10 13 15 17 22 24 28 29 32 38 39 40 43 44 46 50 51 56 58 59 63 71 75 80 83 85
85 2 7 8 18 22 23 24 27 28 35 42 45 47 54 59 63 67 68 71 75 77 81 83 84 86
86 4 5 12 13 20 22 24 25 27 29 30 37 38 42 45 51 54 55 57 59 60 67 71 78 80 82 85
87 6 7 9 17 19 24 27 32 33 39 40 45 48 57 70 71 78 81 83
