178 3236
0 9 16 39 40 48 50 55 61 74 79 81 90 92 97 102 112 118 119 122 123 133 137 138 141 142 144 148 150 156 160 163 168 171 174
1 2 18 20 22 27 29 31 36 42 56 66 68 78 81 88 89 96 99 108 116 117 119 122 138 140 145 157 160 163 167 168 170 173 174 177
2 1 3 6 7 16 20 22 23 26 28 34 35 42 43 47 48 53 61 62 78 87 88 91 106 108 116 118 119 127 128 135 139 141 152 160 162 163 166 169
3 2 8 17 25 34 37 46 50 56 59 64 68 76 78 88 97 100 102 110 117 127 130 134 136 138 141 153 159 162 164 176
4 7 10 23 28 34 36 42 44 49 50 53 55 61 90 92 93 95 105 112 124 127 141 144 147 150 154 156 161 167 169
5 10 28 35 40 44 52 64 76 80 86 89 95 99 104 106 108 121 123 125 126 133 139 142 147 151 152 164 168 172
6 2 9 24 29 34 37 39 51 58 63 64 71 74 80 81 85 95 99 121 123 127 135 141 143 157 158 160 167 172
7 2 4 9 11 13 15 20 23 24 25 27 29 35 36 43 47 60 64 69 70 77 80 83 85 87 88 90 94 114 116 117 125 130 139 140 141 142 143 156 157 161 166 175
8 3 9 10 25 32 40 46 47 52 55 58 59 61 68 75 79 81 90 92 94 97 104 106 112 123 125 126 133 135 140 142 149 151 153 154 166 167 168 170 171 172
9 0 6 7 8 17 29 31 32 43 46 62 63 68 70 72 75 80 83 87 89 97 99 109 110 111 115 119 121 122 123 128 132 142 143 158 167 172 176 177
10 4 5 8 15 22 29 33 39 45 47 51 56 59 62 71 72 73 79 91 94 96 101 106 115 118 132 135 152 153 158 164 172
11 7 16 17 19 26 29 30 37 39 41 44 54 58 60 68 72 79 82 89 100 101 110 112 117 118 125 126 127 128 129 135 136 142 151 153 157 158 160 168 169 173
12 14 21 22 24 25 29 36 39 40 56 61 70 72 74 75 83 84 85 87 91 92 94 101 102 103 104 106 109 120 123 126 128 130 132 141 144 147 150 151 166 171 172
13 7 14 16 31 37 40 42 43 46 48 56 59 60 61 68 77 78 79 83 84 90 92 96 105 111 120 121 133 138 141 143 145 147 151 157 158 162 163 170 172
14 12 13 21 29 34 39 42 48 61 63 66 69 72 74 76 81 83 88 90 95 98 101 107 109 113 114 115 117 122 124 146 152 155 166 170 171 173
15 7 10 25 29 37 39 45 47 52 53 57 60 64 68 73 74 75 76 81 87 88 89 96 97 98 103 106 122 124 126 136 149 158 160 162 165 167 171 172 177
16 0 2 11 13 18 19 21 25 26 28 29 37 39 41 46 50 51 54 56 59 60 64 67 76 83 93 94 103 104 106 111 124 126 127 133 144 151 152 156 166 173 174 175
17 3 9 11 23 31 34 35 39 43 50 54 61 66 70 72 77 91 94 96 98 100 104 111 122 125 149 152 154 167 171 173 175
18 1 16 28 66 70 71 76 77 84 86 92 95 97 99 101 106 108 109 110 114 119 144 150 156 162 167 169 170 177
19 11 16 30 33 38 39 43 45 47 53 54 56 57 59 64 68 70 74 75 76 81 83 86 112 113 118 120 123 124 131 135 138 139 140 143 152 153 154 157 159 172 176
20 1 2 7 31 37 38 39 41 42 43 45 47 50 52 53 57 58 59 65 71 80 88 97 101 104 108 109 113 118 124 128 129 133 139 144 146 149 150 152 168 170
21 12 14 16 24 26 27 29 46 50 56 59 75 76 90 93 94 96 98 107 125 130 137 143 144 149 153 154 158 166 175 176 177
22 1 2 10 12 34 37 41 43 61 71 76 78 96 97 100 108 111 112 114 115 118 123 124 129 130 137 138 141 146 155 167 170 176 177
23 2 4 7 17 25 32 34 35 44 59 61 63 67 79 81 89 99 101 124 125 131 132 136 139 140 147 162 164 165 166 168 172 174
24 6 7 12 21 29 32 35 36 37 41 42 52 58 60 64 68 69 72 96 104 113 117 123 127 130 133 135 138 146 147 149 161 165 169
25 3 7 8 12 15 16 23 27 31 38 40 50 66 68 70 71 74 84 90 93 94 95 99 102 111 115 134 135 140 141 142 143 150 151 153 166 173
26 2 11 16 21 29 30 38 48 54 56 59 71 79 85 89 93 97 99 100 106 110 112 117 119 127 130 134 137 139 158 160 162 168
27 1 7 21 25 28 29 36 37 49 54 59 65 68 78 79 81 83 85 99 100 103 110 114 119 125 126 127 138 139 142 147 151 163 171 174
28 2 4 5 16 18 27 36 37 40 48 50 51 58 62 63 64 70 82 97 102 103 104 108 111 118 127 131 133 138 148 153 160 161 165 169 170 171 173 176
29 1 6 7 9 10 11 12 14 15 16 21 24 26 27 32 36 53 57 66 69 73 79 98 111 114 117 121 152 153 155 158 161 163 167 172
30 11 19 26 32 35 51 56 59 62 69 72 74 77 79 86 87 88 89 97 105 110 115 125 141 146 147 151 155 158 161 167 168 170 173
31 1 9 13 17 20 25 34 35 40 41 49 54 55 71 78 87 88 96 107 121 123 126 127 128 135 136 139 144 152 164 165 168 169 170 174
32 8 9 23 24 29 30 42 50 53 54 56 64 76 77 78 81 82 92 96 109 112 113 119 125 131 134 136 145 148 151 157 159 173
33 10 19 42 43 45 50 52 54 55 59 61 62 66 75 79 95 108 135 138 139 140 142 144 157 158 161 162 166 168 173 174
34 2 3 4 6 14 17 22 23 31 38 47 58 59 61 84 85 102 106 109 113 114 123 128 130 141 159 164 175
35 2 5 7 17 23 24 30 31 36 41 43 51 54 55 56 69 71 87 90 94 96 112 122 126 133 134 135 140 141 142 148 151 153 165 168 170 172
36 1 4 7 12 24 27 28 29 35 37 38 40 45 52 56 61 66 68 75 76 81 82 86 88 90 94 132 133 134 139 149 157 165 171 175
37 3 6 11 13 15 16 20 22 24 27 28 36 48 54 59 60 69 72 75 84 88 89 92 101 110 122 123 124 126 127 132 133 135 136 137 148 149 152 157 159 169 174 176
38 19 20 25 26 34 36 43 44 55 62 70 74 75 93 96 106 108 113 120 121 126 129 131 139 143 146 160 173 174
39 0 6 10 11 12 14 15 16 17 19 20 47 49 50 58 63 64 69 72 78 82 84 90 97 101 103 109 114 127 134 136 139 146 149 152 155 156 159 163 171 173 177
40 0 5 8 12 13 25 28 31 36 41 42 45 57 60 64 65 66 69 70 71 82 87 89 91 92 113 125 126 127 135 136 137 142 145 147 150 153 157 159 161 164 165 166 172
41 11 16 20 22 24 31 35 40 42 46 54 57 60 61 67 76 81 82 85 100 101 111 112 114 119 126 129 134 138 143 148 150 156 163 165 171
42 1 2 4 13 14 20 24 32 33 40 41 47 48 50 51 58 62 75 76 81 84 96 98 103 104 111 117 124 129 136 140 142 157 159 162 163 167 173 174
43 2 7 9 13 17 19 20 22 33 35 38 54 57 60 61 70 71 77 79 80 83 85 87 91 93 97 101 102 110 122 123 137 141 142 150 152 161 164 165 168
44 4 5 11 23 38 56 59 60 65 66 68 73 75 76 77 78 84 86 88 93 98 103 105 106 113 116 119 126 130 140 150 152 165 175 176
45 10 15 19 20 33 36 40 48 62 65 66 70 77 88 96 98 101 102 104 112 117 122 133 139 141 143 151 162 164 169 173
46 3 8 9 13 16 21 41 49 53 61 63 83 110 115 116 119 120 125 126 128 131 134 135 143 144 145 157 158 161 162 163 166 167 168 175
47 2 7 8 10 15 19 20 34 39 42 50 52 63 64 68 75 91 95 97 99 104 116 118 119 121 123 124 127 138 144 145 149 150 151 155 159 175
48 0 2 13 14 26 28 37 42 45 55 61 70 76 78 79 81 84 91 104 109 124 125 130 131 142 146 148 152 154 156 157 164 167 172 175 177
49 4 27 31 39 46 52 56 58 60 64 77 78 84 90 93 99 106 109 110 113 114 117 118 130 141 142 147 152 153 165 175
50 0 3 4 16 17 20 21 25 28 32 33 39 42 47 51 52 53 60 67 70 72 82 83 87 92 94 100 104 125 128 130 136 137 140 142 145 152 154 155 161 164 168 171
51 6 10 16 28 30 35 42 50 52 56 61 63 71 75 82 88 96 97 105 106 113 119 120 124 132 141 145 147 153 154 157 176 177
52 5 8 15 20 24 33 36 47 49 50 51 53 55 56 70 72 78 79 91 93 94 100 102 103 104 114 121 123 126 129 130 136 138 146 148 156 159 163 168 175 176
53 2 4 15 19 20 29 32 46 50 52 54 58 61 62 66 68 78 84 97 101 107 111 113 116 120 125 132 140 143 145 147 154 158 164 172
54 11 16 17 19 26 27 31 32 33 35 37 41 43 53 61 65 66 73 77 82 92 99 101 106 110 111 115 117 130 134 135 137 140 141 142 145 149 151 154 165 177
55 0 4 8 31 33 35 38 48 52 63 64 66 67 77 81 86 91 95 99 102 104 105 112 114 121 124 153 157 158 159 160 166
56 1 3 10 12 13 16 19 21 26 30 32 35 36 44 49 51 52 63 69 75 79 83 99 103 106 120 121 125 136 137 142 153 161 164 169 172 173 175 177
57 15 19 20 29 40 41 43 58 59 60 61 67 69 72 74 86 90 96 98 112 121 125 128 133 137 138 142 151 157 161 163 164 169
58 6 8 11 20 24 28 34 39 42 49 53 57 60 61 68 73 81 82 91 97 102 107 113 116 123 129 130 142 145 147 150 154 155 156 160 163
59 3 8 10 13 16 19 20 21 23 26 27 30 33 34 37 44 57 74 86 89 102 112 117 120 121 126 129 132 133 134 138 140 142 157 160 166 170
60 7 11 13 15 16 24 37 40 41 43 44 49 50 57 58 65 68 81 84 88 101 102 104 114 123 138 139 157 158 162 170 172
61 0 2 4 8 12 13 14 17 22 23 33 34 36 41 43 46 48 51 53 54 57 58 64 86 89 98 103 112 114 122 126 127 128 132 133 139 142 155 157 158 159 160 165 166 169 176
62 2 9 10 28 30 33 38 42 45 53 63 66 68 71 74 77 79 83 93 100 109 114 115 118 120 128 129 132 135 140 153 154 155 165 170 175 177
63 6 9 14 23 28 39 46 47 51 55 56 62 72 74 77 80 81 88 93 98 100 126 127 129 133 136 148 155 156 158 160 164 167 172 177
64 3 5 6 7 15 16 19 24 28 32 39 40 47 49 55 61 66 68 72 74 81 87 98 99 102 107 117 118 120 128 132 156 162 168 170 172 173
65 20 27 40 44 45 54 60 66 67 71 73 76 86 105 107 108 109 123 124 128 142 143 144 147 149 151 152 156 158
66 1 14 17 18 25 29 33 36 40 44 45 53 54 55 62 64 65 68 70 71 72 74 78 82 88 91 92 95 104 105 107 118 123 139 144 154 162 163 172
67 16 23 41 50 55 57 65 70 74 84 86 99 103 117 124 126 130 131 135 143 145 157 159 171 172 174
68 1 3 8 9 11 13 15 19 24 25 27 36 44 47 53 58 60 62 64 66 81 83 91 95 100 102 104 109 111 112 113 114 129 133 134 140 145 147 149 156 157 165 166 171
69 7 14 24 29 30 35 37 39 40 56 57 76 77 79 90 98 101 104 105 113 122 124 130 137 145 175 177
70 7 9 12 17 18 19 25 28 38 40 43 45 48 50 52 66 67 76 88 89 95 102 107 109 112 120 128 136 148 149 157 162 171 174 175 177
71 6 10 18 20 22 25 26 31 35 40 43 51 62 65 66 73 74 75 80 81 83 86 101 103 105 106 117 121 123 128 135 139 144 149 152 156 167 170 171 177
72 9 10 11 12 14 17 24 30 37 39 50 52 57 63 64 66 77 80 81 82 84 87 92 94 95 97 103 112 113 124 130 133 134 138 140 155 177
73 10 15 29 44 54 58 65 71 87 88 92 96 98 99 101 112 132 138 150 155 157 159 170
74 0 6 12 14 15 19 25 30 38 57 59 62 63 64 66 67 71 82 84 92 96 99 114 123 124 125 129 132 134 145 152 153 157 169 170 171 177
75 8 9 12 15 19 21 33 36 37 38 42 44 47 51 56 71 86 102 103 104 110 117 121 126 128 137 145 148 149 150 158 159 162 165 175
76 3 5 14 15 16 18 19 21 22 32 36 41 42 44 48 65 69 70 89 96 100 101 104 116 123 128 131 133 134 135 136 140 145 148 150 154 164 170 175 176
77 7 13 17 18 30 32 43 44 45 49 54 55 62 63 69 72 86 90 97 98 101 102 103 104 107 117 120 123 124 130 131 134 137 138 142 149 160 163 167 168 172 175 176
78 1 2 3 13 22 27 31 32 39 44 48 49 52 53 66 79 83 89 91 107 109 125 127 130 132 135 139 146 152 161 173 174 177
79 0 8 10 11 13 23 26 27 29 30 33 43 48 52 56 62 69 78 80 83 94 96 97 98 99 110 116 134 140 142 145 147 151 155 156 164 175 177
80 5 6 7 9 20 43 63 71 72 79 82 83 86 100 102 103 105 106 109 114 116 123 125 129 134 137 148 150 153 165 168 173 175
81 0 1 6 8 14 15 19 23 27 32 36 41 42 48 55 58 60 63 64 68 71 72 90 91 101 104 105 114 116 118 119 130 133 135 140 150 158 167 173
82 11 28 32 36 39 40 41 50 51 54 58 66 72 74 80 84 85 92 93 94 96 97 99 111 122 124 125 129 131 137 140 149 150 153 162 175
83 7 9 12 13 14 16 19 27 43 46 50 56 62 68 71 78 79 80 86 87 89 96 99 100 105 111 112 119 120 142 146 147 149 150 152 155 156 158 161 162 166 168 175 177
84 12 13 18 25 34 37 39 42 44 48 49 53 60 67 72 74 82 93 98 103 112 113 123 128 131 155 159 160 170 174 176
85 6 7 12 26 27 34 41 43 82 90 91 92 96 98 99 104 107 112 117 121 123 125 126 142 143 150 152 153 156 157 160
86 5 18 19 30 36 44 55 57 59 61 65 67 71 75 77 80 83 95 100 101 108 115 118 126 127 129 132 137 140 142 151 153 154 156 157 165 167
87 2 7 9 12 15 30 31 35 40 43 50 64 72 73 83 91 95 101 107 109 110 111 112 115 116 130 132 136 140 148 153 154 163 166 167 173
88 1 2 3 7 14 15 20 30 31 36 37 44 45 51 60 63 66 70 73 90 92 96 102 105 106 107 109 121 125 128 130 131 140 147 150 155 156 158 160 165 166 169 175 176
89 1 5 9 11 15 23 26 30 37 40 59 61 70 76 78 83 93 96 104 106 114 118 119 129 131 143 145 150 153 164 166 169 171 173 174 176
90 0 4 7 8 13 14 21 25 35 36 39 49 57 69 77 81 85 88 96 101 102 109 111 112 116 117 118 133 136 138 140 143 144 145 146 155 159 160 167 168 174
91 2 10 12 17 40 43 47 48 52 55 58 66 68 78 81 85 87 95 96 100 106 107 110 116 119 121 122 130 135 146 149 158 160 170 173 175
92 0 4 8 12 13 18 32 37 40 50 54 66 72 73 74 82 85 88 94 110 111 124 130 134 138 141 147 151 154 167 168 171
93 4 16 21 25 26 38 43 44 49 52 62 63 82 84 89 102 103 119 120 121 128 136 144 147 150 159 163 167 175 176
94 7 8 10 12 16 17 21 25 35 36 50 52 72 79 82 92 100 106 122 123 129 132 133 135 145 147 159 175
95 4 5 6 14 18 25 33 47 55 66 68 70 72 86 87 91 105 106 109 116 120 131 133 140 149 152 153 160 164 171 173 177
96 1 10 13 15 17 21 22 24 31 32 35 38 42 45 51 57 73 74 76 79 82 83 85 88 89 90 91 104 105 135 138 143 148 154 169 172
97 0 3 8 9 15 18 20 22 26 28 30 39 43 47 51 53 58 72 77 79 82 98 105 108 115 117 124 136 141 144 149 151 158 166 172 176
98 14 15 17 21 29 42 44 45 57 61 63 64 69 73 77 79 84 85 97 101 108 111 115 121 122 123 124 132 136 141 145 155 156 159 165 175 176
99 1 5 6 9 18 23 25 26 27 47 49 54 55 56 64 67 73 74 79 82 83 85 101 102 107 118 121 126 136 140 141 154 155 158 160 167 168 172
100 3 11 17 22 26 27 41 50 52 62 63 68 76 80 83 86 91 94 101 102 103 104 105 109 111 120 123 125 130 139 146 147 148 151 152 154 155 156 158 160 161 162 166 170 176
101 10 11 12 14 18 20 23 37 39 41 43 45 53 54 60 69 71 73 76 77 81 86 87 90 98 99 100 102 104 106 107 110 113 115 117 120 121 137 138 140 148 157 164 171 172 173 174
102 0 3 12 25 28 34 43 45 52 55 58 59 60 64 68 70 75 77 80 88 90 93 99 100 101 105 106 107 108 113 114 116 118 119 120 123 127 129 146 152 153 166 173 176
103 12 15 16 27 28 39 42 44 52 56 61 67 71 72 75 77 80 84 93 100 105 107 108 110 118 121 124 125 127 133 134 137 157 172 175
104 5 8 12 16 17 20 24 28 42 45 47 48 50 52 55 60 66 68 69 75 76 77 81 85 89 96 100 101 107 111 123 139 146 148 149 158 161 163 166 167 171
105 4 13 30 44 51 55 65 66 69 71 80 81 83 88 95 96 97 100 102 103 107 109 110 114 116 120 123 129 133 141 142 152 157 159 162 170 172
106 2 5 8 10 12 15 16 18 26 34 38 44 49 51 54 56 71 80 88 89 91 94 95 101 102 109 110 113 129 135 140 142 146 154 163 167 169 173
107 14 21 31 53 58 64 65 66 70 77 78 85 87 88 91 99 101 102 103 104 105 110 119 128 135 139 140 152 153 157 158 174 177
108 1 2 5 18 20 22 28 33 38 65 86 97 98 102 103 113 114 127 128 129 131 141 145 147 158 162 168 172 177
109 9 12 14 18 20 32 34 39 48 49 62 65 68 70 78 80 87 88 90 95 100 105 106 115 117 142 147 151 153 155 156 167 168 172 173
110 3 9 11 18 26 27 30 37 43 46 49 54 75 79 87 91 92 101 103 105 106 107 115 118 129 133 140 143 145 147 152 154 156 159 160 177
111 9 13 16 17 22 25 28 29 41 42 53 54 68 82 83 87 90 92 98 100 104 123 125 148 156 164 168 174 176 177
112 0 4 8 11 19 22 26 32 35 41 45 55 57 59 61 68 70 72 73 83 84 85 87 90 113 115 119 125 132 133 135 142 144 149 150 156 159 161 162 169 176
113 14 19 20 24 32 34 38 40 44 49 51 53 58 68 69 72 84 101 102 106 108 112 114 115 117 120 125 128 132 134 140 141 149 152 156 166 168 169 172
114 7 14 18 22 27 29 34 39 41 49 52 55 60 61 62 68 74 80 81 89 102 105 108 113 119 125 126 127 128 137 138 139 140 145 153 161 163 169 170 173 176 177
115 9 10 14 22 25 30 46 54 62 86 87 97 98 101 109 110 112 113 119 124 128 146 147 148 154 157 172
116 1 2 7 44 46 47 53 58 76 79 80 81 87 90 91 95 102 105 117 118 123 126 138 147 150 159 163 167 171 174
117 1 3 7 11 14 24 26 29 42 45 49 54 59 64 67 71 75 77 85 90 97 101 109 113 116 119 120 123 124 129 132 135 138 140 160 161 170 172 174 175
118 0 2 10 11 19 20 22 28 47 49 62 64 66 81 86 89 90 99 102 103 110 116 121 122 124 126 132 144 145 153 157 159 162 163 177
119 0 1 2 9 18 26 27 32 41 44 46 47 51 81 83 89 91 93 102 107 112 114 115 117 120 124 127 133 142 147 152 154 159 170 173 175
120 12 13 19 38 46 51 53 56 59 62 64 70 77 83 93 95 100 101 102 105 113 117 119 129 132 139 151 157 159 163 165 171 173 177
121 5 6 9 13 29 31 38 47 52 55 56 57 59 71 75 85 88 91 93 98 99 101 103 118 123 124 129 132 139 142 151 154 160 161 174 176
122 0 1 9 14 15 17 35 37 43 45 61 69 82 91 94 98 118 125 126 135 136 139 143 144 145 151 155 158 160 161 166 170 172 175
123 0 5 6 8 9 12 19 22 24 31 34 37 43 47 52 58 60 65 66 71 74 76 77 80 84 85 94 98 100 102 104 105 111 116 117 121 125 136 138 147 156 158 159 163 175 176
124 4 14 15 16 19 20 22 23 37 42 47 48 51 55 65 67 69 72 74 77 82 92 97 98 103 115 117 118 119 121 125 132 135 137 148 159 161 164 167 168 169 171
125 5 7 8 11 17 21 23 27 30 32 40 46 48 50 53 56 57 74 78 80 82 85 88 100 103 111 112 113 114 122 123 124 127 129 131 135 136 142 150 155 156 161 163 167
126 5 8 11 12 15 16 27 31 35 37 38 40 41 44 46 52 59 61 63 67 75 85 86 99 114 116 118 122 128 131 138 146 149 155 158 161 170 172 173 174 175
127 2 3 4 6 11 16 24 26 27 28 31 37 39 40 47 61 63 78 86 102 103 108 114 119 125 130 134 135 150 168 169 170 173
128 2 9 11 12 20 31 34 46 50 57 61 62 64 65 70 71 75 76 84 88 93 107 108 113 114 115 126 132 134 139 141 144 150 151 155 156 158 163 164 166
129 11 20 22 38 41 42 52 58 59 62 63 68 74 80 82 86 89 94 102 105 106 108 110 117 120 121 125 135 137 139 145 167
130 3 7 12 21 22 24 26 34 44 48 49 50 52 54 58 67 69 72 77 78 81 87 88 91 92 100 127 133 143 147 151 152 157 166 170 175
131 19 23 28 32 38 46 48 67 76 77 82 84 88 89 95 108 125 126 140 141 146 147 159 164
132 9 10 12 23 36 37 51 53 59 61 62 64 73 74 78 86 87 94 98 112 113 117 118 120 121 124 128 141 144 145 149 156 159 171 172 175
133 0 5 8 13 16 20 24 28 35 36 37 45 57 59 61 63 68 72 76 81 90 94 95 103 105 110 112 119 130 138 142 148 149 153 154 160 167 168 169 171 177
134 3 25 26 32 35 36 39 41 46 54 59 68 72 74 76 77 79 80 92 103 113 127 128 137 145 151 152 154 163 168 171
135 2 6 8 10 11 19 24 25 31 33 35 37 40 46 54 62 67 71 76 78 81 91 94 96 106 107 112 117 122 124 125 127 129 142 145 150 157 158 171 172 174 177
136 3 11 15 23 31 32 37 39 40 42 50 52 56 63 70 76 87 90 93 97 98 99 122 123 125 137 149 153 156 157 165 171 174 177
137 0 21 22 26 37 40 43 50 54 56 57 69 75 77 80 82 86 101 103 114 124 129 134 136 141 143 146 154 162 166 177
138 0 1 3 13 19 22 24 27 28 33 41 47 52 57 59 60 72 73 77 90 92 96 101 114 116 117 123 126 133 147 148 151 152 157 158 160 169
139 2 5 7 19 20 23 26 27 31 33 36 38 39 45 60 61 66 71 78 100 104 107 114 120 121 122 128 129 140 152 154 158 159 160 177
140 1 7 8 19 23 25 33 35 42 44 50 53 54 59 62 68 72 76 79 81 82 86 87 88 90 95 99 101 106 107 110 113 114 117 131 139 144 145 156 159 161 163 168 169 175
141 0 2 3 4 6 7 12 13 22 25 30 34 35 43 45 49 51 54 92 97 98 99 105 108 113 128 131 132 137 143 144 146 147 149 150 151 152 159 161 164 165 172
142 0 5 7 8 9 11 25 27 33 35 40 42 43 48 49 50 54 56 57 58 59 61 65 77 79 83 85 86 105 106 109 112 119 121 125 133 135 145 146 161
143 6 7 9 13 19 21 25 38 41 45 46 53 65 67 85 89 90 96 110 122 130 137 141 154 155 169 176
144 0 4 12 16 18 20 21 31 33 46 47 65 66 71 90 93 97 112 118 122 128 132 140 141 145 158 162 164 167 168 171 172 173 174
145 1 13 32 40 46 47 50 51 53 54 58 67 68 69 74 75 76 79 89 90 94 98 108 110 114 118 122 129 132 134 135 140 142 144 147 156 165 168 169 174
146 14 20 22 24 30 38 39 48 52 78 83 90 91 100 102 104 106 115 126 131 137 141 142 152 156 157 161 174
147 4 5 12 13 23 24 27 30 40 49 51 53 58 65 68 79 83 88 92 93 94 100 108 109 110 115 116 119 123 130 131 138 141 145 153 154 156 160 163
148 0 28 32 35 37 41 48 52 63 70 75 76 80 87 96 100 101 104 111 115 124 133 138 152 161 162 174 175
149 8 15 17 20 21 24 36 37 39 47 54 65 68 70 71 75 77 82 83 91 95 97 104 112 113 126 132 133 136 141 163 166 168 170 171
150 0 4 12 18 20 25 40 41 43 44 47 58 73 75 76 80 81 82 83 85 88 89 93 112 116 125 127 128 135 141 151 156 161 162 167
151 5 8 11 12 13 16 25 27 30 32 35 45 47 54 57 65 79 86 92 97 100 109 120 121 122 128 130 134 138 141 150 155 156 157 158 167
152 2 5 10 14 16 17 19 20 29 31 37 39 43 44 48 49 50 65 71 74 78 83 85 95 100 102 105 107 110 113 119 130 134 138 139 141 146 148 155 156 157 163 167 170 171 177
153 3 8 10 11 19 21 25 28 29 35 40 49 51 55 56 62 74 80 82 85 86 87 89 95 102 107 109 114 118 133 136 147 161 165 166 168
154 4 8 17 19 21 48 50 51 53 54 58 62 66 76 86 87 92 96 99 100 106 110 115 119 121 133 134 137 139 143 147 157 158 169 170 171 175
155 14 22 29 30 39 47 50 58 61 62 63 72 73 79 83 84 88 90 98 99 100 109 122 125 126 128 143 151 152 158 175
156 0 4 7 16 18 39 41 48 52 58 63 64 65 68 71 79 83 85 86 88 98 100 109 110 111 112 113 123 125 128 132 136 140 145 146 147 150 151 152 159 167 168 170 171 177
157 1 6 7 11 13 19 32 33 36 37 40 42 46 48 51 55 57 59 60 61 67 68 70 73 74 85 86 101 103 105 107 115 118 120 130 135 136 138 146 151 152 154 158 162 170 171
158 6 9 10 11 13 15 21 26 29 30 33 46 53 55 60 61 63 65 75 81 83 88 91 97 99 100 104 107 108 122 123 126 128 135 138 139 144 151 154 155 157 160 164 172 175 177
159 3 19 32 34 37 39 40 42 47 52 55 61 67 73 75 84 90 93 94 98 105 110 112 116 118 119 120 123 124 131 132 139 140 141 156 160 169 172 176
160 0 1 2 6 11 15 26 28 38 55 58 59 61 63 77 84 85 88 90 91 95 99 100 110 117 121 122 133 138 139 147 158 159 176
161 4 7 24 28 29 30 33 40 43 46 50 56 57 78 83 100 104 112 114 117 121 122 124 125 126 140 141 142 146 148 150 153 168 171 172 177
162 2 3 13 15 18 23 26 33 42 45 46 60 64 66 70 75 82 83 100 105 108 112 118 137 144 148 150 157 163 165 172 176
163 0 1 2 13 27 29 39 41 42 46 52 57 58 66 77 87 93 104 106 114 116 118 120 123 125 128 134 140 147 149 152 162 165 167
164 3 5 10 23 31 34 40 43 45 48 50 53 56 57 63 76 79 89 95 101 111 124 128 131 141 144 158 171 173
165 15 23 24 28 31 35 36 40 41 43 44 49 54 61 62 68 75 80 86 88 98 120 136 141 145 153 162 163 169 170
166 2 7 8 12 14 16 21 23 25 33 40 46 55 59 61 68 83 87 88 89 97 100 102 104 113 122 128 130 137 149 153 168 169 170 174 175 177
167 1 4 6 8 9 15 17 18 22 29 30 42 46 48 63 71 77 81 86 87 90 92 93 99 104 106 109 116 124 125 129 133 144 150 151 152 156 163 173 177
168 0 1 5 8 11 20 23 26 30 31 33 35 43 46 50 52 64 77 80 83 90 92 99 108 109 111 113 124 127 133 134 140 144 145 149 153 156 161 166 174 175
169 2 4 11 18 24 28 31 37 45 56 57 61 74 88 89 96 106 112 113 114 124 127 133 138 140 143 145 154 159 165 166 174
170 1 8 13 14 18 20 22 28 30 31 35 59 60 62 64 71 73 74 76 84 91 100 105 114 117 119 122 126 127 130 149 152 154 156 157 165 166 173 177
171 0 8 12 14 15 17 27 28 36 39 41 50 67 68 70 71 74 89 92 95 101 104 116 120 124 132 133 134 135 136 144 149 152 154 156 157 161 164 174 176
172 5 6 8 9 10 12 13 15 19 23 29 35 40 48 53 56 60 63 64 66 67 77 96 97 99 101 103 105 108 109 113 115 117 122 126 132 135 141 144 158 159 161 162 174
173 1 11 14 16 17 25 28 30 32 33 38 39 42 45 56 64 78 80 81 87 89 91 95 101 102 106 109 114 119 120 126 127 144 164 167 170 174
174 0 1 16 23 27 31 33 37 38 42 67 70 78 84 89 90 101 107 111 116 117 121 126 135 136 144 145 146 148 166 168 169 171 172 173 176 177
175 7 16 17 21 34 36 44 46 47 48 49 52 56 62 69 70 75 76 77 79 80 82 83 88 91 93 94 98 103 117 119 122 123 126 130 132 140 148 154 155 158 166 168
176 3 9 19 21 22 28 37 44 51 52 61 76 77 84 88 89 93 97 98 100 102 111 112 114 121 123 143 159 160 162 171 174
177 1 9 15 18 21 22 39 48 51 54 56 62 63 69 70 71 72 74 78 79 83 95 107 108 110 111 114 118 120 133 135 136 137 139 152 156 158 161 166 167 170 174
