117 1066
0 4 8 10 18 19 21 29 31 36 45 46 55 56 70 85 90 98 108 111
1 8 14 35 36 40 52 57 65 67 82 83 85 95 99 113 114
2 7 8 15 17 18 19 30 58 62 74 82 83 87 88 89 90 103 104 111 112
3 10 12 17 18 21 23 39 48 55 57 58 59 60 69 70 74 105 109 110 114 116
4 0 7 10 25 36 48 55 61 65 71 91 95 100 107 110 116
5 6 24 28 36 45 54 58 59 61 67 70 98 104 105 106 116
6 5 15 36 38 46 53 54 55 66 68 69 75 79 80 83 86 95 109 111 113
7 2 4 10 14 20 21 28 38 41 43 52 57 63 73 74 83 85 92 97 100 102
8 0 1 2 9 14 21 25 38 44 47 50 66 75 76 77 81 90 105 106
9 8 14 39 44 45 56 60 62 63 71 73 86 90 91 96 100 102 105 116
10 0 3 4 7 12 13 19 31 33 46 47 52 63 80 83 85 96 104 111 112
11 15 19 27 48 54 56 60 61 63 72 80 83 84 88 92 101 103 106 110 115 116
12 3 10 13 37 40 49 51 52 53 57 61 67 69 72 77 99 110 111
13 10 12 17 27 36 41 53 54 55 56 60 66 77 78 85 103
14 1 7 8 9 27 32 40 48 59 61 81 96 98 103 107
15 2 6 11 17 20 21 32 36 37 46 49 52 69 75 79 81 83 86 98 99 105 107 108
16 41 49 54 81 86
17 2 3 13 15 19 20 29 31 37 45 47 55 59 70 78 79 87 89 94 110 115
18 0 2 3 22 30 32 47 51 73 74 82 83 91 92 97 102
19 0 2 10 11 17 27 33 45 48 52 58 60 61 63 64 69 71 80 91 95 97 98 106 110 111
20 7 15 17 22 25 37 41 47 55 58 59 66 78 81 90 102 114
21 0 3 7 8 15 23 35 37 45 48 52 61 81 82 83 87 91 114
22 18 20 24 32 47 56 57 58 61 63 69 84 102 103 108 113
23 3 21 26 35 37 42 60 63 65 71 76 79 80 85 88 94 99 100 110 111
24 5 22 37 39 40 43 50 55 73 77 80 85 88 93 94 96 97 103 106 107 108 112 116
25 4 8 20 28 44 47 51 55 58 63 70 73 75 78 80 83 86 87 93 98 99 100 101 102
26 23 50 53 69 70 82 93 94 96 102 103 107 110
27 11 13 14 19 29 39 40 56 72 74 93 104 109 113
28 5 7 25 34 61 72 79 82 85 97 102 109 116
29 0 17 27 35 37 39 42 46 47 52 54 59 66 68 79 95 109 115
30 2 18 47 51 53 64 65 79 82 86 94 98 102 107 110
31 0 10 17 32 38 46 47 48 58 75 76 79 84 87 93 96 110
32 14 15 18 22 31 46 55 57 67 71 83 84 89 91 92 103
33 10 19 36 38 42 45 50 79 80 82 90 92 100 101 103 110 116
34 28 37 39 43 59 68 74 77 79 80 87 94 103
35 1 21 23 29 39 43 52 55 60 72 82 85 88 89 90 93 95 108
36 0 1 4 5 6 13 15 33 37 54 55 57 61 66 69 72 77 85 91 101 102 116
37 12 15 17 20 21 23 24 29 34 36 40 47 60 68 76 83 84 86 101 107 108 115
38 6 7 8 31 33 46 55 66 76 78 79 82 89 95 101 102 110 111 114
39 3 9 24 27 29 34 35 51 54 58 62 64 74 102 115
40 1 12 14 24 27 37 66 69 70 76 79 81 84 90 91 96 97 104 107 111
41 7 13 16 20 42 52 53 56 62 68 70 78 80 83 85 95 99 100 108 112 116
42 23 29 33 41 43 45 48 52 53 55 56 58 61 79 97 100 106 110 112 113 116
43 7 24 34 35 42 51 54 56 62 85 88 96
44 8 9 25 59 76 86 89 94 100 105 110 111
45 0 5 9 17 19 21 33 42 54 57 58 59 68 70 71 74 79 85 101 105 112 115
46 0 6 10 15 29 31 32 38 49 59 65 75 77 97 98 104 106 113
47 8 10 17 18 20 22 25 29 30 31 37 52 57 68 70 72 75 95 96 101 108
48 3 4 11 14 19 21 31 42 63 71 85 90 92 113
49 12 15 16 46 52 53 68 75 84 89 108 116
50 8 24 26 33 60 80 81 93
51 12 18 25 30 39 43 66 67 92 106 109 110 111 112
52 1 7 10 12 15 19 21 29 35 41 42 47 49 62 64 69 71 74 87 92 98 108
53 6 12 13 26 30 41 42 49 57 58 62 66 74 84 87 103 104 105 107 109 110 114 116
54 5 6 11 13 16 29 36 39 43 45 67 69 70 71 78 84 98 107 109
55 0 3 4 6 13 17 20 24 25 32 35 36 38 42 57 58 59 70 82 93 98 102 108 114 116
56 0 9 11 13 22 27 41 42 43 74 77 79 83 86 87 89 92 98 105 106 110 112 116
57 1 3 7 12 22 32 36 45 47 53 55 80 83 84 88 115
58 2 3 5 19 20 22 25 31 39 42 45 53 55 62 63 73 84 85 95 99 104 108
59 3 5 14 17 20 29 34 44 45 46 55 63 70 71 73 80 87 91 93 94 98 99 106 116
60 3 9 11 13 19 23 35 37 50 64 72 81
61 4 5 11 12 14 19 21 22 28 36 42 70 71 72 75 81 91 94 99 103 114 116
62 2 9 39 41 43 52 53 58 66 70 78 99 105 115
63 7 9 10 11 19 22 23 25 48 58 59 73 78 81 87 95 97 99 100 102 110
64 19 30 39 52 60 67 68 70 72 77 84 100 104 114
65 1 4 23 30 46 67 72 74 81 86 89 91 99 103 104 106 114 116
66 6 8 13 20 29 36 38 40 51 53 62 67 71 88 92 95 96 97 98 102 111 116
67 1 5 12 32 51 54 64 65 66 69 76 77 78 87 98 105 107
68 6 29 34 37 41 45 47 49 64 72 73 76 80 88 90 94 99 101 112 114
69 3 6 12 15 19 22 26 36 40 52 54 67 83 101 102 104 106
70 0 3 5 17 25 26 40 41 45 47 54 55 59 61 62 64 74 76 82 84 93 100 105 106 108
71 4 9 19 23 32 45 48 52 54 59 61 66 77 81 85 90 92 100 102 113
72 11 12 27 28 35 36 47 60 61 64 65 68 75 103 107 108
73 7 9 18 24 25 58 59 63 68 78 79 82 92 104 113
74 2 3 7 18 27 34 39 45 52 53 56 65 70 78 80 110 113
75 6 8 15 25 31 46 47 49 61 72 81 92 97 103 104 109
76 8 23 31 37 38 40 44 67 68 70 91 92 93 94 97 99 100 110 112 114
77 8 12 13 24 34 36 46 56 64 67 71 108
78 13 17 20 25 38 41 54 62 63 67 73 74 79 81 87 89 90 99 100 105 106 112 113
79 6 15 17 23 28 29 30 31 33 34 38 40 42 45 56 73 78 81 83 93 104 107 111 113
80 6 10 11 19 23 24 25 33 34 41 50 57 59 68 74 88 95 98 107
81 8 14 15 16 20 21 40 50 60 61 63 65 71 75 78 79 97 102 112
82 1 2 18 21 26 28 30 33 35 38 55 70 73 89 93 96 98 107 116
83 1 2 6 7 10 11 15 18 21 25 32 37 41 56 57 69 79 85 87 90 91 93 98 100 114
84 11 22 31 32 37 40 49 53 54 57 58 64 70 85 87 90 102 104 114
85 0 1 7 10 13 23 24 28 35 36 41 43 45 48 58 71 83 84 86 89 92
86 6 9 15 16 25 30 37 44 56 65 85 105
87 2 17 21 25 31 34 52 53 56 59 63 67 78 83 84 95 105 113
88 2 11 23 24 35 43 57 66 68 80 95 96 103
89 2 17 32 35 38 44 49 56 65 78 82 85 91 93 110
90 0 2 8 9 20 33 35 40 48 68 71 78 83 84 97 103 107 114 115
91 4 9 18 19 21 32 36 40 59 61 65 76 83 89 93
92 7 11 18 32 33 48 51 52 56 66 71 73 75 76 85 102 104 108 114 115
93 24 25 26 27 31 35 50 55 59 70 76 79 82 83 89 91 98 99 103 106 111 114
94 17 23 24 26 30 34 44 59 61 68 76 96 98 105 110 111
95 1 4 6 19 29 35 38 41 47 58 63 66 80 87 88 98 108 110
96 9 10 14 24 26 31 40 43 47 66 82 88 94 101
97 7 18 19 24 28 40 42 46 63 66 75 76 81 90 104 107 113
98 0 5 14 15 19 25 30 46 52 54 55 56 59 66 67 80 82 83 93 94 95 103 104
99 1 12 15 23 25 41 58 59 61 62 63 65 68 76 78 93 101 102
100 4 7 9 23 25 33 41 42 44 63 64 70 71 76 78 83 104 106 107 110 111
101 11 25 33 36 37 38 45 47 68 69 96 99 107 115
102 7 9 18 20 22 25 26 28 30 36 38 39 55 63 66 69 71 81 84 92 99 103 112
103 2 11 13 14 22 24 26 32 33 34 53 61 65 72 75 88 90 93 98 102 108 115
104 2 5 10 27 40 46 53 58 64 65 69 73 75 79 84 92 97 98 100 105
105 3 5 8 9 15 44 45 53 56 62 67 70 78 86 87 94 104 108 114
106 5 8 11 19 24 42 46 51 56 59 65 69 70 78 93 100 107 110 112
107 4 14 15 24 26 30 37 40 53 54 67 72 79 80 82 90 97 100 101 106
108 0 15 22 24 35 37 41 47 49 52 55 58 70 72 77 92 95 103 105 113 114
109 3 6 27 28 29 51 53 54 75 111 114
110 3 4 11 12 17 19 23 26 30 31 33 38 42 44 51 53 56 63 74 76 89 94 95 100 106 111 114
111 0 2 6 10 12 19 23 38 40 44 51 66 79 93 94 100 109 110
112 2 10 24 41 42 45 51 56 68 76 78 81 102 106
113 1 6 22 27 42 46 48 71 73 74 78 79 87 97 108
114 1 3 20 21 38 53 55 61 64 65 68 76 83 84 90 92 93 105 108 109 110 115
115 11 17 29 37 39 45 57 62 90 92 101 103 114
116 3 4 5 9 11 24 28 33 36 41 42 49 53 55 56 59 61 65 66 82
