53 339
0 8 12 15 17 19 26 32 40 41 43 45 48 49 51
1 3 4 8 13 30 33 41 42 43 47 48
2 5 12 19 20 22 25 26 32 33 34 40 42 43 48
3 1 9 14 17 18 20 22 31 32 33 43 46 51
4 1 5 8 14 17 19 21 27 32 39 43 47 49
5 2 4 13 23 29 39 49 50
6 11 12 21 26 32 33 35 46 47 49 50 51 52
7 9 14 19 21 27 35 39 40 41 43 45 46 52
8 0 1 4 10 11 18 23 24 25 27 29 35 37 40 42 43 48 50
9 3 7 10 20 24 25 27 40 43
10 8 9 12 21 22 23 25 27 35 39 41 46 47 49 51
11 6 8 21 25 27 29 30 37 38 40 42 43 46 47 50
12 0 2 6 10 13 15 19 27 28 30 35 42 43 44 47 48 50
13 1 5 12 15 17 20 26 28 29 39 42 48
14 3 4 7 18 19 21 22 25 30 31 37 43 45 49
15 0 12 13 16 19 25 28 30 40 42 46 48
16 15 17 25 30 31 37 38 39 43
17 0 3 4 13 16 19 21 22 29 31 35 39 45
18 3 8 14 19 24 27 28 29 30 32 33 34 36 38 41 45 47 49 50 51 52
19 0 2 4 7 12 14 15 17 18 23 43 47 48 49
20 2 3 9 13 21 34 39 41 50
21 4 6 7 10 11 14 17 20 24 26 30 34 47 48
22 2 3 10 14 17 25 26 37 38 39 40 42 46
23 5 8 10 19 24 28 32 33 38 42 49 50 51
24 8 9 18 21 23 27 34 37
25 2 8 9 10 11 14 15 16 22 29 37 42 46 50 51 52
26 0 2 6 13 21 22 29 43 45
27 4 7 8 9 10 11 12 18 24 29 30 35 36 37 45 46
28 12 13 15 18 23 30 37 45 49 50
29 5 8 11 13 17 18 25 26 27 30 37 42 43 45 49 52
30 1 11 12 14 15 16 18 21 27 28 29 31 36 40 46
31 3 14 16 17 30 35 51
32 0 2 3 4 6 18 23 33 36 39 44 45 52
33 1 2 3 6 18 23 32 34 40 41 42 52
34 2 18 20 21 24 33 35 44 46 51
35 6 7 8 10 12 17 27 31 34 37 44 47 52
36 18 27 30 32 40 45 47 49
37 8 11 14 16 22 24 25 27 28 29 35 40 42 44 47
38 11 16 18 22 23 41 42 48
39 4 5 7 10 13 16 17 20 22 32
40 0 2 7 8 9 11 15 22 30 33 36 37 43 45 47 52
41 0 1 7 10 18 20 33 38 43 52
42 1 2 8 11 12 13 15 22 23 25 29 33 37 38 46 47 49 52
43 0 1 2 3 4 7 8 9 11 12 14 16 19 26 29 40 41 47 49
44 12 32 34 35 37 45 46
45 0 7 14 17 18 26 27 28 29 32 36 40 44 46 48
46 3 6 7 10 11 15 22 25 27 30 34 42 44 45 49
47 1 4 6 10 11 12 18 19 21 35 36 37 40 42 43
48 0 1 2 8 12 13 15 19 21 38 45 49 50
49 0 4 5 6 10 14 18 19 23 28 29 36 42 43 46 48
50 5 6 8 11 12 18 20 23 25 28 48
51 0 3 6 10 18 23 25 31 34
52 6 7 18 25 29 32 33 35 40 41 42
