77 703
0 3 8 9 17 20 21 23 25 26 27 31 36 39 42 43 45 63 67 69 75
1 5 6 9 20 22 29 35 36 38 42 43 46 53 58 60 63 67 75
2 3 6 12 13 14 15 17 22 23 26 28 29 30 43 50 51 53 62 65 69 70 72 73
3 0 2 5 8 20 21 35 36 42 50 52 58 60 61 72 73
4 6 8 10 12 13 18 25 29 30 33 34 35 37 39 40 44 48 51 53 61 62 66 68 71 76
5 1 3 6 8 13 16 17 19 22 29 30 32 33 35 46 50 51 52 53 58 59 62 64 68 69 70
6 1 2 4 5 9 12 14 18 27 30 32 40 44 45 46 52 58 59 60 65 67 71 73 75
7 12 14 25 26 33 35 49 50 66 71 76
8 0 3 4 5 12 20 21 22 25 28 30 32 33 37 39 41 44 45 46 48 52 55 57 60 65 75
9 0 1 6 10 16 17 19 21 23 27 31 38 39 43 53 56 59 61 62 74
10 4 9 11 16 18 20 21 27 31 35 38 39 41 43 46 50 60 62 70 72 73
11 10 12 13 19 20 23 26 27 36 45 47 51 52 55 59 61 62 69 70 75
12 2 4 6 7 8 11 13 19 21 24 26 28 30 33 35 43 44 46 48 49 54 75 76
13 2 4 5 11 12 16 32 33 38 43 46 49 58 63 65 70
14 2 6 7 16 17 18 25 36 47 52 60 64 66 70
15 2 20 27 29 32 36 37 39 40 41 47 50 51 53 62 64 66 76
16 5 9 10 13 14 22 30 31 42 45 50 57 61 66 70
17 0 2 5 9 14 18 33 35 36 37 39 44 47 48 49 50 56 62 66 70 75 76
18 4 6 10 14 17 20 21 33 40 54 56 61 66 76
19 5 9 11 12 23 31 34 41 44 49 63 69 76
20 0 1 3 8 10 11 15 18 21 35 38 44 46 47 49 50 56 58 59 60 67 72
21 0 3 8 9 10 12 18 20 24 40 47 53 56 58 59 66 74 76
22 1 2 5 8 16 28 31 34 39 40 45 57 63 67 68 69
23 0 2 9 11 19 24 30 34 38 46 49 53 54 58 59 61 67 69 70 76
24 12 21 23 34 39 41 47 54 58 60 66
25 0 4 7 8 14 29 30 31 33 34 36 39 43 47 57 59 65
26 0 2 7 11 12 27 28 34 35 41 47 50 53 54 55 57 58 59 61 62 64 71 73 76
27 0 6 9 10 11 15 26 34 38 41 55 56 57 59 62 64 66 67 72 73 74 75
28 2 8 12 22 26 29 31 32 38 39 43 45 47 50 53 64 67 72
29 1 2 4 5 15 25 28 30 31 36 37 43 49 50 51 52 56 58 63 67 71 75
30 2 4 5 6 8 12 16 23 25 29 35 36 44 46 59 60 61 66 70 74
31 0 9 10 16 19 22 25 28 29 34 35 39 41 42 43 44 45 47 59 64 65 66 67 70 71 72 75
32 5 6 8 13 15 28 38 42 43 46 52 53 61 65 72 74
33 4 5 7 8 12 13 17 18 25 39 41 43 45 56 58 67
34 4 19 22 23 24 25 26 27 31 38 58 64 66 73
35 1 3 4 5 7 10 12 17 20 26 30 31 38 42 47 50 51 58 61 62 72 75
36 0 1 3 11 14 15 17 25 29 30 56 57 58 69 73
37 4 8 15 17 29 40 53 55 56 62 69 71 75 76
38 1 9 10 13 20 23 27 28 32 34 35 41 47 54 56 57 62 65 67 70 71 72
39 0 4 8 9 10 15 17 22 24 25 28 31 33 49 54 63 67 68
40 4 6 15 18 21 22 37 46 51 54 58 61 68 71 73
41 8 10 15 19 24 26 27 31 33 38 43 47 50 52 65 68 71
42 0 1 3 16 31 32 35 43 57 71 76
43 0 1 2 9 10 12 13 25 28 29 31 32 33 41 42 50 58 61 66
44 4 6 8 12 17 19 20 30 31 49 57 63 66 67 71 74
45 0 6 8 11 16 22 28 31 33 51 62 68 70 73 75
46 1 5 6 8 10 12 13 20 23 30 32 40 51 55 58 61 71
47 11 14 15 17 20 21 24 25 26 28 31 35 38 41 51 58 63
48 4 8 12 17 49 54 56 58 62 71 73
49 7 12 13 17 19 20 23 29 39 44 48 56 58 59 71 72 73
50 2 3 5 7 10 15 16 17 20 26 28 29 35 41 43 53 61 63 69 76
51 2 4 5 11 15 29 35 40 45 46 47 55 59 60 63 70
52 3 5 6 8 11 14 29 32 41 56 62 66 68 76
53 1 2 4 5 9 15 21 23 26 28 32 37 50 54 56 57 58 60 61 64 74
54 12 18 23 24 26 38 39 40 48 53 60 61 70 73
55 8 11 26 27 37 46 51 56 60 68 70 72 75 76
56 9 17 18 20 21 27 29 33 36 37 38 48 49 52 53 55 57 61 62 67 69
57 8 16 22 25 26 27 36 38 42 44 53 56 60 72 73 75
58 1 3 5 6 13 20 21 23 24 26 29 33 34 35 36 40 43 46 47 48 49 53 62 66 67 72 73 74 75 76
59 5 6 9 11 20 21 23 25 26 27 30 31 49 51 65
60 1 3 6 8 10 14 20 24 30 51 53 54 55 57 63 65 68
61 3 4 9 11 16 18 23 26 30 32 35 40 43 46 50 53 54 56 69 70 75
62 2 4 5 9 10 11 15 17 26 27 35 37 38 45 48 52 56 58 63 67 70 76
63 0 1 13 19 22 29 39 44 47 50 51 60 62 67 70 76
64 5 14 15 26 27 28 31 34 53 69 71 75
65 2 6 8 13 25 31 32 38 41 59 60 68 74 75
66 4 7 14 15 16 17 18 21 24 27 30 31 34 43 44 52 58 67 71
67 0 1 6 20 22 23 27 28 29 31 33 38 39 44 56 58 62 63 66 70 73
68 4 5 22 39 40 41 45 52 55 60 65 72 75 76
69 0 2 5 11 19 22 23 36 37 50 56 61 64 70 71
70 2 5 10 11 13 14 16 17 23 30 31 38 45 51 54 55 61 62 63 67 69 73 76
71 4 6 7 26 29 31 37 38 40 41 42 44 46 48 49 64 66 69 73 74 75 76
72 2 3 10 20 27 28 31 32 35 38 49 55 57 58 68 74 76
73 2 3 6 10 26 27 34 36 40 45 48 49 54 57 58 67 70 71 74 76
74 9 21 27 30 32 44 53 58 65 71 72 73 76
75 0 1 6 8 11 12 17 27 29 31 35 37 45 55 57 58 61 64 65 68 71
76 4 7 12 15 17 18 19 21 23 26 37 42 50 52 55 58 62 63 68 70 71 72 73 74
