58 256
0 1 4 6 19 21 33 34 36 43
1 0 2 11 13 18 19 23 30 40 44 50 52 56 57
2 1 7 8 12 20 23 32
3 14 16 21 38 39
4 0 13 18 21 22 32 36 48 50 53
5 17 20 25 27 37
6 0 12 18 19 34 35 46 52 53
7 2 8 23 32 33 43 49 52
8 2 7 18 24 33 41 42 43 46 48 49
9 19 22 24 25 29 30 34 36 45 47 56
10 20 23 38 42 43 46 50
11 1 15 23 33 34 35 49 56
12 2 6 23 27 28 47
13 1 4 26 32 37 45 54
14 3 21 23 26 27 28 39 41 52
15 11 17 26 28 30 49 53 55 56
16 3 38 41 45 50
17 5 15 23 25 28 37 45 48 49
18 1 4 6 8 38 42
19 0 1 6 9 21 30 43 47 49
20 2 5 10 21 27 30 31 36 41 48 57
21 0 3 4 14 19 20 24 26 29 31 33 34 36
22 4 9 35 46 52 55
23 1 2 7 10 11 12 14 17 31 32 45 46 51 54
24 8 9 21 26 34 36 41 43 47
25 5 9 17 29 38 41 48 50 52 55
26 13 14 15 21 24 33 34 35 37 49 54
27 5 12 14 20 28 33 48 49 51 53
28 12 14 15 17 27 37 44 47 50
29 9 21 25 39 42 43 48 54
30 1 9 15 19 20 34 36 47 49
31 20 21 23 34 45 51
32 2 4 7 13 23 37 41 47 51
33 0 7 8 11 21 26 27 41 47 50
34 0 6 9 11 21 24 26 30 31 36 39 41 56
35 6 11 22 26 37
36 0 4 9 20 21 24 30 34 46 47 51 52
37 5 13 17 26 28 32 35 39 49 56
38 3 10 16 18 25 40 42 46 57
39 3 14 29 34 37 48
40 1 38 43 45 53 57
41 8 14 16 20 24 25 32 33 34 46 47 52 54
42 8 10 18 29 38 44
43 0 7 8 10 19 24 29 40 45 55 56 57
44 1 28 42 46 56
45 9 13 16 17 23 31 40 43 47 56
46 6 8 10 22 23 36 38 41 44 49
47 9 12 19 24 28 30 32 33 36 41 45 57
48 4 8 17 20 25 27 29 39 51 54
49 7 8 11 15 17 19 26 27 30 37 46 55
50 1 4 10 16 25 28 33
51 23 27 31 32 36 48 55
52 1 6 7 14 22 25 36 41 57
53 4 6 15 27 40 54 56
54 13 23 26 29 41 48 53
55 15 22 25 43 49 51 56
56 1 9 11 15 34 37 43 44 45 53 55
57 1 20 38 40 43 47 52
