193 3181
0 2 15 21 33 41 42 46 50 61 83 115 122 126 127 128 130 132 133 134 146 156 162 165 174 175 176 177 180 186 187 189 190
1 12 16 18 19 20 31 35 56 58 62 63 76 85 91 98 100 105 110 111 113 119 130 131 132 143 144 154 162 176 187
2 0 4 6 10 20 26 29 33 34 40 44 47 49 51 53 56 60 77 83 85 89 92 94 98 102 111 114 115 130 136 143 144 152 154 155 157 163 168 175 179 184
3 6 9 13 14 15 18 30 32 34 41 50 53 54 55 59 68 70 72 81 82 85 86 95 98 106 107 117 119 120 121 126 133 144 152 154 160 171 176 178 182 184 188 190
4 2 8 11 29 42 50 51 52 53 54 58 70 75 78 85 89 96 100 112 127 128 132 140 151 156 157 162 163 164 168 172 173 180 185 192
5 15 16 24 27 40 41 46 50 53 66 83 85 87 94 104 115 125 146 147 148 151 155 159 165 166 167 176 179 186
6 2 3 25 29 30 31 33 37 39 42 43 55 56 60 69 71 75 77 80 83 86 104 107 109 119 120 121 125 129 137 141 145 147 149 152 161 184 188
7 10 16 24 27 32 37 39 50 53 54 55 61 62 67 72 75 80 107 109 110 111 113 120 123 140 150 152 161 167 169 170 172 187
8 4 11 19 21 25 26 40 42 46 50 54 58 59 63 67 69 71 72 75 76 87 91 95 103 119 123 125 127 139 142 144 148 153 155 167 169 171 173 177 185 187
9 3 13 14 18 28 31 32 34 39 41 42 43 47 52 58 60 62 67 77 80 82 112 117 131 137 140 151 157 169 184 190
10 2 7 24 28 30 33 34 36 37 44 51 52 63 85 97 104 106 113 141 147 149 165 168 171 172 176
11 4 8 14 19 20 27 42 53 61 64 69 77 79 98 113 117 125 130 137 147 160 163 164 167 192
12 1 18 21 36 38 39 43 44 67 76 89 90 92 93 94 105 109 127 133 134 137 144 147 154 164 167 169 178 182 187
13 3 9 18 30 31 36 42 47 48 56 61 62 72 80 92 94 97 98 101 103 104 106 114 115 122 125 129 130 132 135 142 155 156 159 165 166 173 174 177 181 190 192
14 3 9 11 20 26 35 40 41 47 58 72 78 94 100 116 118 122 128 130 134 140 142 143 151 170 175 181 187
15 0 3 5 17 21 22 24 28 35 45 47 54 79 88 93 94 118 123 128 130 131 139 141 143 147 155 159 165 168 169 189
16 1 5 7 17 35 37 38 43 55 66 69 75 78 79 90 92 98 100 108 113 116 136 140 145 149 160 162 169 172 177 187 188
17 15 16 25 27 30 33 39 40 45 47 48 50 51 54 65 68 86 89 94 97 103 104 106 108 109 111 112 118 119 120 130 140 141 143 150 152 154 161 163 166 173 174 180 182 183 186
18 1 3 9 12 13 19 30 32 33 49 53 55 56 74 77 81 82 92 94 97 108 117 120 122 123 128 137 139 146 147 160 162 169 172
19 1 8 11 18 24 28 29 48 53 55 59 64 65 66 70 81 85 87 93 96 99 106 118 127 131 140 143 148 155 174 178 180 190
20 1 2 11 14 39 54 67 75 78 81 90 96 97 102 105 112 116 119 123 124 125 130 141 142 147 152 154 161 167 168 169 177 189
21 0 8 12 15 24 28 31 53 54 55 60 64 76 80 81 85 90 93 111 124 130 133 134 136 138 141 154 155 160 165 183 186 187
22 15 29 30 35 37 41 45 59 66 68 76 82 93 95 96 102 110 121 123 130 134 138 145 158 160 168 171 173 175 189
23 24 32 42 46 59 62 65 70 72 73 77 86 92 99 100 103 104 114 116 131 137 139 142 143 148 151 153 176 180 185 191 192
24 5 7 10 15 19 21 23 25 29 44 46 47 61 64 70 73 74 76 80 86 92 107 111 113 117 129 131 138 151 152 154 170 180 182 183
25 6 8 17 24 27 33 38 42 43 51 54 56 57 59 64 65 68 73 94 115 120 136 148 153 155 167 179 182 188 190
26 2 8 14 34 38 40 42 49 56 70 71 88 89 93 97 106 107 108 111 118 136 138 151 157 163 170 171 173 176 178 189
27 5 7 11 17 25 34 41 47 57 64 71 73 79 82 90 94 96 101 102 110 118 123 125 135 147 149 150 155 157 160 161 164 167 168 169 178 179
28 9 10 15 19 21 35 38 39 59 63 64 76 81 88 92 96 108 116 119 120 127 132 135 136 142 154 155 159 166 169 177 178 180 183 187 188 191
29 2 4 6 19 22 24 30 35 39 41 45 49 60 69 94 99 117 131 132 134 141 144 145 150 152 153 157 160 168 170 171 174 184 185
30 3 6 10 13 17 18 22 29 36 40 49 52 61 74 76 94 97 108 110 130 143 145 146 153 163 170 180
31 1 6 9 13 21 35 38 45 47 55 59 60 64 66 70 74 75 79 86 89 90 93 94 102 105 115 116 122 123 124 146 149 157 172 185 189
32 3 7 9 18 23 41 46 48 68 72 75 85 95 96 100 107 111 117 118 122 127 132 160 170 192
33 0 2 6 10 17 18 25 38 65 66 70 71 75 83 95 96 105 112 116 119 130 144 150 162 167 169 171 176 177 180 187
34 2 3 9 10 26 27 35 39 54 60 69 71 72 95 100 107 111 122 125 126 142 151 168 173 180 188
35 1 14 15 16 22 28 29 31 34 36 40 42 44 50 51 56 59 62 75 76 84 86 91 92 99 101 108 115 117 120 124 129 134 141 149 152 153 165 166 170 177 179 192
36 10 12 13 30 35 40 47 58 60 62 64 66 84 89 90 93 95 97 113 114 118 128 132 143 145 147 155 161 169 177 178 183
37 6 7 10 16 22 40 43 49 53 59 65 68 71 85 89 102 103 105 107 110 116 119 120 126 130 137 144 146 174 179 189 192
38 12 16 25 26 28 31 33 46 47 50 53 54 58 65 69 75 81 85 93 100 124 132 134 143 148 151 152 153 158 159 174 176 185 186
39 6 7 9 12 17 20 28 29 34 55 70 73 83 84 95 106 108 110 116 118 120 126 128 129 135 139 141 150 154 157 161 179 180 181 186
40 2 5 8 14 17 26 30 35 36 37 45 46 52 58 60 63 65 73 74 79 88 90 91 106 127 132 135 141 146 147 148 149 156 163 178 182 187 191
41 0 3 5 9 14 22 27 29 32 45 47 54 59 61 92 104 109 112 123 140 142 159 162 168 169 172 181 192
42 0 4 6 8 9 11 13 23 25 26 35 47 48 55 59 60 64 67 68 70 79 89 104 109 111 116 126 128 130 136 156 157 166 172 175 183 186
43 6 9 12 16 25 37 45 46 47 51 52 55 62 64 74 91 93 96 105 108 112 115 126 134 135 136 144 145 149 150 152 159 161 163 167 171 186 188
44 2 10 12 24 35 50 56 57 59 60 61 62 68 91 92 112 113 116 119 121 129 137 138 146 148 149 154 157 162 166 172 175 177 178 180 184 187 190
45 15 17 22 29 31 40 41 43 63 70 77 83 86 89 95 102 105 115 117 119 154 176 183 187
46 0 5 8 23 24 32 38 40 43 47 49 69 79 83 89 96 99 102 105 109 122 129 138 144 146 148 155 166 175 186 191
47 2 9 13 14 15 17 24 27 31 36 38 41 42 43 46 50 52 54 76 91 99 106 113 124 129 133 144 162 163 167 182 188 191
48 13 17 19 32 42 52 56 64 65 67 69 74 84 101 111 117 134 152 154 173 174 176 177 188 189 190
49 2 18 26 29 30 37 46 53 54 61 69 70 72 76 78 81 84 91 92 93 101 115 118 120 128 129 132 147 152 160 170 178 188
50 0 3 4 5 7 8 17 35 38 44 47 53 57 60 61 64 68 69 71 83 101 110 112 114 116 119 120 136 138 139 148 150 151 153 171 174 189
51 2 4 10 17 25 35 43 53 65 68 86 89 94 98 117 134 136 139 140 142 149 151 167 171 173 175 179 181 183 188
52 4 9 10 30 40 43 47 48 63 64 67 75 76 79 81 86 107 109 115 118 124 130 132 135 142 146 150 154 163 166 167 168 174 176
53 2 3 4 5 7 11 18 19 21 37 38 49 50 51 56 65 70 77 87 89 93 101 103 108 118 120 125 133 170 177 185 186 188
54 3 4 7 8 15 17 20 21 25 34 38 41 47 49 59 62 63 69 70 71 80 85 86 91 94 101 105 112 118 127 129 132 139 142 150 155 156 162 169 174 180 182 184 185
55 3 6 7 16 18 19 21 31 39 42 43 56 62 91 93 95 98 99 108 109 114 115 118 119 134 145 150 152 170 172
56 1 2 6 13 18 25 26 35 44 48 53 55 59 64 77 78 80 85 93 96 109 116 117 118 120 122 128 134 137 138 139 149 150 152 153 164 180 184 189
57 25 27 44 50 59 61 64 67 73 74 78 84 90 96 98 110 113 116 122 133 136 138 148 160 163 166 168 171 172 179 187
58 1 4 8 9 14 36 38 40 66 73 89 91 95 96 101 105 115 117 126 135 139 148 151 153 155 157 162 168 178 180 192
59 3 8 19 22 23 25 28 31 35 37 41 42 44 54 56 57 61 65 67 72 99 102 119 121 122 127 129 134 140 143 146 147 157 168 171 180 184 189
60 2 6 9 21 29 31 34 36 40 42 44 50 61 64 69 74 86 95 96 98 101 106 108 109 119 122 133 134 140 146 150 156 158 161 168 172 175 177 184 190
61 0 7 11 13 24 30 41 44 49 50 57 59 60 74 78 98 100 103 106 107 133 135 142 143 144 146 147 155 159 171 173 176 186
62 1 7 9 13 23 35 36 43 44 54 55 65 70 74 76 85 89 119 126 133 137 161 185 186
63 1 8 10 28 40 45 52 54 64 65 66 70 77 81 85 87 105 108 115 117 122 124 126 135 138 151 154 160 164 174 176 177 191
64 11 19 21 24 25 27 28 31 36 42 43 48 50 52 56 57 60 63 67 73 80 87 94 96 101 104 113 116 118 121 128 129 130 133 135 153 158 163 165 176 180 183
65 17 19 23 25 33 37 38 40 48 51 53 59 62 63 89 93 95 98 106 107 108 114 121 131 140 158 161 162 165 174 178 181
66 5 16 19 22 31 33 36 58 63 70 79 93 98 99 112 118 130 153 154 157 163 165 168 183 190
67 7 8 9 12 20 42 48 52 57 59 64 69 70 71 82 86 94 107 113 114 118 139 140 142 143 148 157 162 174 184
68 3 17 22 25 32 37 42 44 50 51 73 75 76 77 80 98 103 107 109 114 124 125 126 128 131 137 138 140 160 162 164 170 173 175 189 190
69 6 8 11 16 29 34 38 46 48 49 50 54 60 67 77 79 80 86 89 92 104 118 121 127 130 132 138 140 142 143 161 164 173 180 191
70 3 4 19 23 24 26 31 33 39 42 45 49 53 54 62 63 66 67 71 78 83 85 88 111 113 115 116 138 149 155 163 165 166 170 172 178 179
71 6 8 26 27 33 34 37 50 54 67 70 75 79 90 95 96 98 99 101 105 106 107 116 121 125 127 129 139 141 143 145 148 151 152 154 159 160 162 166 171 175 180
72 3 7 8 13 14 23 32 34 49 59 77 84 88 90 104 112 122 124 133 135 137 143 150 165 176 188
73 23 24 25 27 39 40 57 58 64 68 85 89 94 104 105 112 113 115 117 119 133 136 143 149 158 165 167 170 171 172 185 192
74 18 24 30 31 40 43 48 57 60 61 62 75 76 81 85 87 93 96 103 111 112 113 128 129 131 137 140 142 151 153 154 157 167 176 177 179 184 190
75 4 6 7 8 16 20 31 32 33 35 38 52 68 71 74 83 92 93 109 112 118 120 131 134 138 139 140 141 160 163 179 180 183
76 1 8 12 21 22 24 28 30 35 47 49 52 62 68 74 77 83 93 96 110 115 122 123 126 127 135 139 149 152 156 157 159 164 183 184 187
77 2 6 9 11 18 23 45 53 56 63 68 69 72 76 85 86 100 103 104 108 109 114 116 118 119 125 130 137 138 142 148 153 155 161 188
78 4 14 16 20 49 56 57 61 70 83 84 85 87 103 109 110 112 122 124 125 128 131 141 143 148 152 153 157 166 169 172 179 181 184 191
79 11 15 16 27 31 40 42 46 52 66 69 71 85 93 100 105 107 110 123 126 141 146 158 166 173 178 182
80 6 7 9 13 21 24 54 56 64 68 69 85 86 97 105 106 112 116 117 118 123 127 129 138 148 150 151 161 162 166 172 179 181
81 3 18 19 20 21 28 38 49 52 63 74 83 88 95 103 108 110 117 120 128 142 173 174 183 191
82 3 9 18 22 27 67 86 93 98 102 103 111 118 126 132 134 138 141 160 161 169 177 178 189
83 0 2 5 6 33 39 45 46 50 70 75 76 78 81 84 91 93 95 110 111 115 119 124 145 154 159 162 179 187
84 35 36 39 48 49 57 72 78 83 85 89 98 103 106 126 129 136 138 148 149 151 165 167 189 190
85 1 2 3 4 5 10 19 21 32 37 38 54 56 62 63 70 73 74 77 78 79 80 84 86 99 101 102 103 119 120 126 130 138 144 156 160 165 187 191 192
86 3 6 17 23 24 31 35 45 51 52 54 60 67 69 77 80 82 85 88 91 101 103 114 120 123 125 127 129 130 131 132 138 140 153 154 159 163 173 176 190 192
87 5 8 19 53 63 64 74 78 88 93 98 102 116 123 124 139 143 148 153 157 159 162 169 170 174 188 191
88 15 26 28 40 70 72 81 86 87 96 106 110 118 124 126 131 137 139 148 156 161 182 185
89 2 4 12 17 26 31 36 37 42 45 46 51 53 58 62 65 69 73 84 109 112 125 128 133 135 140 152 169 182 187 189 191
90 12 16 20 21 27 31 36 40 57 71 72 92 94 96 104 107 109 113 121 136 138 145 146 149 150 154 160 162 173 178 180 185
91 1 8 35 40 43 44 47 49 54 55 58 83 86 95 110 112 128 132 143 144 151 156 159 166 167 191
92 2 12 13 16 18 23 24 28 35 41 44 49 69 75 90 98 122 126 130 131 132 149 151 158 159 160 166 175 185 189
93 12 15 19 21 22 26 31 36 38 43 49 53 55 56 65 66 74 75 76 79 82 83 87 94 104 109 114 125 134 137 142 145 156 159 161 162 164 170 177
94 2 5 12 13 14 15 17 18 25 27 29 30 31 51 54 64 67 73 90 93 100 104 126 131 135 136 173 174 186 190
95 3 8 22 32 33 34 36 39 45 55 58 60 65 71 81 83 91 111 113 116 117 129 139 140 148 167 170 172 189
96 4 19 20 22 27 28 32 33 43 46 56 57 58 60 64 71 74 76 88 90 101 103 104 105 118 124 126 131 136 137 143 155 160 178 180 182 183 184 185 186
97 10 13 17 18 20 26 30 36 80 105 113 122 134 153 160 161 167 174 178 180 182 184 185 191
98 1 2 3 11 13 16 51 55 57 60 61 65 66 68 71 82 84 87 92 121 149 160 162 169 185 190
99 19 23 29 35 46 47 55 59 66 71 85 100 105 109 111 122 125 128 131 134 135 156 166 167 169 173 174 177 179 181 187 188 191 192
100 1 4 14 16 23 32 34 38 61 77 79 94 99 118 119 125 126 129 132 134 140 147 151 157 164 169 173 176
101 13 27 35 48 49 50 53 54 58 60 64 71 85 86 96 105 122 125 127 128 131 134 137 138 140 141 143 146 150 155 156 167 168 174 184 188
102 2 20 22 27 31 37 45 46 59 82 85 87 103 106 109 123 127 142 145 149 156 158 168 179 184 187 188 190 191
103 8 13 17 23 37 53 61 68 74 77 78 81 82 84 85 86 96 102 109 113 115 116 125 134 147 149 157 179 185
104 5 6 10 13 17 23 41 42 64 69 72 73 77 90 93 94 96 107 111 115 117 125 126 128 130 136 137 152 160 166 175 180 181 188 192
105 1 12 20 31 33 37 43 45 46 54 58 63 71 73 79 80 96 97 99 101 106 112 123 130 134 140 144 149 153 159 183 184 188 190
106 3 10 13 17 19 26 39 40 47 60 61 65 71 80 84 88 102 105 108 110 118 124 127 130 151 153 155 160 162 168 180 182
107 3 6 7 24 26 32 34 37 52 61 65 67 68 71 79 90 104 122 128 135 136 140 150 152 153 168 170 171 175 176 178
108 16 17 18 26 28 30 35 39 43 53 55 60 63 65 77 81 106 130 135 137 143 146 148 153 155 158 161 165 174 178 180 187 191 192
109 6 7 12 17 41 42 46 52 55 56 60 68 75 77 78 89 90 93 99 102 103 113 120 131 137 150 156 163 165 168 179 181 184 187 191 192
110 1 7 22 27 30 37 39 50 57 76 78 79 81 83 88 91 106 111 114 122 126 133 134 136 137 139 142 157 160 161 163 167 169 170 176 179 180 188
111 1 2 7 17 21 24 26 32 34 42 48 70 74 82 83 95 99 104 110 119 120 129 130 131 135 139 140 145 147 151 153 158 164 172 176 182
112 4 9 17 20 33 41 43 44 50 54 66 72 73 74 75 78 80 89 91 105 115 121 122 126 138 150 154 166 180 183 189
113 1 7 10 11 16 24 36 44 47 57 64 67 70 73 74 90 95 97 103 109 125 126 128 133 138 152 153 159 160 162 178 189
114 2 13 23 36 50 55 65 67 68 77 86 93 110 115 116 120 123 125 135 136 144 145 163 164 169 177
115 0 2 5 13 25 31 35 43 45 49 52 55 58 63 70 73 76 83 103 104 112 114 120 121 123 127 131 151 164 172 173 179
116 14 16 20 23 28 31 33 37 39 42 44 50 56 57 64 70 71 77 80 87 95 103 114 118 127 135 137 140 142 144 146 152 154 172 173 176 177 179 181
117 3 9 11 18 24 29 32 35 45 48 51 56 58 63 73 80 81 95 104 122 127 131 132 136 146 147 149 157 163 181 190
118 14 15 17 19 26 27 32 36 39 49 52 53 54 55 56 64 66 67 69 75 77 80 82 88 96 100 106 116 123 138 139 141 142 146 168 171 172 173 179 181 182 191
119 1 3 6 8 17 20 28 33 37 44 45 50 55 59 60 62 73 77 83 85 100 111 120 124 129 132 134 135 137 151 157 159 160 164 176 179 184 187
120 3 6 7 17 18 25 28 35 37 39 49 50 53 56 75 81 85 86 109 111 114 115 119 122 124 126 129 177 185
121 3 6 22 44 59 64 65 69 71 90 98 112 115 134 143 147 160 177 181 183 184 186
122 0 13 14 18 31 32 34 46 56 57 59 60 63 72 76 78 92 97 99 101 107 110 112 117 120 127 177 182 189
123 7 8 15 18 20 22 27 31 41 76 79 80 86 87 102 105 114 115 118 131 134 137 138 143 153 155 159 168 186 187
124 20 21 31 35 38 47 52 63 68 72 78 83 87 88 96 106 119 120 125 128 132 134 135 138 140 141 143 158 161 162 164 171 175 182
125 5 6 8 11 13 20 27 34 53 68 71 77 78 86 89 93 99 100 101 103 104 113 114 124 138 140 142 143 145 170 175 181
126 0 3 34 37 39 42 43 58 62 63 68 76 79 82 84 85 88 92 94 96 100 104 110 112 113 120 132 140 142 147 149 150 153 162 166 168 173 181 183 184 185 188
127 0 4 8 12 19 28 32 40 54 59 69 71 76 80 86 101 102 106 115 116 117 122 128 138 145 146 148 149 152 153 162 164 184 185 186 188
128 0 4 14 15 18 36 39 42 49 56 64 68 74 78 81 89 91 99 101 104 107 113 124 127 143 150 160 161 168 172 178 188 192
129 6 13 24 35 39 44 46 47 49 54 59 64 71 74 80 84 86 95 100 111 119 120 138 146 148 161 174 175 176 181 189 190
130 0 1 2 11 13 14 15 17 20 21 22 30 33 37 42 52 64 66 69 77 85 86 92 104 105 106 108 111 131 134 147 148 149 158 160 169 171 176 180 186 189 190
131 1 9 15 19 23 24 29 65 68 74 75 78 86 88 92 94 96 99 101 109 111 115 117 123 130 145 150 151 153 156 166 172 173 176 185 187 188 191
132 0 1 4 13 28 29 32 36 38 40 49 52 54 69 82 86 91 92 100 117 119 124 126 138 140 147 149 160 162 164 166 177 191
133 0 3 12 21 47 53 57 60 61 62 64 72 73 89 110 113 135 138 140 141 144 146 151 153 169 170 172 179 191
134 0 12 14 21 22 29 35 38 43 48 51 55 56 59 60 75 82 93 97 99 100 101 103 105 110 119 121 123 124 130 138 141 142 143 144 161 163 165 170 172 173 175 177 179 186 188
135 13 27 28 39 40 43 52 58 61 63 64 72 76 89 94 99 107 108 111 114 116 119 124 133 144 148 173 174 177 178 186
136 2 16 21 25 26 28 42 43 50 51 57 73 84 90 94 96 104 107 110 114 117 140 141 144 151 157 162 177 178
137 6 9 11 12 18 23 37 44 56 62 68 72 74 77 88 93 96 101 104 108 109 110 116 119 123 139 140 151 152 162 165 169 173 189 192
138 21 22 24 26 44 46 50 56 57 63 68 69 70 75 77 80 82 84 85 86 90 101 112 113 118 123 124 125 127 129 132 133 134 140 148 149 152 158 165 167 168 171 180 186
139 8 15 18 23 39 50 51 54 56 58 67 71 75 76 87 88 95 110 111 118 137 140 141 142 143 149 151 156 161 166 167 172 180 183 185 191
140 4 7 9 14 16 17 19 41 51 59 60 65 67 68 69 74 75 86 89 95 100 101 105 107 111 116 124 125 126 132 133 136 137 138 139 142 144 154 156 157 163 165 167 169 171 172 179 186 191
141 6 10 15 17 20 21 29 35 39 40 71 75 78 79 82 101 118 124 133 134 136 139 142 146 148 158 165 169 176 180 185 186 188 190
142 8 13 14 20 23 28 34 41 51 52 54 61 67 69 74 77 81 93 102 110 116 118 125 126 134 139 140 141 145 149 156 167 171 175 181 186
143 1 2 14 15 17 19 23 30 36 38 59 61 67 69 71 72 73 78 87 91 96 101 108 121 123 124 125 128 134 139 154 160 166 171 173 182 186 188 191
144 1 2 3 8 12 29 33 37 43 46 47 61 85 91 105 114 116 133 134 135 136 140 150 153 155 158 162 165 168 171 176 177 178 180 182 183 184
145 6 16 22 29 30 36 43 55 71 83 90 93 102 111 114 125 127 131 142 154 157 160 164 166 170 177 185 191
146 0 5 18 30 31 37 40 44 46 52 59 60 61 79 90 101 108 116 117 118 127 129 133 141 148 151 154 172 180 186
147 5 6 10 11 12 15 18 20 27 36 40 49 59 61 100 103 111 117 121 126 130 132 154 163 175 180 182 184 189
148 5 8 19 23 25 38 40 44 46 50 57 58 67 71 77 78 80 84 87 88 95 108 127 129 130 135 138 141 146 151 153 154 157 173 174 178 183
149 6 10 16 27 31 35 40 43 44 51 56 70 73 76 84 90 92 98 102 103 105 117 126 127 130 132 138 139 142 151 156 168 171 185
150 7 17 27 29 33 39 43 50 52 54 55 56 60 72 80 90 101 107 109 112 126 128 131 144 153 155 162 164 166 169 174
151 4 5 9 14 23 24 26 34 38 50 51 58 63 71 74 80 84 91 92 100 106 111 115 119 131 133 136 137 139 146 148 149 153 155 163 164 166 171 172 183 186 187 188
152 2 3 6 7 17 20 24 29 35 38 43 48 49 55 56 71 76 78 89 104 107 113 116 127 137 138 154 166 183 184
153 8 23 25 29 30 35 38 50 56 58 64 66 74 77 78 86 87 97 105 106 107 108 111 113 123 126 127 131 133 144 148 150 151 154 159 162 166 167 171 176 179 184 188
154 1 2 3 12 17 20 21 24 28 39 44 45 48 52 63 66 71 74 83 86 90 112 116 140 143 145 146 147 148 152 153 155 159 166 170 173 175 178 183 184 185
155 2 5 8 13 15 19 21 25 27 28 36 46 54 58 61 70 77 96 101 106 108 123 144 150 151 154 161 164 178 192
156 0 4 13 40 42 54 60 76 85 88 91 93 99 101 102 109 131 139 140 142 149 157 162 163 175 179 190
157 2 4 9 26 27 29 31 39 42 44 58 59 66 67 74 76 78 87 100 103 110 117 119 136 140 145 148 156 172 175 177 189 190
158 22 38 60 64 65 73 79 92 102 108 111 124 130 138 141 144 162 182 186
159 5 13 15 28 38 41 43 61 71 76 83 86 87 91 92 93 105 113 119 123 153 154 169 172 174 178 185 187 191
160 3 11 16 18 21 22 27 29 32 49 57 63 68 71 75 82 85 90 92 96 97 98 104 106 110 113 119 121 128 130 132 143 145 166 167 175 176 184 192
161 6 7 17 20 27 36 39 43 60 62 65 69 77 80 82 88 93 97 108 110 124 128 129 134 139 155 174
162 0 1 4 16 18 33 41 44 47 54 58 65 67 68 71 80 83 87 90 93 98 106 113 124 126 127 132 136 137 144 150 153 156 158 179 183
163 2 4 11 17 26 30 40 43 47 52 57 64 66 70 75 86 109 110 114 117 134 140 147 151 156 165 184
164 4 11 12 27 56 63 68 69 76 93 100 111 114 115 119 124 127 132 145 150 151 155 167 170 173 178 186 187
165 0 5 10 13 15 21 35 64 65 66 70 72 73 84 85 108 109 134 137 138 140 141 144 163 169 177 180 182 192
166 5 13 17 28 35 42 44 46 52 57 70 71 78 79 80 91 92 99 104 112 126 131 132 139 143 145 150 151 152 153 154 160 187
167 5 7 8 11 12 20 25 27 33 43 47 51 52 73 74 84 91 95 97 99 101 110 138 139 140 142 153 160 164 173 174 175 181 184
168 2 4 10 15 20 22 27 29 34 41 52 57 58 59 60 66 101 102 106 107 109 118 123 126 128 138 144 149 169 171 173 184 190
169 7 8 9 12 15 16 18 20 27 28 33 36 41 54 78 82 87 89 98 99 100 110 114 130 133 137 140 141 150 159 165 168 172 177 181 182 192
170 7 14 24 26 29 30 32 35 49 53 55 68 70 73 87 93 95 107 110 125 133 134 145 154 164 177 180 181 183 185 189 191
171 3 8 10 22 26 29 33 43 50 51 57 59 61 71 73 107 118 124 130 138 140 142 143 144 149 151 153 168 186
172 4 7 10 16 18 31 41 42 44 55 57 60 70 73 78 80 95 111 115 116 118 128 131 133 134 139 140 146 151 157 159 169 173 181 187
173 4 8 13 17 22 26 34 48 51 61 68 69 79 81 86 90 94 99 100 115 116 118 126 131 134 135 137 143 148 154 164 167 168 172
174 0 13 17 19 29 37 38 48 50 52 54 63 65 67 81 87 94 97 99 101 108 129 135 148 150 159 161 167 176 179 186 188
175 0 2 14 22 42 44 46 51 60 68 71 92 104 107 124 125 129 134 142 147 154 156 157 160 167 177 186 189
176 0 1 3 5 10 23 26 33 38 45 48 52 61 63 64 72 74 86 100 107 110 111 116 119 129 130 131 141 144 153 160 174 180 181 187 189
177 0 8 13 16 20 28 33 35 36 44 48 53 60 63 74 82 93 99 114 116 120 121 122 132 134 135 136 144 145 157 165 169 170 175 189 190
178 3 12 19 26 27 28 36 40 44 49 58 65 70 79 82 90 96 97 107 108 113 128 135 136 144 148 154 155 159 164 179 183
179 2 5 25 27 35 37 39 51 57 70 74 75 78 80 83 99 102 103 109 110 115 116 118 119 133 134 140 153 156 162 174 178 183 188 191 192
180 0 4 17 19 23 24 28 30 33 34 39 44 54 56 58 59 64 69 71 75 90 96 97 104 106 108 110 112 130 138 139 141 144 146 147 165 170 176 182 185 192
181 13 14 39 41 51 65 78 80 99 104 109 116 117 118 121 125 126 129 142 167 169 170 172 176
182 3 12 17 24 25 40 47 54 79 88 89 96 97 106 111 118 122 124 143 144 147 158 165 169 180 183 187
183 17 21 24 28 36 42 45 51 64 66 75 76 81 96 105 112 121 126 139 144 148 151 152 154 162 170 178 179 182 188
184 2 3 6 9 29 44 54 56 59 60 67 74 76 78 96 97 101 102 105 109 119 121 126 127 144 147 152 153 154 160 163 167 168
185 4 8 23 29 31 38 53 54 62 73 88 90 92 96 97 98 103 120 126 127 131 139 141 145 149 154 159 170 180
186 0 5 17 21 38 39 42 43 46 53 61 62 94 96 121 123 127 130 134 135 138 140 141 142 143 146 151 158 164 171 174 175 192
187 0 1 7 8 12 14 16 21 28 33 40 44 45 57 76 83 85 89 99 102 108 109 119 123 131 151 159 164 166 172 176 182
188 3 6 16 25 28 34 43 47 48 49 51 53 72 77 87 99 101 102 104 105 110 126 127 128 131 134 141 143 151 153 174 179 183 190
189 0 15 20 22 26 31 37 48 50 56 59 68 82 84 89 92 95 112 113 122 129 130 137 147 157 170 175 176 177
190 0 3 9 13 19 25 44 48 60 66 68 74 84 86 94 98 102 105 117 129 130 141 156 157 168 177 188
191 23 28 40 46 47 63 69 78 81 85 87 89 91 97 99 102 108 109 118 131 132 133 139 140 143 145 159 170 179
192 4 11 13 23 32 35 37 41 58 73 85 86 99 104 108 109 128 137 155 160 165 169 179 180 186
