69 681
0 2 5 8 9 11 14 19 22 23 25 30 34 35 41 44 47 50 53 54 58 61 64
1 3 6 7 12 22 25 33 37 42 45 46 48 51 53 54 57 58 59 60 67
2 0 4 10 12 13 14 17 18 19 26 28 32 36 39 49 56 57 58 59 65
3 1 7 11 20 21 22 28 44 45 46 48 55 57 59 64 66
4 2 5 9 12 13 14 18 20 23 26 27 39 53 62
5 0 4 7 15 16 22 24 28 31 40 44 47 57 61 62 64 65 68
6 1 9 15 27 29 33 38 39 43 48 50 55 58 59 63 68
7 1 3 5 14 15 19 27 28 30 31 33 35 36 37 38 41 42 44 45 47 53 60 64 68
8 0 10 11 13 15 18 21 23 25 27 28 35 38 43 48 53 56 58 64 66 68
9 0 4 6 10 19 22 24 25 26 32 38 40 42 48 50 52 54 59 65 66 68
10 2 8 9 11 15 17 20 23 29 32 36 41 43 44 45 48 63 68
11 0 3 8 10 12 17 21 27 29 38 41 43 45 53 54 56 59 65
12 1 2 4 11 18 21 22 23 24 32 34 35 38 39 41 51 53 55 57 59 61 63 64 65 67
13 2 4 8 21 30 33 38 43 45 50 52 53 54 60 61 62 63 64 66
14 0 2 4 7 21 22 25 30 34 36 37 40 43 46 48 55 58 60 63 65
15 5 6 7 8 10 16 17 19 22 25 28 34 37 39 40 41 46 51 54 55 56 57 60 61 64 67 68
16 5 15 22 24 25 27 29 31 32 33 34 37 46 48 54 58 64 68
17 2 10 11 15 20 26 29 33 34 35 37 40 49 53 54 57 58 62 68
18 2 4 8 12 22 25 26 30 31 32 34 37 39 40 44 48 49 50 56 57 58 59 60 63 65 66 68
19 0 2 7 9 15 25 28 29 36 37 40 41 43 44 50 55 56 57 59 61 62 65 67
20 3 4 10 17 26 33 34 36 38 40 45 50 51 52 54 55 57 58 67
21 3 8 11 12 13 14 24 28 29 36 37 38 41 42 44 45 49 54 57 59 60 65 67
22 0 1 3 5 9 12 14 15 16 18 26 27 31 34 36 37 40 41 43 45 47 48 50 54 59 60 62 64 65 68
23 0 4 8 10 12 30 31 34 35 36 37 38 41 46 47 51 56 62 65 66 67
24 5 9 12 16 21 31 32 42 44 45 52 53 57 59 60 62 64 67
25 0 1 8 9 14 15 16 18 19 29 33 34 36 37 41 47 58 65 67
26 2 4 9 17 18 20 22 38 39 44 48 50 60 64
27 4 6 7 8 11 16 22 38 39 46 49 51 52 57 60 62
28 2 3 5 7 8 15 19 21 29 30 35 41 42 43 47 53 59 62 64
29 6 10 11 16 17 19 21 25 28 30 31 36 38 45 47 50 51 52 55 65
30 0 7 13 14 18 23 28 29 31 34 35 43 45 48 50 58 60 61 62 65 66 67 68
31 5 7 16 18 22 23 24 29 30 32 35 36 40 46 48 49 55 58 59 61
32 2 9 10 12 16 18 24 31 33 36 39 43 50 53 59 61 63 64 67
33 1 6 7 13 16 17 20 25 32 37 51 60 66 67
34 0 12 14 15 16 17 18 20 22 23 25 30 42 43 46 47 58 66
35 0 7 8 12 17 23 28 30 31 40 47 48 52 64 67
36 2 7 10 14 19 20 21 22 23 25 29 31 32 41 42 43 45 46 49 57 58 65 67
37 1 7 14 15 16 17 18 19 21 22 23 25 33 39 43 47 54 55 58 62 64
38 6 7 8 9 11 12 13 20 21 23 26 27 29 45 49 51 55 56 60 61 62 64
39 2 4 6 12 15 18 26 27 32 37 46 50 56 58 59 62 65 66 67
40 5 9 14 15 17 18 19 20 22 31 35 46 55 59 61 62
41 0 7 10 11 12 15 19 21 22 23 25 28 36 45 46 51 55 61 63 68
42 1 7 9 21 24 28 34 36 58
43 6 8 10 11 13 14 19 22 28 30 32 34 36 37 44 46 47 49 52 53 57 59
44 0 3 5 7 10 18 19 21 24 26 43 45 47 58
45 1 3 7 10 11 13 20 21 22 24 29 30 36 38 41 44 52 57 59 60 61
46 1 3 14 15 16 23 27 31 34 36 39 40 41 43 47 53 54 56 59 60 61 63 67
47 0 5 7 22 23 25 28 29 34 35 37 43 44 46 49 51 53 54 56
48 1 3 6 8 9 10 14 16 18 22 26 30 31 35 49 56 57 60 61 67
49 2 17 18 21 27 31 36 38 43 47 48 50 51 53 59 61 68
50 0 6 9 13 18 19 20 22 26 29 30 32 39 49 51 53 54 56 60 61
51 1 12 15 20 23 27 29 33 38 41 47 49 50 52 58 60 62 67
52 9 13 20 24 27 29 35 43 45 51 56 58 62 67
53 0 1 4 7 8 11 12 13 17 24 28 32 43 46 47 49 50 57 60 66
54 0 1 9 11 13 15 16 17 20 21 22 37 46 47 50 57 61
55 3 6 12 14 15 19 20 29 31 37 38 40 41 58 59 60 63 64 66 68
56 2 8 11 15 18 19 23 38 39 46 47 48 50 52 59 60 61 63 65 67 68
57 1 2 3 5 12 15 17 18 19 20 21 24 27 36 43 45 48 53 54 58 60 64 65
58 0 1 2 6 8 14 16 17 18 20 25 30 31 34 36 37 39 42 44 51 52 55 57 64 66 68
59 1 2 3 6 9 11 12 18 19 21 22 24 28 31 32 39 40 43 45 46 49 55 56 61 65 68
60 1 7 13 14 15 18 21 22 24 26 27 30 33 38 45 46 48 50 51 53 55 56 57 64 67 68
61 0 5 12 13 15 19 30 31 32 38 40 41 45 46 48 49 50 54 56 59 65
62 4 5 13 17 19 22 23 24 27 28 30 37 38 39 40 51 52 67
63 6 10 12 13 14 18 32 41 46 55 56 68
64 0 3 5 7 8 12 13 15 16 22 24 26 28 32 35 37 38 55 57 58 60
65 2 5 9 11 12 14 18 19 21 22 23 25 29 30 36 39 56 57 59 61
66 3 8 9 13 18 23 30 33 34 39 53 55 58 67
67 1 12 15 19 20 21 23 24 25 30 32 33 35 36 39 46 48 51 52 56 60 62 66 68
68 5 6 7 8 9 10 15 16 17 18 22 30 41 49 55 56 58 59 60 63 67
