44 219
0 7 10 12 20 23 25 29 31 32
1 2 10 14 19 27 29 35 39
2 1 6 10 14 17 30 35
3 8 15 20 28 32 40 41
4 13 24 31 35 39 40
5 10 11 12 14 19 21 22 34 40
6 2 7 8 10 11 12 13 18 30 32 37
7 0 6 12 23 24 27 29 30 38 42 43
8 3 6 17 24 31
9 11 13 21 24 25 26 35
10 0 1 2 5 6 11 12 15 17 19 21 22 24 26 30 36 38
11 5 6 9 10 18 19 25 28 33 37
12 0 5 6 7 10 13 16 18 20 25 33 35 39
13 4 6 9 12 15 17 20 23 24 26 27 32 39 41 42
14 1 2 5 23 30 31 34 36 38 40
15 3 10 13 16 17 18 27 35 37 42
16 12 15 21 22 27 28 29 36 38 43
17 2 8 10 13 15 20 27 30 34 42
18 6 11 12 15 20 21 22 26 28 38 39 40 42
19 1 5 10 11 23 29 30 32 35 41
20 0 3 12 13 17 18 28 32 34 38
21 5 9 10 16 18 22 23 25 26 27 29 34 35 36
22 5 10 16 18 21 31 32 33 35 38
23 0 7 13 14 19 21 25 28 32 41
24 4 7 8 9 10 13 25 27 29 36 38 40 43
25 0 9 11 12 21 23 24 27 32 33 35 38
26 9 10 13 18 21 27 28 34 40 42 43
27 1 7 13 15 16 17 21 24 25 26 28 36 43
28 3 11 16 18 20 23 26 27 37 38 42
29 0 1 7 16 19 21 24 30 35 39
30 2 6 7 10 14 17 19 29
31 0 4 8 14 22 32 39
32 0 3 6 13 19 20 22 23 25 31 38 42
33 11 12 22 25 36 37 40
34 5 14 17 20 21 26 35 36 37 42
35 1 2 4 9 12 15 19 21 22 25 29 34 36
36 10 14 16 21 24 27 33 34 35 38 39
37 6 11 15 28 33 34 40
38 7 10 14 16 18 20 22 24 25 28 32 36 42
39 1 4 12 13 18 29 31 36
40 3 4 5 14 18 24 26 33 37
41 3 13 19 23 42
42 7 13 15 17 18 26 28 32 34 38 41
43 7 16 24 26 27
