169 3136
0 3 8 9 10 11 15 23 25 45 49 51 52 58 60 64 67 69 71 74 79 81 83 86 88 103 105 106 107 121 128 131 132 138 142 144 145 146 150 160 163 165
1 2 5 7 17 18 22 24 28 31 33 35 43 44 52 58 61 65 66 67 70 78 86 89 90 92 93 94 100 102 103 106 107 110 112 126 133 140 144 151 152 154 156 157 159 164 165 168
2 1 8 9 15 23 27 31 37 46 48 53 54 55 58 64 71 72 77 78 83 84 92 93 98 103 104 105 110 111 114 115 119 121 128 135 136 139 140 143 164 165
3 0 7 11 17 22 23 30 36 43 51 52 56 65 75 76 78 85 88 89 101 107 111 113 118 122 127 130 140 149 153 158 163 168
4 5 8 16 24 37 38 52 53 56 58 60 65 68 71 72 74 90 91 93 96 98 103 105 108 120 129 136 143 151 157 160 167
5 1 4 8 10 11 13 17 18 23 40 41 42 56 66 68 69 74 75 76 83 87 95 103 112 113 119 130 143 154 155 166
6 23 30 34 36 38 39 40 42 49 62 66 70 71 72 75 79 87 92 97 101 107 114 122 123 124 125 129 135 136 152 159
7 1 3 8 14 17 18 21 23 31 32 34 39 43 44 45 53 60 61 63 65 77 78 81 92 94 96 99 101 102 104 106 114 116 121 125 127 129 132 135 137 144 147 157 163 166
8 0 2 4 5 7 9 15 18 29 30 34 37 39 42 51 56 60 64 71 80 83 90 91 97 101 116 121 127 137 139 141 142
9 0 2 8 20 21 24 26 32 38 45 46 47 49 53 56 66 67 68 76 90 93 94 95 96 97 98 99 105 109 110 118 122 123 124 131 132 133 138 150 151 153
10 0 5 14 22 24 25 27 34 37 38 42 43 46 51 54 56 61 68 70 76 84 86 89 95 99 103 106 118 121 124 132 133 137 139 142 146 150 151 152 158 160 163 165
11 0 3 5 13 21 22 24 32 36 39 40 41 51 54 65 66 67 69 83 85 86 89 102 104 106 108 127 130 131 134 139 141 142 144 145 151 159 160 164 165
12 15 22 27 29 43 45 46 49 59 60 71 79 81 83 87 90 99 101 102 107 108 113 117 121 133 141 143 145 146 153 160 164
13 5 11 24 25 27 37 47 59 60 65 67 70 75 77 87 93 97 98 99 101 105 110 111 117 127 128 129 130 141 148 151 160 168
14 7 10 21 22 24 27 31 35 36 40 41 46 49 50 53 54 58 68 73 82 87 91 92 97 98 107 109 110 111 115 121 126 127 130 131 149 154 159
15 0 2 8 12 16 17 22 24 27 32 42 43 44 46 49 52 63 64 66 68 72 78 82 86 91 92 110 113 115 118 128 147 150 157
16 4 15 17 18 24 25 30 37 38 44 55 59 62 63 64 82 85 94 96 99 105 110 117 120 122 123 129 132 134 150 158 160 161 165
17 1 3 5 7 15 16 24 25 27 28 29 30 31 32 36 48 52 55 71 75 78 80 89 91 94 100 103 105 106 108 110 116 120 124 130 133 136 137 139 143 147 152 153 155 156 165
18 1 5 7 8 16 22 23 25 29 32 33 36 38 57 60 67 70 71 73 74 81 84 85 86 91 112 125 127 137 139 142 157 159
19 25 27 28 43 45 47 49 53 57 58 64 68 74 77 80 89 92 95 100 109 111 114 117 118 124 125 132 135 136 144 148 151 153 158 159 161 162 168
20 9 33 36 39 40 54 58 60 82 84 94 97 105 109 111 119 124 129 132 135 136 138 140 141 142 146 148 149 152 154 161
21 7 9 11 14 25 29 32 34 36 39 41 45 49 50 58 61 63 64 65 68 71 73 74 80 81 96 97 99 104 107 110 123 125 126 127 129 130 139 144 145 149 152 153 159 160 164 168
22 1 3 10 11 12 14 15 18 27 38 42 48 49 52 63 66 79 80 82 84 86 90 94 95 109 118 123 124 126 127 129 130 132 140 146 148 150 153 162
23 0 2 3 5 6 7 18 28 29 30 33 34 44 50 54 65 68 69 71 72 76 78 80 88 94 95 101 103 105 114 118 143 150 152 158 161
24 1 4 9 10 11 13 14 15 16 17 33 37 39 46 47 56 62 63 68 80 90 99 100 107 110 113 116 117 120 124 135 138 146 149 152 153 158 162 166 167
25 0 10 13 16 17 18 19 21 28 44 61 65 67 71 79 83 102 108 109 110 118 134 136 140 144 148 154 159 161 166 167 168
26 9 27 30 34 41 43 44 48 64 67 79 85 86 87 92 96 97 104 105 113 115 116 118 124 125 126 127 128 133 140 141 149 162 163 164
27 2 10 12 13 14 15 17 19 22 26 28 29 31 32 38 41 43 47 53 57 59 61 66 73 83 87 90 97 104 106 112 113 121 122 127 129 132 135 138 139 147 158 166 168
28 1 17 19 23 25 27 31 32 37 40 43 45 49 60 72 81 82 83 87 93 97 100 105 111 112 121 127 136 139 143 144 145 146 149 150 157 158 164 167 168
29 8 12 17 18 21 23 27 30 34 44 47 57 66 70 71 84 99 104 107 112 116 121 124 139 140 143 157 158 168
30 3 6 8 16 17 23 26 29 33 39 40 42 48 55 58 61 63 64 67 68 71 73 82 86 92 96 102 103 110 111 117 120 121 122 124 127 131 139 143 148 153 156 161 163 164 165
31 1 2 7 14 17 27 28 40 48 53 54 60 67 73 83 86 92 94 95 98 99 102 104 107 115 116 120 123 124 127 132 133 134 141 153 157 163 165 168
32 7 9 11 15 17 18 21 27 28 34 35 36 42 44 47 51 54 55 63 80 85 96 97 102 108 118 123 130 134 137 143 147 152 154 161 163 164 166
33 1 18 20 23 24 30 39 43 46 50 66 68 69 74 77 92 99 100 107 114 115 136 143 150 151 154 158 160 163 165
34 6 7 8 10 21 23 26 29 32 35 37 40 50 56 60 62 63 66 68 73 74 76 81 86 87 95 96 103 105 109 121 130 136 139 143 146 150 153 159 160 166
35 1 14 32 34 38 46 49 50 54 56 62 65 69 81 89 97 98 100 107 113 116 118 126 128 132 133 135 137 140 153 154
36 3 6 11 14 17 18 20 21 32 41 45 50 51 57 68 71 76 89 96 106 111 115 116 118 123 124 125 131 136 148 152 156 160 163
37 2 4 8 10 13 16 24 28 34 50 52 55 56 64 68 69 71 75 76 83 98 102 104 105 110 113 114 116 117 121 128 132 134 136 139 140 142 143 144 154 156 159 167
38 4 6 9 10 16 18 22 27 35 39 41 47 54 56 61 63 68 72 77 83 92 94 99 101 106 108 112 125 131 137 139 149 157 158 161 162
39 6 7 8 11 20 21 24 30 33 38 47 48 53 57 58 61 62 66 68 74 83 87 89 101 107 110 112 120 128 130 133 144 151 158 165
40 5 6 11 14 20 28 30 31 34 43 49 52 56 57 67 70 73 78 80 90 98 101 102 109 111 115 116 118 123 125 126 128 131 134 138 141 144 149 152 163 167 168
41 5 11 14 21 26 27 36 38 49 50 58 67 73 74 76 79 86 102 103 104 108 126 127 129 135 136 140 141 142 144 147 148 159 160 161 166
42 5 6 8 10 15 22 30 32 45 48 51 56 59 64 69 76 78 82 83 85 92 94 96 98 115 123 128 132 136 139 143 145 146 148 149 152 164 168
43 1 3 7 10 12 15 19 26 27 28 33 40 46 49 55 56 60 63 64 77 79 80 82 85 87 94 101 102 105 106 118 120 124 135 140 142 143 145 147 151 156 158 161 163 164
44 1 7 15 16 23 25 26 29 32 47 51 52 56 62 65 74 81 83 87 92 102 107 115 117 118 134 135 137 146 151 161 168
45 0 7 9 12 19 21 28 36 42 54 58 61 70 71 73 76 82 93 97 109 110 111 120 123 127 129 138 144 145 148 159 165
46 2 9 10 12 14 15 24 33 35 43 50 51 63 69 74 75 97 98 100 109 111 120 122 123 127 134 136 138 139 143 145 147 155 164
47 9 13 19 24 27 29 32 38 39 44 48 51 53 61 64 71 81 85 87 88 91 101 106 112 114 117 118 122 129 132 142 144 153 156 157 161 168
48 2 17 22 26 30 31 39 42 47 56 60 61 62 65 69 74 75 88 129 130 131 151 155 158 160
49 0 6 9 12 14 15 19 21 22 28 35 40 41 43 53 57 58 59 66 68 71 79 84 94 96 99 100 105 107 110 111 122 130 131 132 137 142 144 145 146 152 156 157 162 163 166
50 14 21 23 33 34 35 36 37 41 46 55 61 62 66 75 78 79 85 87 95 101 114 124 126 131 132 133 134 145 154 157 166
51 0 3 8 10 11 32 36 42 44 46 47 52 53 54 59 63 65 73 76 78 81 82 83 91 92 95 98 99 100 110 112 113 121 126 131 132 133 140 153 154 158 159 165
52 0 1 3 4 15 17 22 37 40 44 51 57 69 72 81 82 83 84 85 102 104 105 106 115 118 121 123 124 126 129 132 141 142 143 145 152 155 156 163
53 2 4 7 9 14 19 27 31 39 47 49 51 65 74 78 80 83 86 88 93 94 101 102 107 109 130 135 140 142 146 148 149 150 157 159 165 167
54 2 10 11 14 20 23 31 32 35 38 45 51 59 61 63 67 69 93 100 104 108 110 112 116 117 123 125 143 145 146 148 150 154 160 161
55 2 16 17 30 32 37 43 50 56 59 68 70 77 88 91 96 102 104 115 120 122 124 127 130 132 138 145 150 155 160
56 3 4 5 8 9 10 24 34 35 37 38 40 42 43 44 48 55 58 59 62 75 82 91 92 96 97 104 106 111 115 121 123 128 129 131 138 139 152 153 154 156 165
57 18 19 27 29 36 39 40 49 52 58 63 70 73 78 83 84 88 94 97 100 104 107 111 133 135 136 146 150 155 158 166 168
58 0 1 2 4 14 19 20 21 30 39 41 45 49 56 57 70 81 84 91 97 104 105 106 114 118 124 128 131 132 133 135 140 141 144 153 157 163 164 167
59 12 13 16 27 42 49 51 54 55 56 66 72 73 77 78 80 89 99 102 104 110 111 115 119 122 131 133 137 138 142 148 150 153 154 157 159 161
60 0 4 7 8 12 13 18 20 28 31 34 43 48 64 70 75 85 86 88 92 94 95 105 111 112 121 124 128 133 135 136 139 144 145 146 150 152 154 155 156 158 160 165 166 168
61 1 7 10 21 25 27 30 38 39 45 47 48 50 54 64 74 82 92 94 96 97 102 103 105 106 107 109 115 118 122 123 126 134 138 139 143 147 149 156 161 163
62 6 16 24 34 35 39 44 48 50 56 65 75 84 88 93 97 99 100 104 107 111 117 132 134 136 142 143 146 151 154 157 160 166 167 168
63 7 15 16 21 22 24 30 32 34 38 43 46 51 54 57 65 69 71 74 78 79 82 87 90 91 97 106 113 126 128 129 135 137 138 140 143 146 150 152 153 155 168
64 0 2 8 15 16 19 21 26 30 37 42 43 47 60 61 66 72 75 84 86 88 98 104 106 110 115 125 126 129 135 145 147 148 151 155 159 165
65 1 3 4 7 11 13 21 23 25 35 44 48 51 53 62 63 67 68 71 73 74 76 88 89 106 107 114 115 127 132 135 138 140 147 148 150 155 158 163 165
66 1 5 6 9 11 15 22 27 29 33 34 39 49 50 59 64 67 71 75 79 82 83 85 86 93 97 105 106 111 112 115 127 133 134 135 142 146 149 150 153 160 163
67 0 1 9 11 13 18 25 26 30 31 40 41 54 65 66 75 77 86 92 104 105 106 111 112 115 120 121 126 128 129 132 139 146 150 155 157 160 162 164 168
68 4 5 9 10 14 15 19 21 23 24 30 33 34 36 37 38 39 49 55 65 69 74 76 82 86 97 101 104 109 113 116 117 120 121 129 145 159
69 0 5 11 23 33 35 37 42 46 48 52 54 63 68 70 72 74 86 96 99 108 110 112 117 119 126 134 140 141 151 153 157 168
70 1 6 10 13 18 29 40 45 55 57 58 60 69 72 76 87 94 96 103 106 115 117 120 122 123 124 127 128 131 137 139 147 150 153 156 159 160 166
71 0 2 4 6 8 12 17 18 21 23 25 29 30 36 37 45 47 49 63 65 66 74 79 97 107 113 118 119 120 125 126 127 135 136 138 148 153 156 161 165 166 168
72 2 4 6 15 23 28 38 52 59 64 69 70 73 82 84 87 91 112 114 115 118 124 126 136 139 140 142 146 155 159 160
73 14 18 21 27 30 31 34 40 41 45 51 57 59 65 72 75 82 85 91 95 96 97 98 99 108 114 121 131 134 140 141 143 150 151 154 157 158 159 161 162
74 0 4 5 18 19 21 33 34 39 41 44 46 48 53 61 63 65 68 69 71 80 85 88 89 91 94 100 104 105 111 115 138 141 143 144 148 161 162 163 165
75 3 5 6 13 17 37 46 48 50 56 60 62 64 66 67 73 77 78 82 86 90 91 93 94 102 110 113 114 128 135 138 146 150 157 159
76 3 5 9 10 23 34 36 37 41 42 45 51 65 68 70 77 79 82 83 85 90 91 93 94 95 99 100 114 119 120 137 150 153 161 163 168
77 2 7 13 19 33 38 43 55 59 67 75 76 83 86 90 94 95 96 101 107 113 121 130 131 134 139 141 143 146 148 149 154 157 160
78 1 2 3 7 15 17 23 40 42 50 51 53 57 59 63 75 80 81 93 97 99 106 119 120 132 134 143 148 150 153 158 160 163 164 165 168
79 0 6 12 22 25 26 41 43 49 50 63 66 71 76 82 85 86 93 94 95 112 113 121 125 126 129 142 143 152 157 167
80 8 17 19 21 22 23 24 32 40 43 53 59 74 78 83 89 90 96 99 100 104 108 117 124 125 128 129 130 152 155 158 159
81 0 7 12 18 21 28 34 35 44 47 51 52 58 78 83 91 92 94 96 98 106 113 114 119 120 125 126 127 131 132 141 147 149 155 157 165
82 14 15 16 20 22 28 30 42 43 45 51 52 56 61 63 66 68 72 73 75 76 79 83 87 89 92 100 104 109 111 119 123 126 136 138 141 152 153 154 158 160 161 162 164 165
83 0 2 5 8 11 12 25 27 28 31 37 38 39 42 44 51 52 53 57 66 76 77 80 81 82 86 94 97 100 106 107 128 130 135 137 145 152 153 156 157 158 160 164 165 168
84 2 10 18 20 22 29 49 52 57 58 62 64 72 89 90 92 95 96 98 100 105 106 111 116 121 123 126 128 133 138 142 149 165 166
85 3 11 16 18 26 32 42 43 47 50 52 60 66 73 74 76 79 94 95 101 107 109 117 118 119 120 128 131 135 137 138 142 145 147 148 151 152 153 155 162 167
86 0 1 10 11 15 18 22 26 30 31 34 41 53 60 64 66 67 68 69 75 77 79 83 87 111 116 117 120 121 124 130 141 145 149 152 159 164
87 5 6 12 13 14 26 27 28 34 39 43 44 47 50 63 70 72 82 86 94 96 98 101 102 106 111 124 125 126 128 133 140 142 143 148 149 152 160 161 167
88 0 3 23 47 48 53 55 57 60 62 64 65 74 89 102 114 118 119 123 127 140 144 145 147 155 158
89 1 3 10 11 17 19 35 36 39 59 65 74 80 82 84 88 90 91 92 93 96 99 100 107 109 113 117 121 132 133 135 138 140 144 148 150 156 161 163 168
90 1 4 8 9 12 22 24 27 40 63 75 76 77 80 84 89 99 101 105 106 108 111 115 133 134 141 142 144 145 148 156 157 162 163 166
91 4 8 14 15 17 18 47 51 55 56 58 63 72 73 74 75 76 81 89 96 99 101 102 103 109 112 117 118 121 122 124 125 126 127 132 136 139 142 151 156 157 162
92 1 2 6 7 14 15 19 26 30 31 33 38 42 44 51 56 60 61 67 81 82 84 89 100 103 106 110 111 114 115 116 118 122 130 137 142 144 153 155 162 165
93 1 2 4 9 13 28 45 53 54 62 66 75 76 78 79 89 97 114 120 126 137 138 142 144 147 148 152 161 165 167
94 1 7 9 16 17 20 22 23 31 38 42 43 49 53 57 60 61 70 74 75 76 77 79 81 83 85 87 112 113 115 116 119 132 134 135 137 138 140 144 149
95 5 9 10 19 22 23 31 34 50 51 60 73 76 77 79 84 85 99 101 104 116 118 122 123 136 139 140 146 147 148 151 161 163 164
96 4 7 9 16 21 26 30 32 34 36 42 49 55 56 61 69 70 73 77 80 81 84 87 89 91 98 113 118 119 122 123 125 126 133 140 141 143 145 147 148 152 155 160 161
97 6 8 9 13 14 20 21 26 27 28 32 35 45 46 56 57 58 61 62 63 66 68 71 73 78 83 93 103 107 117 122 124 127 130 132 137 142 144 151 152 156 163
98 2 4 9 13 14 31 35 37 40 42 46 51 64 73 81 84 87 96 100 102 103 105 110 111 117 123 136 137 145 150 151 154 156 158
99 7 9 10 12 13 16 21 24 29 31 33 38 49 51 59 62 69 73 76 78 80 89 90 91 95 109 110 115 116 120 121 123 125 129 133 138 142 145 146 153 154 163
100 1 17 19 24 28 33 35 46 49 51 54 57 62 74 76 80 82 83 84 89 92 98 101 102 108 113 118 122 123 124 133 136 137 139 140 157 158
101 3 6 7 8 12 13 23 38 39 40 43 47 50 53 68 77 85 87 90 91 95 100 109 112 116 127 131 141 147 149 150 152 159 160 167
102 1 7 11 12 25 30 31 32 37 40 41 43 44 52 53 55 59 61 75 87 88 91 98 100 104 105 107 111 113 117 122 123 138 142 144 152 153 156 159 166
103 0 1 2 4 5 10 17 23 30 34 41 61 70 91 92 97 98 107 108 112 115 123 125 129 130 132 133 141 142 147 150 153 156 165
104 2 7 11 21 26 27 29 31 37 41 52 54 55 56 57 58 59 62 64 67 68 74 80 82 95 102 120 123 130 139 146 151 152 155 161 162 164 166
105 0 2 4 9 13 16 17 20 23 26 28 34 37 43 49 52 58 60 61 66 67 74 84 90 98 102 107 108 110 121 127 129 134 135 138 143 145 147 152 154 158 159 168
106 0 1 7 10 11 17 27 36 38 43 47 52 56 58 61 63 64 65 66 67 70 78 81 83 84 87 90 92 107 114 117 119 120 123 126 135 144 146 150 154 155 158 163 165
107 0 1 3 6 12 14 21 24 29 31 33 35 39 44 49 53 57 61 62 65 71 77 83 85 89 97 102 103 105 106 108 116 117 125 126 130 136 154 155 158 160 166 168
108 4 11 12 17 25 32 38 41 54 69 73 80 90 100 103 105 107 113 115 116 119 122 123 124 131 132 143 145 147 153 154 166
109 9 14 19 20 22 25 34 40 45 46 53 61 68 82 85 89 91 99 101 114 115 121 127 132 133 140 147 158 165
110 1 2 9 13 14 15 16 17 21 24 25 30 37 39 45 49 51 54 59 64 69 75 92 98 99 105 111 121 123 128 129 146 149 153 154 157 158 162 166
111 2 3 13 14 19 20 28 30 36 40 45 46 49 56 57 59 60 62 66 67 74 82 84 86 87 90 92 98 102 110 117 124 126 128 130 135 141 143 152 161
112 1 5 18 27 28 29 38 39 47 51 54 60 66 67 69 72 79 91 94 101 103 113 114 115 131 135 138 139 146 151 158 160 167
113 3 5 12 15 24 26 27 35 37 51 63 68 71 75 77 79 81 89 94 96 100 102 108 112 124 130 135 139 148 160 161 163 165
114 2 6 7 19 23 33 37 47 50 58 65 72 73 75 76 81 88 92 93 106 109 112 118 124 128 129 137 140 146 157 158 161 166 167
115 2 14 15 26 31 33 36 40 42 44 52 55 56 59 61 64 65 66 67 70 72 74 90 92 94 99 103 108 109 112 126 128 131 136 139 142 145 146 148 160 161 163 164 166 167
116 7 8 17 24 26 29 31 35 36 37 40 54 68 84 86 92 94 95 99 101 107 108 118 121 125 131 147 155 157 158 159
117 12 13 16 19 24 30 37 44 47 54 62 68 69 70 80 85 86 89 91 97 98 102 106 107 111 134 139 145 147 150 159 161 165
118 3 9 10 15 19 22 23 25 26 32 35 36 40 43 44 47 52 58 61 71 72 85 88 91 92 95 96 100 114 116 119 123 124 133 143 153 168
119 2 5 20 59 69 71 76 78 81 82 85 88 94 96 106 108 118 121 130 131 132 138 140 141 142 149 155 157 159 160 162 164
120 4 16 17 24 30 31 39 43 45 46 55 67 68 70 71 76 78 81 85 86 93 99 104 106 122 123 124 133 135 152 157 168
121 0 2 7 8 10 12 14 27 28 29 30 34 37 51 52 56 60 67 68 73 77 79 84 86 89 91 99 105 109 110 116 119 129 133 134 136 144 151 154
122 3 6 9 16 27 30 46 47 49 55 59 61 70 91 92 95 96 97 100 102 108 120 124 138 143 147 149 161 168
123 6 9 16 21 22 31 32 36 40 42 45 46 52 54 56 61 70 82 84 88 95 96 98 99 100 102 103 104 106 108 110 118 120 128 132 142 146 147 150 157 162
124 6 9 10 17 19 20 22 24 26 29 30 31 36 43 50 52 55 58 60 70 72 80 86 87 91 97 100 108 111 113 114 118 120 122 126 137 139 142 144 150 156
125 6 7 18 19 21 26 36 38 40 54 64 71 79 80 81 87 91 96 99 103 107 116 128 135 136 137 138 145 150 153 158 164
126 1 14 21 22 26 35 40 41 50 51 52 61 63 64 67 69 71 72 79 81 82 84 87 91 93 96 106 107 111 115 124 127 130 137 149 153 155 158 159 161 163 167
127 3 7 8 11 13 14 18 21 22 26 27 28 30 31 41 45 46 55 65 66 70 71 81 88 91 97 101 105 109 126 132 134 137 140 141 145 151 156 164 167 168
128 0 2 13 15 26 35 37 39 40 42 56 58 60 63 67 70 75 80 83 84 85 87 110 111 114 115 123 125 137 138 144 149 150 152 155 166
129 4 6 7 13 16 20 21 22 27 41 45 47 48 52 56 63 64 67 68 79 80 99 103 105 110 114 121 146 153 158 161 162
130 3 5 11 13 14 17 21 22 32 34 39 48 49 53 55 77 80 83 86 92 97 103 104 107 111 113 119 126 132 136 139 140 144 147 156 157 158
131 0 9 11 14 30 36 38 40 48 49 50 51 56 58 59 70 73 77 81 85 101 108 112 115 116 119 134 157 159 168
132 0 7 9 10 16 19 20 22 27 31 35 37 42 47 49 50 51 52 55 58 62 65 67 78 81 89 91 94 97 103 108 109 119 123 127 130 139 141 150 152 154 158 168
133 1 9 10 12 17 26 31 35 39 50 51 57 58 59 60 66 84 87 89 90 96 99 100 103 109 118 120 121 135 140 141 154 155 161
134 11 16 25 31 32 37 40 44 46 50 61 62 66 69 73 77 78 90 94 105 117 121 127 131 137 142 146 147 150 154 158 167 168
135 2 6 7 19 20 24 27 35 41 43 44 53 57 58 60 63 64 65 66 71 75 83 85 89 94 105 106 111 112 113 120 125 133 138 151 153 155 156 159 161 163 164 166
136 2 4 6 17 19 20 25 28 33 34 36 37 41 42 46 57 60 62 71 72 82 91 95 98 100 107 115 121 125 130 139 140 141 142 145 154 163 167
137 7 8 10 17 18 32 35 38 44 49 59 63 70 76 83 85 92 93 94 97 98 100 114 124 125 126 127 128 134 149 150 153 159 160 162 167 168
138 0 9 20 24 27 40 45 46 55 56 59 61 63 65 71 74 75 82 84 85 89 93 94 99 102 105 112 119 122 125 128 135 140 144 147 160 161 165 168
139 2 8 10 11 17 18 21 27 28 29 30 34 37 38 42 46 56 60 61 67 70 72 77 91 95 100 104 112 113 115 117 124 130 132 136 141 142 144 151 163 164
140 1 2 3 20 22 25 26 29 35 37 41 43 51 53 58 63 65 69 72 73 87 88 89 94 95 96 100 109 114 119 127 130 133 136 138 146 157 158 168
141 8 11 12 13 20 26 31 40 41 52 58 69 73 74 77 81 82 86 90 96 101 103 111 119 127 132 133 136 139 144 152 154 155
142 0 8 10 11 18 20 37 41 43 47 49 52 53 59 62 66 72 79 84 85 87 90 91 92 93 97 99 102 103 115 119 123 124 134 136 139 152 160 163 165
143 2 4 5 12 17 23 28 29 30 32 33 34 37 42 43 46 52 54 61 62 63 73 74 77 78 79 87 96 105 108 111 118 122 146 147 155 160 166
144 0 1 7 11 19 21 25 28 37 39 40 41 45 47 49 58 60 74 88 89 90 92 93 94 97 102 106 121 124 128 130 138 139 141 146 152 158 167
145 0 11 12 21 28 42 43 45 46 49 50 52 54 55 60 64 68 83 85 86 88 90 96 98 99 105 108 115 117 125 127 136 159 163 164 166
146 0 10 12 20 22 24 28 34 42 44 49 53 54 57 60 62 63 66 67 72 75 77 95 99 104 106 110 112 114 115 123 129 134 140 143 144 150 154 160
147 7 15 17 27 32 41 43 46 61 64 65 70 81 85 88 93 95 96 101 103 105 108 109 116 117 122 123 130 134 138 143 151
148 13 19 20 22 25 30 36 41 42 45 53 54 59 64 65 71 74 77 78 85 87 89 90 93 95 96 113 115 153 156 157 158 160 164 168
149 3 14 20 21 24 26 28 38 40 42 53 61 66 77 81 84 86 87 94 101 110 119 122 126 128 137 150 155 164 165
150 0 9 10 15 16 22 23 28 33 34 53 54 55 57 59 60 63 65 66 67 70 73 75 76 78 89 98 101 103 106 117 123 124 125 128 132 134 137 146 149 153 158
151 1 4 9 10 11 13 19 33 39 43 44 48 62 64 69 73 85 91 95 97 98 104 112 121 127 135 139 147 152 156 158 159 161
152 1 6 10 17 20 21 23 24 32 36 40 42 49 52 56 60 63 79 80 82 83 85 86 87 93 96 97 101 102 104 105 111 120 128 132 141 142 144 151 154 155 158 164 167
153 3 9 12 17 19 21 22 24 30 31 34 35 47 51 56 58 59 63 66 69 70 71 76 78 82 83 85 92 99 102 103 108 110 118 125 126 129 135 137 148 150 156 158 160 162 164
154 1 5 14 20 25 32 33 35 37 50 51 54 56 59 60 62 73 77 82 98 99 105 106 107 108 110 121 132 133 134 136 141 146 152 162 166
155 5 17 46 48 52 55 57 60 63 64 65 67 72 80 81 85 88 92 96 104 106 107 116 119 126 128 133 135 141 143 149 152 162 163 168
156 1 17 30 36 37 43 47 49 52 56 60 61 70 71 83 89 90 91 97 98 102 103 124 127 130 135 148 151 153 162
157 1 4 7 15 18 28 29 31 38 47 49 50 53 58 59 62 67 69 73 75 77 79 81 83 90 91 100 110 114 116 119 120 123 130 131 140 148
158 3 10 16 19 23 24 27 28 29 33 38 39 43 48 51 57 60 65 73 78 80 82 83 88 98 100 105 106 107 109 110 112 114 116 125 126 129 130 132 134 140 144 148 150 151 152 153 161 162 167
159 1 6 11 14 18 19 21 25 34 37 41 45 51 53 59 64 68 70 72 73 75 80 86 101 102 105 116 117 119 126 131 135 137 145 151 164 167 168
160 0 4 10 11 12 13 16 21 33 34 36 41 48 54 55 60 62 66 67 70 72 77 78 82 83 87 96 101 107 112 113 115 119 137 138 142 143 146 148 153 164 166
161 16 19 20 23 25 30 32 38 41 43 44 47 54 59 61 71 73 74 76 82 87 89 93 95 96 104 111 113 114 115 117 122 126 129 133 135 138 151 158
162 19 22 24 26 38 49 67 73 74 82 85 90 91 92 104 110 119 123 129 137 153 154 155 156 158
163 0 3 7 10 26 30 31 32 33 36 40 43 49 52 58 61 65 66 74 76 78 89 90 95 97 99 106 113 115 126 135 136 139 142 145 155 165 168
164 1 2 11 12 21 26 28 30 32 42 43 46 58 67 78 82 83 86 95 104 115 119 125 127 135 139 145 148 149 152 153 159 160
165 0 1 2 10 11 16 17 30 31 33 39 45 51 53 56 60 64 65 71 74 78 81 82 83 84 92 93 103 106 109 113 117 138 142 149 163
166 5 7 24 25 27 32 34 41 49 50 57 60 62 70 71 84 90 102 104 107 108 110 114 115 128 135 143 145 154 160
167 4 24 25 28 37 40 53 58 62 79 85 87 93 101 112 114 115 126 127 134 136 137 144 152 158 159
168 1 3 13 19 21 25 27 28 29 31 40 42 44 47 57 60 62 63 67 69 71 76 78 83 89 105 107 118 120 122 127 131 132 134 137 138 140 148 155 159 163
