34 216
0 4 5 6 7 10 11 13 18 20 22 24 32
1 6 14 15 21 22 23 25 30 31
2 4 5 10 11 12 14 16 19 20 23 27
3 6 17 24 25 26 30 32
4 0 2 6 9 11 12 13 18 21 22 23 29 31
5 0 2 6 11 12 14 18 20 21 22 26 28 31 32
6 0 1 3 4 5 9 11 12 15 16 18 20 21 26 31
7 0 8 10 15 23 27 29 32 33
8 7 9 11 13 18 20 21 23 24 29 32 33
9 4 6 8 10 11 12 13 14 15 16 17 28 29 31 32 33
10 0 2 7 9 12 14 16 20 22 23 25 26 27 29 30 31 32
11 0 2 4 5 6 8 9 15 18 20 22 23 25 28 29 32
12 2 4 5 6 9 10 14 16 25 26 27 32
13 0 4 8 9 14 17 21 23 25 27 30
14 1 2 5 9 10 12 13 16 20 21 23 25 27 29 31 33
15 1 6 7 9 11 16 20 23 24 25 26 32
16 2 6 9 10 12 14 15 17
17 3 9 13 16 18 19 20 21 23 29 30
18 0 4 5 6 8 11 17 19 20 21 22 24 26 28 29 31 32
19 2 17 18 21 25 26 27 32
20 0 2 5 6 8 10 11 14 15 17 18 23 25 26
21 1 4 5 6 8 13 14 17 18 19 22 26 30 33
22 0 1 4 5 10 11 18 21 23 24 27 28 29 32 33
23 1 2 4 7 8 10 11 13 14 15 17 20 22 24 26 27 28 33
24 0 3 8 15 18 22 23 27 29 30 31 33
25 1 3 10 11 12 13 14 15 19 20 26 27 33
26 3 5 6 10 12 15 18 19 20 21 23 25 28 29 30 33
27 2 7 10 12 13 14 19 22 23 24 25 30 32
28 5 9 11 18 22 23 26 29 30
29 4 7 8 9 10 11 14 17 18 22 24 26 28 32
30 1 3 10 13 17 21 24 26 27 28 33
31 1 4 5 6 9 10 14 18 24 32
32 0 3 5 7 8 9 10 11 12 15 18 19 22 27 29 31
33 7 8 9 14 21 22 23 24 25 26 30
