48 218
0 2 6 18 21 23 26 30 31 33
1 4 12 14 15 16 17 19 26 27 30 37 38 39 40 42 45 47
2 0 7 19 25 27 31 32 38 46 47
3 7 8 11 14 15 35 44 47
4 1 6 8 10 12 16 19 23 29 31 34 37 38 42 47
5 7 13 16 23 24 26 27 33 41
6 0 4 8 11 13 14 18 23 24 33 45 46
7 2 3 5 30 31 43 45
8 3 4 6 10 14 24 26 29 35 43
9 10 23 25 27 30 38 42 43 46
10 4 8 9 12 24 26 35 39
11 3 6 16 17 18 20 30 31 38 45
12 1 4 10 17 18 22 30 44
13 5 6 15 21 23 24 29 47
14 1 3 6 8 32 35 36 40 43 45
15 1 3 13 18 19 20 37 39 43
16 1 4 5 11 17 21 24 29 41 43
17 1 11 12 16 21 22 24 25 26 41
18 0 6 11 12 15 19 32 35 37 39 41 46 47
19 1 2 4 15 18 24 25 37 41 42 44 46
20 11 15 24 34 36 38
21 0 13 16 17 38 46
22 12 17 32 35 41
23 0 4 5 6 9 13 24 25 40 44 46
24 5 6 8 10 13 16 17 19 20 23 26 34 36 43
25 2 9 17 19 23 33 36 41 45
26 0 1 5 8 10 17 24 31 33
27 1 2 5 9 36
28 30 38 39
29 4 8 13 16 38 40 45
30 0 1 7 9 11 12 28 45
31 0 2 4 7 11 26 38
32 2 14 18 22 35 36 42
33 0 5 6 25 26 43 45 46
34 4 20 24 39 44 45 46 47
35 3 8 10 14 18 22 32 40 42 46
36 14 20 24 25 27 32 38 40 47
37 1 4 15 18 19 46 47
38 1 2 4 9 11 20 21 28 29 31 36 39
39 1 10 15 18 28 34 38 42 43
40 1 14 23 29 35 36 42 46
41 5 16 17 18 19 22 25
42 1 4 9 19 32 35 39 40 44
43 7 8 9 14 15 16 24 33 39
44 3 12 19 23 34 42
45 1 6 7 11 14 25 29 30 33 34 46
46 2 6 9 18 19 21 23 33 34 35 37 40 45
47 1 2 3 4 13 18 34 36 37
