73 405
0 1 2 24 49 52 70 72
1 0 29 38 45 48 51 56 57 58 59 72
2 0 14 17 20 21 30 39 47 53 56 58 60 62 72
3 7 9 14 24 44 45 46 53 56 59 62 70
4 5 13 20 29 32 49 59 64
5 4 11 12 17 18 35 40 46 55
6 16 18 19 39 41 46 52 59 61 63 72
7 3 18 23 31 41 61 62 66 71
8 10 18 28 31 36 53 55 72
9 3 15 20 24 43 62 66
10 8 13 23 39 53 59 60 63 65
11 5 16 34 36 39 45 46 67 68
12 5 15 22 27 30 31 35
13 4 10 31 41 48 53 61 63 65 69
14 2 3 16 21 22 23 27 33 41 47 56 66 71 72
15 9 12 22 28 31 43 47 58 59 67 69
16 6 11 14 21 29 38 41 51 62
17 2 5 19 31 40 43 47 49 50 51 63
18 5 6 7 8 19 26 33 56 60 69
19 6 17 18 24 31 33 37 43 44 47 48 52 53 56 60 72
20 2 4 9 32 36 44 49 55 59 60 65
21 2 14 16 37 40 48 62 67 68 70
22 12 14 15 27 28 30 44 45 46 48 56 63 64 66
23 7 10 14 30 34 36 39 45 68 70 72
24 0 3 9 19 35 38 41 46 49 51 54 70
25 29 30 32 44 45 50 53 68 71
26 18 34 45 58 61 64
27 12 14 22 29 33 37 38 42 45 47 64 66
28 8 15 22 30 35 49 64
29 1 4 16 25 27 30 31 58 63 70
30 2 12 22 23 25 28 29 43 47 48 49 64 69 71
31 7 8 12 13 15 17 19 29 34 39 55 59 71 72
32 4 20 25 35 38 42 46 57 58 60
33 14 18 19 27 36 37 43 46 47 51 54 55 61 65
34 11 23 26 31 37 41 58 61 72
35 5 12 24 28 32 43 47 48 50 51 52 57 58 60 66 67 72
36 8 11 20 23 33 37 42 47 50 55 59 63 66
37 19 21 27 33 34 36 41 45 46 47 52 58 63 64 67
38 1 16 24 27 32 48 53 56 62 65 70
39 2 6 10 11 23 31 40 48 50 57
40 5 17 21 39 41 51 54 56 57 68
41 6 7 13 14 16 24 34 37 40 49 55 60 72
42 27 32 36 43 49 55 69 70
43 9 15 17 19 30 33 35 42 56 63 66
44 3 19 20 22 25 51 64 67 71 72
45 1 3 11 22 23 25 26 27 37 49 50 55 58 60 71
46 3 5 6 11 22 24 32 33 37 48 51 57 64 71 72
47 2 14 15 17 19 27 30 33 35 36 37 48 55 60 64 70
48 1 13 19 21 22 30 35 38 39 46 47
49 0 4 17 20 24 28 30 41 42 45 53 54 59 64
50 17 25 35 36 39 45 51 59 69 72
51 1 16 17 24 33 35 40 44 46 50 55 57 61 62 71
52 0 6 19 35 37 54 59 61
53 2 3 8 10 13 19 25 38 49 54 55 63
54 24 33 40 49 52 53
55 5 8 20 31 33 36 41 42 45 47 51 53 58 62 63
56 1 2 3 14 18 19 22 38 40 43 61 62 70
57 1 32 35 39 40 46 51 59 61 64 67
58 1 2 15 26 29 32 34 35 37 45 55 68 70 71
59 1 3 4 6 10 15 20 31 36 49 50 52 57 71
60 2 10 18 19 20 32 35 41 45 47 61 63
61 6 7 13 26 33 34 51 52 56 57 60
62 2 3 7 9 16 21 38 51 55 56
63 6 10 13 17 22 29 36 37 43 53 55 60
64 4 22 26 27 28 30 37 44 46 47 49 57 71
65 10 13 20 33 38
66 7 9 14 22 27 35 36 43 68
67 11 15 21 35 37 44 57 68
68 11 21 23 25 40 58 66 67 69 71
69 13 15 18 30 42 50 68 70
70 0 3 21 23 24 29 38 42 47 56 58 69
71 7 14 25 30 31 44 45 46 51 58 59 64 68
72 0 1 2 6 8 14 19 23 31 34 35 41 44 46 50
