107 674
0 3 39 49 65 66 71 75 79 81 95 101 104 106
1 4 8 18 20 21 23 29 35 42 52 57 68 86 88 91 92
2 11 19 20 27 28 31 36 46 49 58 63 65 66 72 81 86 101
3 0 6 19 21 24 40 53 60 61 67 81 83 102 103
4 1 20 21 23 41 51 57 70 77 90 95 96 97
5 15 22 27 41 42 51 62 65 78 80
6 3 31 32 35 40 43 49 67 73 76 77 83 106
7 22 24 37 39 52 71 72 83 86 89 104 105
8 1 14 15 18 28 34 36 48 81 82 101 106
9 13 30 33 37 42 44 60 68 71 78 84 85 87 95 104
10 19 24 32 44 45 49 66 71 72 80 90 105
11 2 23 30 33 36 41 72 75 84 92
12 46 53 71 83 91
13 9 14 15 20 25 31 60 63 64 83 91 99 106
14 8 13 27 38 58 63 68 77 85 87 94 99
15 5 8 13 27 35 38 60 76 89 103
16 20 21 22 25 47 51 62 74 76 80 81 83 88 89 94 99
17 30 33 39 66 74 75 79 96 102
18 1 8 30 39 65 75 79 80 81 93
19 2 3 10 26 55 84 88 106
20 1 2 4 13 16 33 38 39 42 45 59 72 77 79 80 83 84 85 95 103
21 1 3 4 16 25 32 65 73 79
22 5 7 16 25 38 43 54 60 68 95
23 1 4 11 58 62 72 82 89 94 102 105
24 3 7 10 34 35 36 44 52 61 65 66 75 103
25 13 16 21 22 43 52 53 55 65 79 80 83 92 101
26 19 28 48 59 62 67 81 85 88 101
27 2 5 14 15 40 52
28 2 8 26 42 47 48 55 60 66 89 94 104
29 1 30 37 56 62 79 86 87 96 98 99
30 9 11 17 18 29 35 39 48 60 84 88 89 103 105
31 2 6 13 34 37 41 47 55 57 60 62 70 101
32 6 10 21 39 42 44 53 67 106
33 9 11 17 20 35 49 62 63 77 81 95 99 103
34 8 24 31 37 54 55 58 66 79 94 102 103
35 1 6 15 24 30 33 51 52 55 56 61 77 83 106
36 2 8 11 24 40 42 45 47 48 56 63 71 72 104
37 7 9 29 31 34 51 52 74 95 96
38 14 15 20 22 55 63 69 77 79 82 94 102
39 0 7 17 18 20 30 32 43 50 57 81 95 100
40 3 6 27 36 44 62 66 74 77 79 81 83 95 97 105
41 4 5 11 31 43 46 47 50 53 76 87 92 101
42 1 5 9 20 28 32 36 45 57 60 69 73 81 87 97
43 6 22 25 39 41 52 59 61 69 71 100
44 9 10 24 32 40 58 71 93 95 104 106
45 10 20 36 42 60 63 67 77 79 80 85 87 88 89 90 95 102
46 2 12 41 47 60 61 64 67 70 83 92
47 16 28 31 36 41 46 48 50 56 57 69 72 74 78
48 8 26 28 30 36 47 53 58 81 92 96 105
49 0 2 6 10 33 52 57 67 70 80 88 89 90 93 95 106
50 39 41 47 69 85 91 97
51 4 5 16 35 37 65 79 83 88
52 1 7 24 25 27 35 37 43 49 71 80 83 89 90 102 105 106
53 3 12 25 32 41 48 59 65 68 82 85 104
54 22 34 58 65 82 91 92 100
55 19 25 28 31 34 35 38 64 67 75 89 102
56 29 35 36 47 61 65 73 79 93 101
57 1 4 31 39 42 47 49 64 81 84 87
58 2 14 23 34 44 48 54 64 67 80 93 100
59 20 26 43 53 62 71 76 102
60 3 9 13 15 22 28 30 31 42 45 46 61 68 71 84 89 98
61 3 24 35 43 46 56 60 71 87 95
62 5 16 23 26 29 31 33 40 59 72 79 83 84 87 91 98 99
63 2 13 14 33 36 38 45 67 75 80 91 92 93 96 97 100 101
64 13 46 55 57 58 76 79 82
65 0 2 5 18 21 24 25 51 53 54 56 66 71 72 83 84 92 94 104
66 0 2 10 17 24 28 34 40 65 68 71 87 90
67 3 6 26 32 45 46 49 55 58 63 85 91 97 100
68 1 9 14 22 53 60 66 69 91
69 38 42 43 47 50 68 71 77 81 82 85 86 104 105
70 4 31 46 49 72 75 90 96 98 105
71 0 7 9 10 12 36 43 44 52 59 60 61 65 66 69 74 77 79 82 83 85 90
72 2 7 10 11 20 23 36 47 62 65 70 85 100 104
73 6 21 42 56 78 84 91 94 98 105
74 16 17 37 40 47 71 79 80 92 101
75 0 11 17 18 24 55 63 70 78 85 91 102
76 6 15 16 41 59 64 85 86 90 94 100 104
77 4 6 14 20 33 35 38 40 45 69 71 89 90 97
78 5 9 47 73 75 85 90 102 103 105
79 0 17 18 20 21 25 29 34 38 40 45 51 56 62 64 71 74 89 95 101
80 5 10 16 18 20 25 45 49 52 58 63 74 81 91 96
81 0 2 3 8 16 18 26 33 39 40 42 48 57 69 80 87 96 105
82 8 23 38 53 54 64 69 71 86 87
83 3 6 7 12 13 16 20 25 35 40 46 51 52 62 65 71 85 91 92 99 103
84 9 11 19 20 30 57 60 62 65 73 89 92 105
85 9 14 20 26 45 50 53 67 69 71 72 75 76 78 83
86 1 2 7 29 69 76 82 97 105
87 9 14 29 41 42 45 57 61 62 66 81 82 88 91
88 1 16 19 26 30 45 49 51 87 89 94 98 105
89 7 15 16 23 28 30 45 49 52 55 60 77 79 84 88 96 106
90 4 10 45 49 52 66 70 71 76 77 78 98 103
91 1 12 13 50 54 62 63 67 68 73 75 80 83 87 95 102 106
92 1 11 25 41 46 48 54 63 65 74 83 84 94 106
93 18 44 49 56 58 63 94 98 101
94 14 16 23 28 34 38 65 73 76 88 92 93
95 0 4 9 20 22 33 37 39 40 44 45 49 61 79 91 97 103 104
96 4 17 29 37 48 63 70 80 81 89
97 4 40 42 50 63 67 77 86 95 100 106
98 29 60 62 70 73 88 90 93
99 13 14 16 29 33 62 83
100 39 43 54 58 63 67 72 76 97 104
101 0 2 8 25 26 31 41 56 63 74 79 93 106
102 3 17 23 34 38 45 52 55 59 75 78 91
103 3 15 20 24 30 33 34 78 83 90 95 106
104 0 7 9 28 36 44 53 65 69 72 76 95 100
105 7 10 23 30 40 48 52 69 70 73 78 81 84 86 88
106 0 6 8 13 19 32 35 44 49 52 89 91 92 97 101 103
