137 1118
0 23 24 31 42 53 54 56 57 67 78 84 93 104 108 114 122 127 131 134
1 8 22 26 29 30 39 40 54 60 66 67 69 71 72 78 84 86 92 99 105 107 114 117 133 134
2 4 7 12 19 24 30 31 34 43 48 78 81 82 90 94 118 124
3 15 25 26 29 37 39 41 51 58 63 70 79 90 91 92 93 97 103 105 115
4 2 8 9 11 17 21 31 37 41 45 54 56 73 76 79 82 94 100 101 118 122 123 129
5 6 32 37 43 48 56 58 60 63 65 81 84 94 102 115 129
6 5 10 24 28 42 52 71 79 84 86 91 95 96 115 118 121 130
7 2 11 15 25 27 29 34 42 55 67 69 71 79 82 84 98 100 114 120
8 1 4 22 25 29 30 53 54 56 77 85 90 101 106 118 121
9 4 24 30 68 69 82 102 106 114 136
10 6 17 22 29 30 35 37 54 58 65 67 70 71 83 87 102 105 113 114 120 124
11 4 7 19 24 31 33 51 61 67 92 94 123 125
12 2 45 53 57 63 66 68 72 82 93 98 111 124 125
13 21 24 28 40 41 42 52 53 55 60 63 69 78 88 94 108 116 120 124 128 129
14 16 18 27 29 35 38 51 55 59 62 65 68 98 124 125 129 134
15 3 7 19 39 46 49 50 56 71 73 75 76 100 116 120 124 129 133 134
16 14 29 31 32 34 64 66 70 84 107 113 131 132
17 4 10 21 53 59 61 71 72 73 117 123 125 126 130
18 14 31 39 43 44 52 54 55 60 65 84 85 89 94 110 114 118
19 2 11 15 20 23 27 37 56 64 71 72 81 86 88 90 97 100 111 118 129
20 19 22 39 46 49 54 63 65 66 80 90 95 96 99 106 116 121 123 130 136
21 4 13 17 25 27 45 50 58 67 81 86 99 109 124 125 129 133
22 1 8 10 20 37 38 40 41 44 46 48 52 59 65 74 89 93 99 104 105 114 115
23 0 19 30 52 55 56 60 67 70 71 73 80 85 87 91 95 98 102 111 121
24 0 2 6 9 11 13 33 37 44 71 74 87 99 101 109 124 130
25 3 7 8 21 35 42 49 51 64 76 93 114 115 122 127 133
26 1 3 30 47 48 50 80 82 87 95 119 126 130 136
27 7 14 19 21 34 48 49 52 69 70 76 77 91 96 136
28 6 13 59 61 64 65 81 85 87 91 101 102 108 109 113 119 126
29 1 3 7 8 10 14 16 30 44 48 53 56 71 77 82 86 92 95 98 111 113 129 131
30 1 2 8 9 10 23 26 29 32 40 50 67 71 95 102 104 111 130 131
31 0 2 4 11 16 18 38 41 44 49 50 56 57 59 61 65 66 82 87 91 92 101 104 112 114 134 135
32 5 16 30 46 47 63 69 76 77 85 89 103 105 108 122 124
33 11 24 38 39 45 46 70 75 81 85 87 95 120 122 127
34 2 7 16 27 36 47 56 58 64 75 87 91 105 106 112 115 116 117 125
35 10 14 25 42 43 46 66 90 96 108 112 117 133 135
36 34 44 60 61 63 73 74 76 97 109 112 117 120 126 133
37 3 4 5 10 19 22 24 49 81 83 93 110 111 119 126 130
38 14 22 31 33 46 47 53 55 64 86 91 97 105 127 129 133
39 1 3 15 18 20 33 49 54 88 102 116 128 130
40 1 13 22 30 42 45 62 92 103 111 112 113 119 130
41 3 4 13 22 31 57 63 75 88 90 91 94 105 124
42 0 6 7 13 25 35 40 44 61 86 90 114 117 122 132
43 2 5 18 35 50 55 84 89 101 108 109
44 18 22 24 29 31 36 42 56 60 63 66 67 78 80 81 92 93 102 104 111 119 121 130
45 4 12 21 33 40 62 66 73 88 94 104 135
46 15 20 22 32 33 35 38 51 61 70 80 81 99 106 115 131
47 26 32 34 38 57 65 67 77 84 88 90 99 101 103 131
48 2 5 22 26 27 29 63 64 77 79 92 95 106 109 112 126 133
49 15 20 25 27 31 37 39 70 81 86 114 129
50 15 21 26 30 31 43 51 55 56 79 80 94 95 100 108 109 111 130
51 3 11 14 25 46 50 64 65 71 72 88 92 98 105 110 111 124
52 6 13 18 22 23 27 61 63 65 67 71 74 86 89 109 110 127
53 0 8 12 13 17 29 38 56 66 70 73 90 97 102 106 129
54 0 1 4 8 10 18 20 39 56 66 103 114 121 126 128
55 7 13 14 18 23 38 43 50 58 63 96 103 128
56 0 4 5 8 15 19 23 29 31 34 44 50 53 54 61 63 66 72 80 89 90 91 92 105 125 127 134
57 0 12 31 41 47 59 65 69 84 91 92 95 99
58 3 5 10 21 34 55 81 88 106 107 109 115 135
59 14 17 22 28 31 57 80 82 89 92 93 97 100 108 120 125 128 132 134
60 1 5 13 18 23 36 44 66 77 87 91 98 100 102 107 110
61 11 17 28 31 36 42 46 52 56 75 90 95 100 119 128 129
62 14 40 45 81 95 121 123 131
63 3 5 12 13 20 32 36 41 44 48 52 55 56 66 67 78 84 85 123 129 136
64 16 19 25 28 34 38 48 51 91 107 112 113 117 121 130
65 5 10 14 18 20 22 28 31 47 51 52 57 78 106 109 113 120 121 124 135
66 1 12 16 20 31 35 44 45 53 54 56 60 63 69 90 91 106 112
67 0 1 7 10 11 21 23 30 44 47 52 63 69 81 84 85 96 99 114 121
68 9 12 14 70 73 81 99 110 133 134 135
69 1 7 9 13 27 32 57 66 67 71 72 80 82 112 114 124 126 131
70 3 10 16 23 27 33 46 49 53 68 76 81 89 94 117 120 132
71 1 6 7 10 15 17 19 23 24 29 30 51 52 69 93 107 112 130 136
72 1 12 17 19 51 56 69 79 92 99 107 120 122 126 134
73 4 15 17 23 36 45 53 68 74 76 79 87 101 103 110 112 128 130
74 22 24 36 52 73 82 85 91 92 94 112 115 118 120 122 129
75 15 33 34 41 61 79 89 92 101 102 119 121 124 126 131 134
76 4 15 25 27 32 36 70 73 110 118 124 134
77 8 27 29 32 47 48 60 84 114 126 132
78 0 1 2 13 44 63 65 100 109 124 135
79 3 4 6 7 48 50 72 73 75 93 98 102 113 124 125 136
80 20 23 26 44 46 50 56 59 69 88 99 101 116 129 130
81 2 5 19 21 28 33 37 44 46 49 58 62 67 68 70 83 85 95 105 117 119
82 2 4 7 9 12 26 29 31 59 69 74 97 101 112 117 119 121 133 134 135
83 10 37 81 114 124 130 135
84 0 1 5 6 7 16 18 43 47 57 63 67 77 93 96 98 106 112 116 124 127
85 8 18 23 28 32 33 63 67 74 81 94 106 107 108 111 112 114 119 127 130 133
86 1 6 19 21 29 38 42 49 52 91 101 107 111 112 133
87 10 23 24 26 28 31 33 34 60 73 100 114 122 125
88 13 19 39 41 45 47 51 58 80 91 101 111 121 123 125 135
89 18 22 32 43 52 56 59 70 75 90 97 102 104 111 117 124 127
90 2 3 8 19 20 35 41 42 47 53 56 61 66 89 91 98 105 110 115
91 3 6 23 27 28 31 34 38 41 56 57 60 64 66 74 86 88 90 101 108 109 110 114 115
92 1 3 11 29 31 40 44 48 51 56 57 59 72 74 75 103 105 113 118
93 0 3 12 22 25 37 44 59 71 79 84 95 119 123 132
94 2 4 5 11 13 18 41 45 50 70 74 85 107 112 115 119 121 125 129 131
95 6 20 23 26 29 30 33 48 50 57 61 62 81 93 98 108 126 130
96 6 20 27 35 55 67 84 102 111 121 122
97 3 19 36 38 53 59 82 89 106 107 120 133
98 7 12 14 23 29 51 60 79 84 90 95 100 103 113 128 134
99 1 20 21 22 24 46 47 57 67 68 72 80 109 129
100 4 7 15 19 50 59 60 61 78 87 98 110 117 124
101 4 8 24 28 31 43 47 73 75 80 82 86 88 91 116 117 126
102 5 9 10 23 28 30 39 44 53 60 75 79 89 96 104 113 118 126 136
103 3 32 40 47 54 55 73 92 98 134
104 0 22 30 31 44 45 89 102 107 112
105 1 3 10 22 32 34 38 41 51 56 81 90 92 118 120 121 126
106 8 9 20 34 46 48 53 58 65 66 84 85 97 111
107 1 16 58 60 64 71 72 85 86 94 97 104 112 123 129 135
108 0 13 28 32 35 43 50 59 85 91 95 114 118 124 125
109 21 24 28 36 43 48 50 52 58 65 78 91 99 115
110 18 37 51 52 60 68 73 76 90 91 100
111 12 19 23 29 30 37 40 44 50 51 85 86 88 89 96 106 116 119 124 131 134
112 31 34 35 36 40 48 64 66 69 71 73 74 82 84 85 86 94 104 107 116 122 132 135 136
113 10 16 28 29 40 64 65 79 92 98 102 124
114 0 1 7 9 10 18 22 25 31 42 49 54 67 69 77 83 85 87 91 108 116 129
115 3 5 6 22 25 34 46 58 74 90 91 94 109 120
116 13 15 20 34 39 80 84 101 111 112 114 118 124 128 129
117 1 17 34 35 36 42 64 70 81 82 89 100 101 119 124
118 2 4 6 8 18 19 74 76 92 102 105 108 116 122 124 129 135
119 26 28 37 40 44 61 75 81 82 85 93 94 111 117 120
120 7 10 13 15 33 36 59 65 70 72 74 97 105 115 119 127 130 133 136
121 6 8 20 23 44 54 62 64 65 67 75 82 88 94 96 105 127
122 0 4 25 32 33 42 72 74 87 96 112 118 132
123 4 11 17 20 62 63 88 93 107
124 2 10 12 13 14 15 21 24 32 41 51 65 69 75 76 78 79 83 84 89 100 108 111 113 116 117 118 130 135
125 11 12 14 17 21 34 56 59 79 87 88 94 108 130 135
126 17 26 28 36 37 48 54 69 72 75 77 95 101 102 105 129
127 0 25 33 38 52 56 84 85 89 120 121 132
128 13 39 54 55 59 61 73 98 116
129 4 5 13 14 15 19 21 29 38 49 53 61 63 74 80 94 99 107 114 116 118 126
130 6 17 20 24 26 30 37 39 40 44 50 64 71 73 80 83 85 95 120 124 125
131 0 16 29 30 46 47 62 69 75 94 111
132 16 42 59 70 77 93 112 122 127
133 1 15 21 25 35 36 38 48 68 82 85 86 97 120
134 0 1 14 15 31 56 59 68 72 75 76 82 98 103 111
135 31 35 45 58 65 68 78 82 83 88 107 112 118 124 125
136 9 20 26 27 63 71 79 102 112 120
