99 977
0 5 8 12 14 18 26 39 41 53 54 55 59 61 62 64 65 74 75 87 88 89 93 96 97 98
1 3 5 8 11 13 15 19 25 26 34 35 36 39 40 41 48 49 57 68 69 71 76 82 89 95
2 5 8 10 16 17 19 34 36 41 44 48 51 52 62 63 64 71 83 84 91
3 1 6 11 12 18 20 21 22 34 41 44 58 63 64 76 80 82 83 88 89 95
4 5 12 18 19 22 44 46 47 48 55 56 58 66 74 86 88 92 94 96
5 0 1 2 4 10 14 15 21 22 26 31 34 41 50 51 55 67 70 75 76 78 79 80 94 98
6 3 7 17 20 27 32 33 55 65 69 73 75 80 83 89 91
7 6 16 24 30 32 33 34 36 37 41 42 44 45 48 53 54 57 62 64 74 77 94
8 0 1 2 21 22 23 35 41 42 48 49 50 51 54 56 62 67 68 72 74 80 89 90 92
9 14 20 25 29 31 33 34 35 37 38 39 42 43 44 53 56 57 61 71 74 80 81 82 91 92
10 2 5 11 13 14 15 17 25 31 32 41 42 44 49 50 51 54 59 64 65 68 75 85 86 88 94 97 98
11 1 3 10 16 22 23 31 35 36 44 50 51 53 68 70 71 80 82 85 91 95
12 0 3 4 13 19 20 25 36 38 43 53 54 55 70 72 77 81 85 89
13 1 10 12 17 18 34 44 46 47 62 72 75 78 89 92
14 0 5 9 10 26 28 32 38 39 57 58 64 66 70 73 74 77 80 81 84 86 87 89 91
15 1 5 10 17 31 33 35 37 42 43 48 51 54 65 73 78 82 87 90 91 93 97
16 2 7 11 22 25 26 35 37 44 47 51 58 63 64 84 92 95 97 98
17 2 6 10 13 15 19 27 31 40 42 44 48 50 52 62 68 69 70 71 82 89 90 91
18 0 3 4 13 20 36 47 48 49 50 51 57 58 64 69 74 86 90 91
19 1 2 4 12 17 20 28 33 42 51 52 57 59 63 73 76 77 79 83 86 87 89 97 98
20 3 6 9 12 18 19 26 29 39 42 60 61 75 78 88 90 97
21 3 5 8 23 25 27 32 33 38 45 50 52 57 63 76 79 81 83 89 90 92 96 98
22 3 4 5 8 11 16 28 29 37 39 41 47 61 62 85 87 94 98
23 8 11 21 27 28 29 34 42 49 51 55 59 63 68 73 76 81 84 85 88
24 7 29 33 35 39 55 56 58 59 65 72
25 1 9 10 12 16 21 29 35 38 49 53 55 59 64 66 68 69 72 75 79 81 84 85 90 92 98
26 0 1 5 14 16 20 27 36 38 41 45 48 52 54 62 68 77 79 81 85 86 87 98
27 6 17 21 23 26 29 44 47 55 59 62 63 72 73 78 87 98
28 14 19 22 23 33 41 45 47 51 56 57 58 61 63 81 84 85 96 97
29 9 20 22 23 24 25 27 32 44 57 61 67 70 82 83 84 91 92
30 7 32 33 34 37 54 58 60 61 67 68 79 88 96
31 5 9 10 11 15 17 33 34 35 36 37 39 47 50 54 62 73 82 90 94 96 97
32 6 7 10 14 21 29 30 33 39 43 46 57 61 63 65 68 70 71 78 83 87 91 93 95
33 6 7 9 15 19 21 24 28 30 31 32 37 39 40 43 54 56 68 81 82 83 85 87 91 96
34 1 2 3 5 7 9 13 23 30 31 36 44 50 52 69 72 73 75 80 83 86 89 91 94 96
35 1 8 9 11 15 16 24 25 31 43 48 50 52 53 54 55 67 78 79 98
36 1 2 7 11 12 18 26 31 34 41 49 56 64 65 76 92 97
37 7 9 15 16 22 30 31 33 39 43 44 52 54 88 95
38 9 12 14 21 25 26 44 46 50 59 62 69 72 77 86 89 92
39 0 1 9 14 20 22 24 31 32 33 37 55 72 74 77 88 97 98
40 1 17 33 43 53 54 58 60 63 70 79 84 85 95 97
41 0 1 2 3 5 7 8 10 22 26 28 36 45 49 53 54 55 61 62 69 71 74 77 80 82 85
42 7 8 9 10 15 17 19 20 23 53 55 59 61 68 76 87 88 91 93 97
43 9 12 15 32 33 35 37 40 48 52 73 77 81
44 2 3 4 7 9 10 11 13 16 17 27 29 34 37 38 48 53 56 63 69 71 72 73 74 91 96
45 7 21 26 28 41 51 52 56 63 69 80 83 86 87
46 4 13 32 38 52 57 66 77 78 93 97
47 4 13 16 18 22 27 28 31 50 53 56 66 67 68 95 98
48 1 2 4 7 8 15 17 18 26 35 43 44 52 55 63 65 69 73 75 79 80 84 89 91 97
49 1 8 10 18 23 25 36 41 52 55 63 64 71 74 82 90 91 92 97
50 5 8 10 11 17 18 21 31 34 35 38 47 61 63 67 70 87 91 95 97
51 2 5 8 10 11 15 16 18 19 23 28 45 53 56 60 61 66 73 77 82 84 85 89 94 98
52 2 17 19 21 26 34 35 37 43 45 46 48 49 56 64 68 69 78 80 81 94
53 0 7 9 11 12 25 35 40 41 42 44 47 51 57 61 74 78 95 96
54 0 7 8 10 12 15 26 30 31 33 35 37 40 41 58 63 68 73 80 84 85 87 88 89 98
55 0 4 5 6 12 23 24 25 27 35 39 41 42 48 49 59 63 73 75 76 79 87 88 90 91 95
56 4 8 9 24 28 33 36 44 45 47 51 52 58 76 78 80 81 82 85 88 94 96 98
57 1 7 9 14 18 19 21 28 29 32 46 53 62 64 87 96
58 3 4 14 16 18 24 28 30 40 54 56 60 61 63 67 69 72 73 75 77 85
59 0 10 19 23 24 25 27 38 42 55 70 71 79 84 85 89 92 97
60 20 30 40 51 58 61 65 66 68 82 84 91 94 96
61 0 9 20 22 28 29 30 32 41 42 50 51 53 58 60 66 76 83 87 90 95 96 98
62 0 2 7 8 13 17 22 26 27 31 38 41 57 65 67 68 83
63 2 3 16 19 21 23 27 28 32 40 44 45 48 49 50 54 55 58 69 73 74 80 82 93 97
64 0 2 3 7 10 14 16 18 25 36 49 52 57 68 71 74 81 84 91 92 96 98
65 0 6 10 15 24 32 36 48 60 62 71 75 80 83 84 95
66 4 14 25 46 47 51 60 61 69 70 85 86
67 5 8 29 30 35 47 50 58 62 68 69 73 79 82
68 1 8 10 11 17 23 25 26 30 32 33 42 47 52 54 60 62 64 67 74 78 82
69 1 6 17 18 25 34 38 41 44 45 48 52 58 63 66 67 82 91 93
70 5 11 12 14 17 29 32 40 50 59 66 71 75 77 81 85 89
71 1 2 9 11 17 32 41 44 49 59 64 65 70 80 86 88
72 8 12 13 24 25 27 34 38 39 44 58 73 75 82 87 92 93 98
73 6 14 15 19 23 27 31 34 43 44 48 51 54 55 58 63 67 72 75 88 97
74 0 4 7 8 9 14 18 39 41 44 49 53 63 64 68 83 86 88 92 97 98
75 0 5 6 10 13 20 25 34 48 55 58 65 70 72 73 79 80 90 91 97 98
76 1 3 5 19 21 23 36 42 55 56 61 84 91 92 93
77 7 12 14 19 26 38 39 41 43 46 51 58 70 82 83
78 5 13 15 20 27 32 35 46 52 53 56 68 83 85 87 90 91 94 95
79 5 19 21 25 26 30 35 40 48 55 59 67 75 90
80 3 5 6 8 9 11 14 34 41 45 48 52 54 56 63 65 71 75 91 92
81 9 12 14 21 23 25 26 28 33 43 52 56 64 70 87 92
82 1 3 9 11 15 17 29 31 33 41 49 51 56 60 63 67 68 69 72 77 89
83 2 3 6 19 21 29 32 33 34 45 61 62 65 74 77 78 85 93
84 2 14 16 23 25 28 29 40 48 51 54 59 60 64 65 76 85 96 97
85 10 11 12 22 23 25 26 28 33 40 41 51 54 56 58 59 66 70 78 83 84 87 93 96 98
86 4 10 14 18 19 26 34 38 45 66 71 74 87 89 90 93 94
87 0 14 15 19 22 26 27 32 33 42 45 50 54 55 57 61 72 78 81 85 86 90 91
88 0 3 4 10 20 23 30 37 39 42 54 55 56 71 73 74 94
89 0 1 3 6 8 12 13 14 17 19 21 34 38 48 51 54 59 70 82 86 93
90 8 15 17 18 20 21 25 31 49 55 61 75 78 79 86 87 94 97
91 2 6 9 11 14 15 17 18 29 32 33 34 42 44 48 49 50 55 60 64 69 75 76 78 80 87
92 4 8 9 13 16 21 25 29 36 38 49 59 64 72 74 76 80 81
93 0 15 32 42 46 63 69 72 76 83 85 86 89 97
94 4 5 7 10 22 31 34 51 52 56 60 78 86 88 90 95 96
95 1 3 11 16 32 37 40 47 50 53 55 61 65 78 94
96 0 4 21 28 30 31 33 34 44 53 56 57 60 61 64 84 85 94
97 0 10 15 16 19 20 28 31 36 39 40 42 46 48 49 50 59 63 73 74 75 84 90 93
98 0 5 10 16 19 21 22 25 26 27 35 39 47 51 54 56 61 64 72 74 75 85
