32 104
0 1 6 12 15 17 24 26 28 31
1 0 13 14 20 31
2 5 7 10 20 22 30
3 6 10 18 26 27
4 5 6 7 10 13 14 20 25
5 2 4 7 9 10 14
6 0 3 4 9 12 15 17 18 28 31
7 2 4 5 12 19
8 9 12 20 27 31
9 5 6 8 10 13 18 24 26 29
10 2 3 4 5 9 24 25
11 14 22 23 29 30
12 0 6 7 8 17 26 30
13 1 4 9 17 19 23 27 29
14 1 4 5 11 20 22 24
15 0 6 16 18 20 23 24 26
16 15 18 19 21 25
17 0 6 12 13 29 30
18 3 6 9 15 16 20 22 23
19 7 13 16 20 21 23 26 27 28 29
20 1 2 4 8 14 15 18 19 29 30
21 16 19 28
22 2 11 14 18
23 11 13 15 18 19
24 0 9 10 14 15 29
25 4 10 16 26 28
26 0 3 9 12 15 19 25 28
27 3 8 13 19
28 0 6 19 21 25 26 31
29 9 11 13 17 19 20 24
30 2 11 12 17 20
31 0 1 6 8 28
