161 1029
0 10 13 63 64 65 67 70 73 74 88 94 104 105 118 136 152
1 18 29 35 53 76 89 97 103 109 123 132 133 143
2 11 12 13 61 79 83 91 106 117 124 160
3 5 11 19 22 26 34 56 59 67 81 84 100 113 118 131 140
4 14 15 34 51 74 88 94 107 112 119 141 142 144 149
5 3 8 21 89 91 92 96 97 114 120
6 10 21 37 54 70 75 95 98 121 122 126
7 17 46 55 59 68 72 84 98 105 111 120 125 136 144
8 5 48 56 69 73 86 150 155 156
9 27 36 37 39 60 66 80 86 96 100 105 114 125 129 130 132 134 141
10 0 6 37 46 60 74 82 97 110 115 143 149
11 2 3 16 27 51 55 79 103 107 118 131 137 145
12 2 81 104 143 152
13 0 2 38 39 42 43 57 58 65 78 105 114 115 120 130 133 135 139 157
14 4 20 21 25 34 62 66 80 90 109 110 123 127 139
15 4 27 34 43 54 67 68 73 81 82 85 104 108 110 141 155
16 11 17 28 31 46 67 104 109 121 142 160
17 7 16 38 40 43 49 52 54 60 79 91 105 113 127 142 147 159
18 1 26 34 37 51 61 70 72 128 130 145 154 156
19 3 25 30 42 54 69 85 98 118 120 122 127 131 143 154 158
20 14 27 33 34 39 48 58 61 84 108 110 138 153
21 5 6 14 23 25 42 45 79 117 157
22 3 63 72 76 82 89 90 120 131 134 135 137 144
23 21 24 34 70 86 88 95 111 123 126 146 150
24 23 47 66 67 87 139
25 14 19 21 26 46 64 85 86 99 100 127 140 153 154
26 3 18 25 40 59 79 80 88 107 114 122 125 132 140 141 144 147 151
27 9 11 15 20 65 93 117 118 155
28 16 32 33 47 48 54 82 91 101 109 123 131 138 154 156
29 1 31 44 59 79 84 93 111 113 118 125 127 136 156 160
30 19 35 46 85 115 117 140 142 150 160
31 16 29 63 82 89 92 101 121 126 130 135 137 140 146 153 156
32 28 47 55 81 84 87 105 137 149 160
33 20 28 34 41 53 60 62 81 85 103 108 117 130 156
34 3 4 14 15 18 20 23 33 56 58 65 112 121 124 130 139 154
35 1 30 40 42 52 64 66 67 78 95 113 116 123 129 148
36 9 43 66 72 81 97 104 122 140 142 145
37 6 9 10 18 59 71 72 81 91 94 106 121 122 130 154 160
38 13 17 44 64 75 81 83 88 103 141 160
39 9 13 20 47 59 68 80 89 97 117 132
40 17 26 35 46 69 99 115 130 146
41 33 47 54 61 66 90 122 130 146
42 13 19 21 35 49 54 68 70 75 87 126 127 139 159
43 13 15 17 36 49 52 57 59 65 92 115 120 139
44 29 38 98 105 107 108 120 126 129 136 156
45 21 60 67 84 112 142 147
46 7 10 16 25 30 40 67 117 119 135
47 24 28 32 39 41 54 56 59 68 78 80 107 115 122 125 128 138 145
48 8 20 28 104 112 115 116 120 152 156 157
49 17 42 43 55 62 70 111 138 140 152 154 155 158
50 63 64 67 69 74 91 100 102 106 110 142 154
51 4 11 18 70 91 98 111 113 124 126 148 160
52 17 35 43 53 61 62 91 92 103 129 139 152
53 1 33 52 63 64 66 76 77 95 99 103 148 157 158
54 6 15 17 19 28 41 42 47 55 65 74 88 101 121 125 131 143 146 147 157
55 7 11 32 49 54 64 91 94 120 133 137 139 159
56 3 8 34 47 67 71 74 86 102 112 119 127 138 148 160
57 13 43 60 63 84 87 90 92 97 106 111 120 127 141 146
58 13 20 34 69 88 123 143
59 3 7 26 29 37 39 43 47 71 88 96 99 113 142
60 9 10 17 33 45 57 70 85 121 125 130 134 150 155 159
61 2 18 20 41 52 96 104 110 127 149 153 158
62 14 33 49 52 66 71 98 114 116 117 120 126 158
63 0 22 31 50 53 57 78 86 104 111 119 120 137 153
64 0 25 35 38 50 53 55 66 73 90 97 101 104 108 115 129 130 133 145 146 153
65 0 13 27 34 43 54 81 101 112 160
66 9 14 24 35 36 41 53 62 64 107 118 120 138 156 160
67 0 3 15 16 24 35 45 46 50 56 68 77 89 101 116 123 126 159
68 7 15 39 42 47 67 73 77 83 91 103 113 121 136 145 158
69 8 19 40 50 58 85 86 88 96 117 121 136 154
70 0 6 18 23 42 49 51 60 75 81 88 92 94 103 109 113 159
71 37 56 59 62 84 92 105 106 122 137 144 157
72 7 18 22 36 37 75 76 83 88 90 106 126 128 133 144 157
73 0 8 15 64 68 78 80 82 100 116 128 136 146 149 158 160
74 0 4 10 50 54 56 76 84 102 105 129
75 6 38 42 70 72 84 95 101 117 118 129 141
76 1 22 53 72 74 91 99 127 128 140 143
77 53 67 68 93 99 103 119 120 121 123 126 132 139
78 13 35 47 63 73 79 83 84 87 115 139
79 2 11 17 21 26 29 78 82 100 108 127 129 130 131 133 142 154
80 9 14 26 39 47 73 108 122 123 150 153
81 3 12 15 32 33 36 37 38 65 70 82 87 88 91 100 123 136 139 149 150 155
82 10 15 22 28 31 73 79 81 120 124 145
83 2 38 68 72 78 88 127
84 3 7 20 29 32 45 57 71 74 75 78 88 92 99 151
85 15 19 25 30 33 60 69 126 136 137 146
86 8 9 23 25 56 63 69 105 130 141 144 147
87 24 32 42 57 78 81 95 98 118 134 135 136 138
88 0 4 23 26 38 54 58 59 69 70 72 81 83 84 112 148 155 159
89 1 5 22 31 39 67 92 107 108 121 136 150 154
90 14 22 41 57 64 72 153
91 2 5 17 28 37 50 51 52 55 68 76 81 130 139 141
92 5 31 43 52 57 70 71 84 89 96 122 126
93 27 29 77 103 106 107 125 133 144
94 0 4 37 55 70 120 121
95 6 23 35 53 75 87 122 129 134 157 158
96 5 9 59 61 69 92 97 99 104 106 133 145
97 1 5 10 36 39 57 64 96 99 108 116 118 131 140 157
98 6 7 19 44 51 62 87 100 103 113 121 138 151
99 25 40 53 59 76 77 84 96 97 104 120 151
100 3 9 25 50 73 79 81 98 110 117 123 139
101 28 31 54 64 65 67 75 108 147
102 50 56 74 105 116 117
103 1 11 33 38 52 53 68 70 77 93 98 109 115 122 126 128 131 149
104 0 12 15 16 36 48 61 63 64 96 99 110 112 115 143
105 0 7 9 13 17 32 44 71 74 86 102 122 132
106 2 37 50 57 71 72 93 96
107 4 11 26 44 47 66 89 93 158 159
108 15 20 33 44 64 79 80 89 97 101 113 116 121 127 129 151
109 1 14 16 28 70 103 121 142 145
110 10 14 15 20 50 61 100 104 112 113 132 145
111 7 23 29 49 51 57 63 126 146
112 4 34 45 48 56 65 88 104 110 124 138 140 142 155
113 3 17 29 35 51 59 68 70 98 108 110 116 137 143
114 5 9 13 26 62 126 140 153 159
115 10 13 30 40 43 47 48 64 78 103 104 130 139 144
116 35 48 62 67 73 97 102 108 113 118 130 133 138 141
117 2 21 27 30 33 39 46 62 69 75 100 102 136 142 150
118 0 3 11 19 27 29 66 75 87 97 116 122 129 140 148
119 4 46 56 63 77 125 128 158 160
120 5 7 13 19 22 43 44 48 55 57 62 63 66 77 82 94 99 147
121 6 16 31 34 37 54 60 68 69 77 89 94 98 108 109 132
122 6 19 26 36 37 41 47 71 80 92 95 103 105 118 128 138 140 147 159
123 1 14 23 28 35 58 67 77 80 81 100 125 135 139 142 150
124 2 34 51 82 112 127 128 146 156
125 7 9 26 29 47 54 60 93 119 123 126 135 156
126 6 23 31 42 44 51 62 67 72 77 85 92 103 111 114 125 140
127 14 17 19 25 29 42 56 57 61 76 79 83 108 124 151
128 18 47 72 73 76 103 119 122 124 135 154
129 9 35 44 52 64 74 75 79 95 108 118 149 155
130 9 13 18 31 33 34 37 40 41 60 64 79 86 91 115 116 140 150 153
131 3 11 19 22 28 54 79 97 103 135 145 160
132 1 9 26 39 77 105 110 121 150
133 1 13 55 64 72 79 93 96 116 135 153
134 9 22 60 87 95 138
135 13 22 31 46 87 123 125 128 131 133 138 149 150
136 0 7 29 44 68 69 73 81 85 87 89 117
137 11 22 31 32 55 63 71 85 113 147
138 20 28 47 49 56 66 87 98 112 116 122 134 135 148
139 13 14 24 34 42 43 52 55 77 78 81 91 100 115 123
140 3 25 26 30 31 36 49 76 97 112 114 118 122 126 130 141 143 145 147
141 4 9 15 26 38 57 75 86 91 116 140
142 4 16 17 30 36 45 50 59 79 109 112 117 123 146
143 1 10 12 19 54 58 76 104 113 140 148 152 159
144 4 7 22 26 71 72 86 93 115 147 151
145 11 18 36 47 64 68 82 96 109 110 131 140 158
146 23 31 40 41 54 57 64 73 85 111 124 142 148 149 152
147 17 26 45 54 86 101 120 122 137 140 144
148 35 51 53 56 88 118 138 143 146 153
149 4 10 32 61 73 81 103 129 135 146 156
150 8 23 30 60 80 81 89 117 123 130 132 135 158
151 26 84 98 99 108 127 144
152 0 12 48 49 52 143 146 154
153 20 25 31 61 63 64 80 90 114 130 133 148
154 18 19 25 28 34 37 49 50 69 79 89 128 152
155 8 15 27 49 60 81 88 112 129
156 8 18 28 29 31 33 44 48 66 124 125 149
157 13 21 48 53 54 71 72 95 97
158 19 49 53 61 62 68 73 95 107 119 145 150
159 17 42 55 60 67 70 88 107 114 122 143
160 2 16 29 30 32 37 38 51 56 65 66 73 119 131
