46 183
0 6 14 15 30 32 35 40 42
1 4 9 13 15 18 22 33 38 41 45
2 11 25 34 35 41 42
3 11 13 14 30 32 39 45
4 1 9 11 13 33 36 44 45
5 6 19 22 28 29 41
6 0 5 10 26 35 43
7 22 25 27 30 31 34 40 43
8 9 12 18 24 30 37 42 44
9 1 4 8 14 30 32 36 37 39 42
10 6 11 16 20 27 29 34 44
11 2 3 4 10 12 23 35 36 44
12 8 11 15 21 22 31 34 36 38 39 40
13 1 3 4 15 16 32 41 42 43
14 0 3 9 17 27 31 33 39 40
15 0 1 12 13 16 24 29 36
16 10 13 15 22 31 40 45
17 14 18 24 29 30 33 36
18 1 8 17 21 27 31 39
19 5 27 28 33 34 35
20 10 22 24 27 28 43
21 12 18 40 42
22 1 5 7 12 16 20 24 27 30 34 40 44
23 11 25 28 29 30
24 8 15 17 20 22 28 32 35 40
25 2 7 23 32 35
26 6 30 33 35 41 44 45
27 7 10 14 18 19 20 22 31 37 39
28 5 19 20 23 24 45
29 5 10 15 17 23 40 42
30 0 3 7 8 9 17 22 23 26 34 35 36 40 41 44
31 7 12 14 16 18 27 35 36 43
32 0 3 9 13 24 25
33 1 4 14 17 19 26 34 45
34 2 7 10 12 19 22 30 33 36 41
35 0 2 6 11 19 24 25 26 30 31 39 43
36 4 9 11 12 15 17 30 31 34
37 8 9 27 38 40 41 44
38 1 12 37
39 3 9 12 14 18 27 35 42
40 0 7 12 14 16 21 22 24 29 30 37
41 1 2 5 13 26 30 34 37 44
42 0 2 8 9 13 21 29 39
43 6 7 13 20 31 35
44 4 8 10 11 22 26 30 37 41
45 1 3 4 16 26 28 33
