66 348
0 17 22 23 24 28 36 40 44 51 54 55
1 4 6 7 11 29 31 32 48 49 54 58 64
2 3 25 29 32 37 44 48 51 56 60 62 63
3 2 7 29 34 41 42 55 63
4 1 7 15 17 39 40 46 49 53 56 59 60
5 11 18 21 28 31 37 43 45 53 62
6 1 10 19 21 23 26 29 41 57 59 62 64
7 1 3 4 18 32 38 52
8 40 41 46 47
9 14 15 22 32 34 37 45 46 47 50 52 53 55 60 65
10 6 12 15 22 28 35 38 50 60
11 1 5 13 23 24 33 59 61
12 10 13 21 33 34 36 38 44 45 49 54 65
13 11 12 25 26 33 57
14 9 23 35 41 46 53 60 64
15 4 9 10 17 18 21 23 26 29 37 39 41 44 58 61 65
16 40 42 51 52 55 57 62 64
17 0 4 15 18 21 25 31 36 43 45 55
18 5 7 15 17 19 20 30 31 37 43 51 63 65
19 6 18 26 41 43 54 61 62
20 18 26 38 42 56 58 60 62
21 5 6 12 15 17 25 31 32 33 35 47 56 65
22 0 9 10 23 33 34 36 38 50 53 65
23 0 6 11 14 15 22 24 27 40 47 53 62
24 0 11 23 36 45 46 47 55 63
25 2 13 17 21 40 60 62
26 6 13 15 19 20 29 53 54 57 58
27 23 59
28 0 5 10 39 41 46 49 50 54 64
29 1 2 3 6 15 26 31 48 49 51 54 59
30 18 34 46 47 50 54 56 61 64 65
31 1 5 17 18 21 29 35 36 38 41 50 54 56 58
32 1 2 7 9 21 36 40 41 54
33 11 12 13 21 22 41 43 50 62
34 3 9 12 22 30 40 43 44 49 52 54 63 64
35 10 14 21 31 40 47 59
36 0 12 17 22 24 31 32 38 44 46 51 58 64
37 2 5 9 15 18 64
38 7 10 12 20 22 31 36 48 50 52 60 62
39 4 15 28 42 43 46 53 58 59
40 0 4 8 16 23 25 32 34 35 48 56
41 3 6 8 14 15 19 28 31 32 33 42 47 50 60 65
42 3 16 20 39 41 47 49 52 61 65
43 5 17 18 19 33 34 39 45 53 58 59 63
44 0 2 12 15 34 36 46 48
45 5 9 12 17 24 43 50 57 59
46 4 8 9 14 24 28 30 36 39 44 59 63 65
47 8 9 21 23 24 30 35 41 42 49 60 62
48 1 2 29 38 40 44 49 55
49 1 4 12 28 29 34 42 47 48 50
50 9 10 22 28 30 31 33 38 41 45 49 53 60 63 64
51 0 2 16 18 29 36 53 61
52 7 9 16 34 38 42 53 59 62
53 4 5 9 14 22 23 26 39 43 50 51 52 55 56 57 59 65
54 0 1 12 19 26 28 29 30 31 32 34 60 64
55 0 3 9 16 17 24 48 53 58 59 63
56 2 4 20 21 30 31 40 53 61 64
57 6 13 16 26 45 53 63 65
58 1 15 20 26 31 36 39 43 55 59 61
59 4 6 11 27 29 35 39 43 45 46 52 53 55 58 61 65
60 2 4 9 10 14 20 25 38 41 47 50 54
61 11 15 19 30 42 51 56 58 59
62 2 5 6 16 19 20 23 25 33 38 47 52 63
63 2 3 18 24 34 43 46 50 55 57 62 65
64 1 6 14 16 28 30 34 36 37 50 54 56
65 9 12 15 18 21 22 30 41 42 46 53 57 59 63
