171 3171
0 2 4 11 14 30 32 33 37 42 44 51 58 61 63 68 70 75 81 84 86 89 90 91 92 93 95 99 103 108 109 113 123 132 133 134 137 144 145 146 150 151 156 166
1 3 7 9 10 13 15 22 24 28 30 31 38 42 47 48 53 72 73 75 76 77 80 81 93 94 97 98 107 109 110 112 117 121 124 135 137 139 146 153 154 156 168 169
2 0 3 10 12 21 22 34 35 37 38 40 41 42 52 57 60 75 86 88 93 104 108 109 113 117 122 127 128 136 141 144 147 166 170
3 1 2 9 11 13 23 28 31 38 43 47 59 78 81 82 87 91 92 103 106 110 113 114 115 123 127 128 130 131 139 140 141 142 154 155 156 160 162 163 166 167 170
4 0 9 11 17 23 34 45 50 51 52 53 54 57 60 62 68 69 73 76 80 84 87 89 92 93 97 103 104 110 114 120 127 134 138 142 143 145 148 150 152 163 165
5 8 14 19 25 29 32 33 40 42 45 47 50 51 54 55 59 62 64 70 72 74 75 77 80 88 98 99 100 106 107 109 121 123 125 127 128 136 147 150 167 168
6 9 10 16 25 30 31 32 35 39 52 58 63 65 78 79 88 94 95 96 97 98 99 100 102 106 115 119 124 125 126 129 140 143 144 148 149 150 154 164
7 1 10 12 17 19 21 26 31 35 39 41 42 43 50 51 53 55 56 57 59 61 64 73 76 85 87 90 95 96 97 98 103 104 105 106 132 133 139 143 158 166
8 5 9 11 20 21 30 39 44 48 51 62 63 68 70 81 82 89 90 92 93 94 97 110 122 130 137 139 146 149 160 167 169
9 1 3 4 6 8 23 28 32 35 43 45 48 51 56 58 59 63 70 76 89 94 97 98 102 107 115 117 118 124 127 128 129 130 132 135 139 140 141 145 147 159 164 168
10 1 2 6 7 12 13 14 20 23 33 38 42 48 50 52 54 58 59 64 83 87 90 91 94 96 99 105 106 109 120 122 125 126 127 145 149 152 154 158 159 160 165 169
11 0 3 4 8 15 16 21 25 27 28 30 34 37 39 40 43 56 69 76 79 82 85 86 90 94 98 101 104 105 110 114 118 127 128 145 154 160 161 164
12 2 7 10 15 18 23 26 33 39 45 49 50 55 69 70 87 98 107 110 116 124 133 137 143 146 154 155 161 166
13 1 3 10 17 20 22 31 38 46 47 48 53 57 63 65 77 79 80 89 92 93 100 109 110 113 115 117 120 121 125 130 136 141 147 151 160 162 169
14 0 5 10 17 20 21 32 39 53 54 62 67 73 76 80 83 88 90 94 98 107 109 115 116 118 121 122 127 135 138 141 145 146 148 154 161 167
15 1 11 12 21 26 31 38 43 47 56 65 70 72 73 81 83 86 99 101 104 106 107 111 124 126 135 139 142 148 149 150 152 161
16 6 11 25 33 35 41 46 48 52 62 66 77 80 82 84 86 88 91 93 105 119 120 121 122 124 130 133 136 144 150 151 152 155
17 4 7 13 14 18 19 33 43 45 51 53 56 61 63 67 73 74 76 83 94 98 104 109 127 128 131 133 137 139 140 145 154 160 161 165
18 12 17 20 22 23 30 33 34 40 41 55 56 57 60 62 63 68 79 89 90 97 99 106 108 117 118 121 124 129 148 151 158 161 164 167
19 5 7 17 29 30 33 34 35 42 47 50 52 55 67 75 89 94 97 115 117 120 122 124 132 136 143 145 149 150 163 167
20 8 10 13 14 18 30 31 32 34 35 38 45 51 53 54 67 70 80 81 82 84 86 87 91 115 120 121 125 131 134 135 136 143 144 150 161 163 168
21 2 7 8 11 14 15 27 29 32 35 38 41 42 50 57 62 70 73 77 81 88 89 90 93 94 108 118 119 130 133 137 142 144 152 156 158 161 168
22 1 2 13 18 28 32 36 37 38 51 52 54 57 60 64 65 79 82 83 90 101 102 110 111 112 121 127 131 141 143 154 155 156 160 161 163 169
23 3 4 9 10 12 18 24 25 30 44 46 54 55 57 66 68 69 70 78 88 89 92 98 102 113 114 118 124 130 143 145 149 151 156 159 162 165 166 169
24 1 23 27 28 33 37 42 44 50 63 69 79 80 81 88 95 102 107 112 113 118 120 124 126 133 149 150 155 164 166 170
25 5 6 11 16 23 29 32 35 40 42 44 46 48 54 57 65 66 68 70 77 79 92 100 107 108 116 118 120 129 130 134 150 151 152 160 164 166 167 168
26 7 12 15 27 31 35 38 42 43 44 48 50 53 55 57 61 69 71 79 80 82 84 90 91 95 104 118 119 122 130 136 141 143 147 148 149 153 159 162 164 168 170
27 11 21 24 26 32 34 35 40 43 44 45 51 61 65 67 73 75 80 86 96 97 100 104 105 108 110 118 122 124 126 136 137 149 150 160 161 168 170
28 1 3 9 11 22 24 31 44 51 62 64 70 75 80 94 96 100 102 112 119 128 131 135 142 145 147 153 154 155 158 159 166 167 168 169
29 5 19 21 25 33 34 38 48 49 54 58 60 65 66 67 70 84 85 86 89 90 94 103 106 110 131 133 138 139 156 158 161 164
30 0 1 6 8 11 18 19 20 23 41 42 45 46 53 54 58 60 67 72 76 77 81 83 84 87 100 103 104 105 111 114 118 119 125 126 134 145 149 151 152 162 163 170
31 1 3 6 7 13 15 20 26 28 34 35 36 39 41 43 51 54 60 68 72 73 81 101 106 109 111 112 118 120 127 134 136 147 148 160 162 169
32 0 5 6 9 14 20 21 22 25 27 51 56 65 68 73 74 79 80 87 91 95 96 103 105 107 108 113 118 120 122 130 132 136 138 139 142 146 154 158 162 167 168
33 0 5 10 12 16 17 18 19 24 29 34 35 44 46 54 58 59 73 75 76 79 80 81 82 85 96 105 107 109 113 119 122 125 128 130 132 134 135 150 153 158 160
34 2 4 11 18 19 20 27 29 31 33 35 38 42 58 60 61 63 68 72 75 79 94 98 99 101 103 105 108 110 111 132 133 135 147 149 159
35 2 6 7 9 16 19 20 21 25 26 27 31 33 34 37 40 51 62 63 64 65 72 75 77 91 93 101 102 103 112 122 123 126 127 130 131 134 137 139 141 144 152 154 156 165 166
36 22 31 44 49 52 53 56 58 60 61 70 71 80 82 86 88 96 106 116 124 127 128 159 169
37 0 2 11 22 24 35 39 41 42 43 44 45 46 48 49 56 61 67 72 73 76 77 82 90 98 99 100 117 121 123 124 128 136 139 142 150 152 157 163
38 1 2 3 10 13 15 20 21 22 26 29 34 39 41 51 54 57 58 63 67 69 74 89 93 95 99 106 111 116 118 124 126 128 133 137 146 149 150 153 154 155 160 167
39 6 7 8 11 12 14 31 37 38 42 45 50 59 60 66 75 79 82 90 106 107 117 120 125 133 136 139 145 147 154 155 160 163 168 170
40 2 5 11 18 25 27 35 41 42 47 58 61 77 82 83 93 95 98 100 102 106 112 115 116 123 132 142 143 150 153 156 159 163 168 169 170
41 2 7 16 18 21 30 31 37 38 40 42 43 44 48 49 50 52 62 66 70 79 85 86 87 90 91 97 99 103 106 109 115 118 121 123 124 132 134 155 160 163
42 0 1 2 5 7 10 19 21 24 25 26 30 34 37 39 40 41 49 51 57 60 68 69 71 72 81 92 96 97 104 107 120 121 123 130 132 150 166 167
43 3 7 9 11 15 17 26 27 31 37 41 53 59 60 70 74 87 91 101 105 107 113 116 117 121 128 131 137 138 148 149 153 154 160 164 165 168 169
44 0 8 23 24 25 26 27 28 33 36 37 41 52 53 56 59 67 71 73 87 89 91 93 100 107 122 127 132 135 137 138 143 148
45 4 5 9 12 17 20 27 30 37 39 52 54 55 56 60 62 63 71 80 85 86 88 96 107 111 119 120 124 132 139 144 145 151 152 154 162 164 167
46 13 16 23 25 30 33 37 48 56 65 74 76 83 86 100 116 119 121 127 128 131 138 140 142 148 149 152 154 158
47 1 3 5 13 15 19 40 50 51 53 58 76 85 90 91 92 96 98 101 102 114 126 129 130 131 136 141 143 144 146 149 160 162 164
48 1 8 9 10 13 16 25 26 29 37 41 46 50 52 53 56 61 63 67 70 73 77 79 83 85 91 92 97 99 105 108 109 110 112 114 119 124 127 132 134 135 138 139 144 146 159 162
49 12 29 36 37 41 42 59 68 72 75 84 86 98 99 101 111 124 125 133 135 144 148 150 152 160 161 162 169 170
50 4 5 7 10 12 19 21 24 26 39 41 47 48 55 64 66 68 70 73 89 93 95 97 100 102 104 109 110 113 116 122 124 126 141 145 149 161 169
51 0 4 5 7 8 9 17 20 22 27 28 31 32 35 38 42 47 53 57 58 61 69 73 75 76 79 83 86 91 94 95 98 103 104 106 109 119 121 123 129 132 135 140 145 146 151
52 2 4 6 10 16 19 22 36 41 44 45 48 55 57 61 64 76 81 82 83 91 92 93 101 111 113 115 118 120 122 124 131 135 141 143 150 155 164 165
53 1 4 7 13 14 17 20 26 30 36 43 44 47 48 51 62 64 65 72 91 96 98 103 111 115 140 144 149 151 152
54 4 5 10 14 20 22 23 25 29 30 31 33 38 45 56 63 66 69 70 77 80 81 83 99 100 101 105 107 108 109 111 123 127 133 134 148 155 156 158
55 5 7 12 18 19 23 26 45 50 52 56 58 71 72 77 79 89 101 102 104 105 109 110 119 120 128 131 133 134 136 150 155 156 157 165 168
56 7 9 11 15 17 18 32 36 37 44 45 46 48 54 55 64 68 69 72 77 80 82 84 96 107 113 119 121 131 134 135 139 146 151 152 164 169
57 2 4 7 13 18 21 22 23 25 26 38 42 51 52 59 66 69 78 86 90 91 92 95 101 102 117 121 122 123 130 137 139 145 161 169
58 0 6 9 10 29 30 33 34 36 38 40 47 51 55 68 69 72 82 86 91 96 97 98 100 101 102 105 107 110 115 127 131 134 138 140 142 144 156 158 162 163 164
59 3 5 7 9 10 33 39 43 44 49 57 64 67 70 91 92 98 101 102 107 109 114 119 122 126 128 133 137 139 146 153 155 158 167
60 2 4 18 22 29 30 31 34 36 39 42 43 45 61 64 70 71 76 99 109 110 112 113 115 118 119 120 121 123 125 136 139 141 150 151 156 160 162 169
61 0 7 17 26 27 34 36 37 40 48 51 52 60 64 70 84 87 89 95 97 103 108 110 116 120 121 127 130 137 140 141 142 144 150 152 154 155 156 159 164 166 169
62 4 5 8 14 16 18 21 28 35 41 45 53 64 71 72 73 81 83 87 93 112 113 120 124 130 133 140 141 148 153 154 159 160 166 167
63 0 6 8 9 13 17 18 24 34 35 38 45 48 54 66 67 68 70 71 75 77 84 86 92 101 104 107 111 112 113 121 126 127 130 134 137 138 141 143 144 152 154 158 161 168 170
64 5 7 10 22 28 35 50 52 53 56 59 60 61 62 67 68 69 71 77 83 85 90 91 94 101 103 104 111 114 118 122 131 132 133 135 153 155 159 161 166 168 169
65 6 13 15 22 25 27 29 32 35 46 53 67 68 72 75 78 80 81 83 85 86 88 97 99 100 101 104 109 111 113 120 127 140 142 151 153 157 160 169
66 16 23 25 29 39 41 50 54 57 63 68 69 71 74 76 77 83 88 91 95 112 113 114 117 119 127 131 132 137 140 141 143 166 167
67 14 17 19 20 27 29 30 37 38 44 48 59 63 64 65 71 82 93 97 101 113 126 131 142 144 146 156 159 163 164 166 167
68 0 4 8 18 23 25 31 32 34 42 49 50 56 58 63 64 65 66 69 70 77 78 82 84 93 94 101 102 103 106 108 112 114 117 119 122 125 126 129 130 146 151 153 162 168 169
69 4 11 12 23 24 26 38 42 51 54 56 57 58 64 66 68 73 74 77 83 85 88 89 94 101 103 105 106 107 110 114 124 131 153 154
70 0 5 8 9 12 15 20 21 23 25 28 29 36 41 43 48 50 54 59 60 61 63 68 78 88 98 100 103 104 109 117 125 127 129 133 135 140 141 144 145 148 153 161 163 164
71 26 36 42 44 45 55 60 62 63 64 66 67 77 81 83 88 92 99 100 103 105 122 126 127 134 135 136 154 166
72 1 5 15 30 31 34 35 37 42 49 53 55 56 58 62 65 79 82 85 97 100 101 102 105 107 108 113 114 116 123 129 138 139 140 141 146 155 162 168 170
73 1 4 7 14 15 17 21 27 31 32 33 37 44 48 50 51 62 69 82 86 90 92 95 100 103 113 116 121 124 126 134 137 138 139 145 155 169 170
74 5 17 32 38 43 46 66 69 77 79 82 84 95 96 100 101 102 115 120 124 133 134 145 152 153 160 161 162 163 164
75 0 1 2 5 19 27 28 33 34 35 39 49 51 63 65 77 78 85 86 88 91 93 94 96 98 103 104 110 119 122 123 124 133 139 147 156 164 165
76 1 4 7 9 11 14 17 30 33 37 46 47 51 52 60 66 81 82 84 89 93 99 100 104 106 109 110 118 123 129 130 133 134 138 139 152
77 1 5 13 16 21 25 30 35 37 40 48 54 55 56 63 64 66 68 69 71 74 75 78 79 85 93 95 97 114 120 121 123 124 125 126 128 131 134 141 147 150 152 155 158 159 164
78 3 6 23 57 65 68 70 75 77 79 94 108 110 117 121 126 137 139 140 145 146 147 154 156 159 161 168
79 6 11 13 18 22 24 25 26 32 33 34 39 41 48 51 55 72 74 77 78 81 83 91 100 101 103 107 111 113 121 131 132 136 139 161 166 168
80 1 4 5 13 14 16 20 24 26 27 28 32 33 36 45 54 56 65 82 86 89 91 92 95 96 104 105 112 113 117 119 121 122 126 144 145 146 152 159 164 166 168 169
81 0 1 3 8 15 20 21 24 30 31 33 42 52 54 62 65 71 76 79 85 90 98 100 104 111 115 116 119 120 124 127 129 134 141 145 147
82 3 8 11 16 20 22 26 33 36 37 39 40 52 56 58 67 68 72 73 74 76 80 84 86 90 93 94 116 126 147 154 160 161 167 168 169
83 10 14 15 17 22 30 40 46 48 51 52 54 62 64 65 66 69 71 79 85 92 96 97 98 104 113 114 118 119 120 125 134 135 138 152 167
84 0 4 16 20 26 29 30 49 56 61 63 68 74 76 82 88 91 94 100 109 111 114 119 128 141 143 150 160 162 168
85 7 11 29 33 41 45 47 48 64 65 69 72 75 77 81 83 107 116 117 124 130 136 137 140 141 142 149 151 152 161 163 165
86 0 2 11 15 16 20 27 29 36 41 45 46 49 51 57 58 63 65 73 75 80 82 91 92 101 117 128 134 135 137 139 147 148 149 153 164 166 167
87 3 4 7 10 12 20 30 32 41 43 44 61 62 90 91 93 95 98 101 102 108 122 123 124 125 129 131 132 135 144 149 166
88 2 5 6 14 16 21 23 24 36 45 65 66 69 70 71 75 84 90 100 102 103 109 111 121 124 125 137 139 149 151 161 168
89 0 4 8 9 13 18 19 21 23 29 38 44 50 55 61 69 76 80 94 95 99 100 102 106 110 114 115 116 122 128 133 137 146 147 150 164 165
90 0 7 8 10 11 14 18 21 22 26 29 37 39 41 47 57 64 73 81 82 87 88 92 93 94 100 104 110 113 118 124 139 141 142 155 158 161 162 163 165 168 170
91 0 3 10 16 20 26 32 35 41 43 44 47 48 51 52 53 57 58 59 64 66 75 79 80 84 86 87 92 95 96 98 102 103 108 112 115 122 128 131 134 136 140 149 161 166 167 169 170
92 0 3 4 8 13 23 25 42 47 48 52 57 59 63 71 73 80 83 86 90 91 102 103 104 105 106 112 114 122 128 130 138 140 145 149 155 160 166 167
93 0 1 2 4 8 13 16 21 35 38 40 44 50 52 62 67 68 75 76 77 82 87 90 95 97 98 99 105 107 118 126 130 134 137 138 143 146 147 149 151 157 158 160 161 162 164 166
94 1 6 8 9 10 11 14 17 19 21 28 29 34 51 64 68 69 75 78 82 84 89 90 98 101 104 107 110 120 121 122 125 131 136 139 142 145 148 155 159 163 165 167
95 0 6 7 24 26 32 38 40 50 51 57 61 66 73 74 77 80 87 89 91 93 104 107 110 112 118 123 127 130 138 144 148 149 152 155
96 6 7 10 27 28 32 33 36 42 45 47 53 56 58 74 75 80 83 91 98 99 101 106 111 112 113 120 136 137 141 142 146 147 156 159 160
97 1 4 6 7 8 9 18 19 27 41 42 48 50 58 61 65 67 72 77 83 93 100 102 120 122 134 136 143 152 154 156 158 162
98 1 5 6 7 9 11 12 14 17 23 34 37 40 47 49 51 53 58 59 70 75 81 83 87 91 93 94 96 102 106 109 116 117 121 123 128 129 131 133 135 138 143 147 149 152 158 169
99 0 5 6 10 15 18 34 37 38 41 48 49 54 60 65 71 76 89 93 96 117 125 128 133 147 149 151 154 163 164
100 5 6 13 25 27 28 30 37 40 44 46 50 54 58 65 70 71 72 73 74 76 79 81 84 88 89 90 97 105 106 116 128 129 139 144 147 148 153 164 165 169
101 11 15 22 31 34 35 43 47 49 52 54 55 57 58 59 63 64 65 67 68 69 72 74 79 86 87 94 96 104 107 113 119 127 130 133 136 139 146 152 154 162 164
102 6 9 22 23 24 28 35 40 47 50 55 57 58 59 68 72 74 87 88 89 91 92 97 98 117 118 122 123 124 135 142 143 146 149 150 155 158 163 164 168 169 170
103 0 3 4 7 29 30 32 34 35 41 51 53 61 64 68 69 70 71 73 75 79 88 91 92 113 114 125 127 133 149 153 165
104 2 4 7 11 15 17 26 27 30 42 50 51 55 63 64 65 70 75 76 80 81 83 90 92 94 95 101 106 107 108 115 123 128 133 137 159 164 165 169
105 7 10 11 16 27 30 32 33 34 43 48 54 55 58 69 71 72 80 92 93 100 112 114 118 120 123 128 129 132 138 140 141 148 151 158
106 3 5 6 7 10 15 18 29 31 36 38 39 40 41 51 68 69 76 89 92 96 98 100 104 108 115 121 149 151 152 153 155 160 164
107 1 5 9 12 14 15 24 25 32 33 39 42 43 44 45 54 56 58 59 63 69 72 79 85 93 94 95 101 104 113 114 117 121 123 126 131 132 135 151 163 166 170
108 0 2 18 21 25 27 32 34 48 54 61 68 72 78 87 91 104 106 111 118 120 121 125 132 145 153 164 170
109 0 1 2 5 10 13 14 17 31 33 41 48 50 51 54 55 59 60 65 70 76 84 88 98 116 117 118 120 125 126 129 130 132 151 152 163
110 1 3 4 8 11 12 13 22 27 29 34 48 50 55 58 60 61 69 75 76 78 89 90 94 95 111 112 116 118 128 131 132 135 139 141 150 151 153 158 159 161 162
111 15 22 30 31 34 38 45 49 52 53 54 63 64 65 79 81 84 88 96 108 110 117 135 137 139 142 145 147 151 161
112 1 22 24 28 31 35 40 48 60 62 63 66 68 80 91 92 95 96 105 110 123 124 125 126 127 128 131 132 135 138 140 142 146 147 152 154 157 167
113 0 2 3 13 23 24 32 33 43 50 52 56 60 62 63 65 66 67 72 73 79 80 83 90 96 101 103 107 120 121 131 132 137 142 147 149 150 151
114 3 4 11 23 30 47 48 59 64 66 68 69 72 77 83 84 89 92 103 105 107 115 123 150 151 160 161 166 167
115 3 6 9 13 14 19 20 40 41 52 53 58 60 74 81 89 91 104 106 114 118 125 134 143 147 148 153 154 155 156
116 12 14 25 36 38 40 43 46 50 61 72 73 81 82 85 89 98 100 109 110 117 121 129 130 131 132 137 144 146 157 162 163 167 169
117 1 2 9 13 18 19 37 39 43 57 66 68 70 78 80 85 86 98 99 102 107 109 111 116 126 131 138 140 146 147 149 151 155 157 162 168
118 9 11 14 18 21 23 24 25 26 27 30 31 32 38 41 52 60 64 76 83 90 93 95 102 105 108 109 110 115 126 127 132 144 145 153 159
119 6 16 21 26 28 30 33 45 46 48 51 55 56 59 60 66 68 75 80 81 83 84 101 122 127 131 143 154 155 161 165 166 168 170
120 4 10 13 16 19 20 24 25 31 32 39 42 45 52 55 60 61 62 65 74 77 81 83 94 96 97 105 108 109 113 122 125 126 140 165 166
121 1 5 13 14 16 18 20 22 37 41 42 43 46 51 56 57 60 61 63 73 77 78 79 80 88 94 98 106 107 108 113 116 122 131 135 136 140 141 146 151 153 159 160 163
122 2 8 10 14 16 19 26 27 32 33 35 44 50 52 57 59 64 68 71 75 80 87 89 91 92 94 97 102 119 120 121 123 130 132 133 136 142 148 162 164 169 170
123 0 3 5 35 37 40 41 42 51 54 57 60 72 75 76 77 87 95 98 102 104 105 107 112 114 122 124 129 131 132 133 134 138 146 148 151 157 158 163 166 167 170
124 1 6 9 12 15 16 18 19 23 24 27 36 37 38 41 45 48 49 50 52 62 69 73 74 75 77 81 85 87 88 90 102 112 123 127 129 133 135 138 146 153 154 155 158 167 169
125 5 6 10 13 20 30 33 39 49 60 68 70 77 83 87 88 94 99 103 108 109 112 115 120 128 133 138 139 142 158 166 168
126 6 10 15 24 27 30 35 38 47 50 59 63 67 68 71 73 77 78 80 82 93 107 109 112 117 118 120 127 133 136 139 140 144 145 148 150
127 2 3 4 5 9 10 11 14 17 22 31 35 36 44 46 48 54 58 61 63 65 66 70 71 81 95 101 103 112 118 119 124 126 129 138 141 143 152 155 156 158 163
128 2 3 5 9 11 17 28 33 36 37 38 43 46 55 59 77 84 86 89 91 92 98 99 100 104 105 110 112 125 134 140 143 144 149 150 152 162 163 167 169
129 6 9 18 25 47 51 68 70 72 76 81 87 98 100 105 109 116 123 124 127 138 142 146 156 163 166 169
130 3 8 9 13 16 21 23 25 26 32 33 35 42 47 57 61 62 63 68 76 85 92 93 95 101 109 116 122 132 137 138 140 141 148 149 152 156 163 167 168 169
131 3 17 20 22 28 29 35 43 46 47 52 55 56 58 64 66 67 69 77 79 87 91 94 98 107 110 112 113 116 117 119 121 123 133 148 150 153 156 159 161 162 166 169
132 0 7 9 19 32 33 34 40 41 42 44 45 48 51 64 66 79 87 105 107 108 109 110 112 113 116 118 122 123 130 140 141 157 162 164 168
133 0 7 12 16 17 21 24 29 34 38 39 49 54 55 59 62 64 70 74 75 76 89 98 99 101 103 104 122 123 124 125 126 131 139 141 142 145 149 155 165 169
134 0 4 20 25 30 31 33 35 41 48 54 55 56 58 63 71 73 74 76 77 81 83 86 91 93 97 115 123 128 141 142 143 148 149 155 160
135 1 9 14 15 20 28 33 34 44 48 49 51 52 56 64 70 71 83 86 87 98 102 107 110 111 112 121 124 138 139 140 141 142 149 158 160 162 164 169
136 2 5 13 16 19 20 26 27 31 32 37 39 47 55 60 71 79 85 91 94 96 97 101 121 122 126 138 140 142 143 150 152
137 0 1 8 12 17 21 27 35 38 43 44 57 59 61 63 66 73 78 85 86 88 89 93 96 104 111 113 116 130 138 148 150 161 170
138 4 14 29 32 43 44 46 48 58 63 72 73 76 83 92 93 95 98 105 112 117 123 124 125 127 129 130 135 136 137 140 141 145 146 153 157 158 165 167
139 1 3 7 8 9 15 17 29 32 35 37 39 45 48 56 57 59 60 72 73 75 76 78 79 86 88 90 94 100 101 110 111 125 126 133 135 149 153 165
140 3 6 9 17 46 51 53 58 61 62 65 66 70 72 78 85 91 92 105 112 117 120 121 126 128 130 132 135 136 138 143 145 150 156 158 162
141 2 3 9 13 14 22 26 35 47 50 52 60 61 62 63 66 70 72 77 81 84 85 90 96 105 110 121 127 130 132 133 134 135 138 144 145 147 148 165
142 3 4 15 21 28 32 37 40 46 58 61 65 67 85 90 94 96 102 111 112 113 122 125 129 133 134 135 136 151 156 158 161 164
143 4 6 7 12 19 20 22 23 26 40 44 47 52 63 66 84 93 97 98 102 115 119 127 128 134 136 140 146 155 156 165 167 168
144 0 2 6 16 20 21 35 45 47 48 49 53 58 61 63 67 70 80 87 95 100 116 118 126 128 141 151 154
145 0 4 9 10 11 14 17 19 23 28 30 39 45 50 51 57 70 73 74 78 80 81 92 94 108 111 118 126 133 138 140 141 147 149 151 153 162 164 166 167
146 0 1 8 12 14 32 38 47 48 51 56 59 67 68 72 78 80 89 93 96 101 102 112 116 117 121 123 124 129 138 143 149 153 156 158 164 168
147 2 5 9 13 26 28 31 34 39 75 77 78 81 82 86 89 93 96 98 99 100 111 112 113 115 117 141 145 150 162 167 168
148 4 6 14 15 18 26 31 43 44 46 49 54 62 70 86 94 95 100 105 115 122 123 126 130 131 134 137 141 151 158 159 162 166 167 168
149 6 8 10 15 19 23 24 26 27 30 34 38 43 46 47 50 53 85 86 87 88 91 92 93 95 98 99 102 103 106 113 117 128 130 133 134 135 139 145 146 162 163 164 168 169
150 0 4 5 6 15 16 19 20 24 25 27 33 37 38 40 42 49 52 55 60 61 77 84 89 102 110 113 114 126 128 131 136 137 140 147 156 163 168
151 0 13 16 18 23 25 30 45 51 53 56 60 65 68 85 88 93 99 105 106 107 109 110 111 113 114 117 121 123 142 144 145 148 162 168
152 4 10 15 16 21 25 30 35 37 45 46 49 53 56 61 63 74 76 77 80 83 85 95 97 98 101 106 109 112 127 128 130 136 162 165 169
153 1 26 28 33 38 40 43 59 62 64 65 68 69 70 74 86 100 103 106 108 110 115 118 121 124 131 138 139 145 146 158 159 160 162 163
154 1 3 6 10 11 12 14 17 22 28 32 35 38 39 43 45 46 61 62 63 69 71 78 82 97 99 101 112 115 119 124 144 158 163 168 170
155 3 12 16 22 24 28 38 39 41 52 54 55 59 61 64 72 73 77 90 92 94 95 102 106 115 117 119 124 127 133 134 143 162 168 170
156 0 1 3 21 22 23 29 35 40 54 55 58 60 61 67 75 78 96 97 115 127 129 130 131 140 142 143 146 150 158 159 161 170
157 37 55 65 93 112 116 117 123 132 138 158 165
158 7 10 18 21 28 29 32 33 46 54 58 59 63 77 90 93 97 98 102 105 110 123 124 125 127 135 138 140 142 146 148 153 154 156 157 163 165 168
159 9 10 23 26 28 34 36 40 48 61 62 64 67 77 78 80 94 96 104 110 118 121 131 148 153 156 161 162 169
160 3 8 10 11 13 17 22 25 27 31 33 38 39 41 43 47 49 60 62 65 74 82 84 92 93 96 106 114 121 134 135 153 164 165 170
161 11 12 14 15 17 18 20 21 22 27 29 49 50 57 63 64 70 74 78 79 82 85 88 90 91 93 110 111 114 119 131 137 142 156 159 167 168 170
162 3 13 23 26 30 31 32 45 47 48 49 58 60 68 72 74 84 90 93 97 101 110 116 117 122 128 131 132 135 140 145 147 148 149 151 152 153 155 159 166
163 3 4 19 20 22 30 37 39 40 41 58 67 70 74 85 90 94 99 102 107 109 116 121 123 127 128 129 130 149 150 153 154 158 165 166 168 170
164 6 9 11 18 24 25 26 29 43 45 47 52 56 58 61 67 70 74 75 77 80 86 89 93 99 100 101 102 104 106 108 122 132 135 142 145 146 149 160 165 168 169
165 4 10 17 23 35 43 52 55 75 85 89 90 94 100 103 104 119 120 133 138 139 141 143 152 157 158 160 163 164
166 0 2 3 7 12 23 24 25 28 35 42 61 62 64 66 67 71 79 80 86 87 91 92 93 107 114 119 120 123 125 129 131 145 148 162 163 167 168 169
167 3 5 8 14 18 19 25 28 32 38 42 45 59 62 66 67 82 83 86 91 92 94 112 114 116 123 124 128 130 138 143 145 147 148 161 166 169 170
168 1 5 9 20 21 25 26 27 28 32 39 40 43 55 63 64 68 72 78 79 80 82 84 88 90 102 117 119 125 130 132 143 146 147 148 149 150 151 154 155 158 161 163 164 166
169 1 8 10 13 22 23 28 31 36 40 43 49 50 56 57 60 61 64 65 68 73 80 82 91 98 100 102 104 116 122 124 128 129 130 131 133 135 149 152 159 164 166 167
170 2 3 24 26 27 30 39 40 49 63 72 73 90 91 102 107 108 119 122 123 137 154 155 156 160 161 163 167
