25 110
0 2 4 5 7 8 10 13 16 18 19 20
1 6 9 10 13 14 15 17 18 19 20 21 24
2 0 5 7 9 11 13 16 17 18 19 20 21 23
3 6 7 9 13 19 21 23
4 0 6 11 15 16 18 19 20 21 23
5 0 2 21 23
6 1 3 4 7 9 13 14 17 20 23
7 0 2 3 6 9 15 18 20
8 0 10 13 19 23
9 1 2 3 6 7 14 21 22
10 0 1 8 16 18 19 23
11 2 4 13 14 15 17 19 22 24
12 15 22 23
13 0 1 2 3 6 8 11 18 22 23
14 1 6 9 11 15 16
15 1 4 7 11 12 14 19 20
16 0 2 4 10 14 17 20 22 23
17 1 2 6 11 16 19 21 22 24
18 0 1 2 4 7 10 13 22 23
19 0 1 2 3 4 8 10 11 15 17 20 21 24
20 0 1 2 4 6 7 15 16 19 21 23
21 1 2 3 4 5 9 17 19 20 23
22 9 11 12 13 16 17 18 23
23 2 3 4 5 6 8 10 12 13 16 18 20 21 22 24
24 1 11 17 19 23
