175 1412
0 43 45 73 82 119 126 136 143 147 162 166 171 173
1 4 17 24 30 37 39 62 71 81 99 101 103 115 120 135 136 139 149 152
2 10 11 19 32 42 48 52 75 87 91 92 95 99 105 124 129 132 142 150
3 4 6 11 14 16 34 41 54 73 85 88 96 142 155
4 1 3 19 34 54 55 60 64 70 71 86 91 95 101 105 112 115 117 121 127 129 132 143 146 151 159 161
5 14 30 44 45 53 96 112 113 153 164
6 3 12 21 26 45 77 139 151 161 168 170 172
7 26 36 48 56 64 68 72 74 95 113 137 154 163 166
8 31 49 51 64 65 74 95 105 118 160 162
9 12 13 17 21 26 60 61 67 96 114 117 135 144 158 171
10 2 21 27 35 40 47 58 64 74 118 128 133 166
11 2 3 73 84 85 91 125 151 163
12 6 9 23 31 32 40 45 52 67 71 92 100 115 117 118 134 141 148 162 164 167
13 9 17 33 47 62 75 79 86 100 103 106 114 134 160 162 170 172 174
14 3 5 44 47 50 66 73 88 93 124 160 168
15 41 44 45 60 75 77 80 88 127 138 143 146 150 152 165
16 3 19 25 35 36 49 68 82 95 99 138 144 147 159 164 170
17 1 9 13 27 44 61 71 74 83 85 98 112 135 139 150 158 161 167 170
18 23 28 35 42 45 49 66 70 80 81 112 141 143 151 152 171
19 2 4 16 22 42 90 96 97 107 113 144 158 161
20 21 25 36 44 47 61 71 75 76 89 101 118 120 125 131 140 165
21 6 9 10 20 42 68 69 71 86 87 96 97 113 120 131 135 152 154
22 19 33 61 62 66 70 90 95 104 106 140
23 12 18 31 44 59 66 69 74 75 81 87 93 100 125 133 134 139 147 164 172
24 1 27 28 55 59 60 61 82 106 110 115 117 124 136 139 163 164
25 16 20 61 80 81 92 97 104 110 121 160 162 171
26 6 7 9 28 40 57 84 89 90 102 110 114 119 126 127 128 150 151 158 161 169
27 10 17 24 30 37 55 57 89 93 103 105 156 165
28 18 24 26 32 36 44 67 109 119 122 123 128 137 138 143 151 153 156 158 170 174
29 45 65 76 86 91 94 126 136 172
30 1 5 27 59 82 95 97 101 109 124 155 164 171
31 8 12 23 50 57 58 67 84 95 111 128 153 158 159 170 172 173
32 2 12 28 35 36 38 51 64 88 103 130 136 167
33 13 22 39 53 56 59 64 82 88 89 94 100 105 121 122 128 143
34 3 4 38 42 56 57 64 77 92 101 104 105 128 141 156 159 163 165
35 10 16 18 32 36 37 40 53 56 63 86 104 111 130 131 133 136 148 166 167 173
36 7 16 20 28 32 35 46 49 51 61 101 121 125 140 144 165 169 171
37 1 27 35 87 95 100 103 111 124 132 137 148 153 163
38 32 34 47 51 53 59 62 72 78 80 86 94 97 109 112 118 124 128 136
39 1 33 50 53 55 63 70 71 74 89 96 100 109 131 138 142 163 167 171 172
40 10 12 26 35 45 48 50 58 72 73 74 76 78 86 95 117 142 151 152 155 157 167
41 3 15 50 65 73 101 110 126 136 140 141 143 150
42 2 18 19 21 34 47 62 68 109 128 134 153 161 169
43 0 54 73 80 89 101 102 114 119 137 141
44 5 14 15 17 20 23 28 48 60 69 80 84 96 114 126 130 135 166 172
45 0 5 6 12 15 18 29 40 56 58 61 72 85 98 113 116 120 155 165
46 36 50 58 76 123 125 137 145 158
47 10 13 14 20 38 42 48 56 62 65 73 82 83 84 89 90 92 103 108 131 138 143 150 165
48 2 7 40 44 47 54 61 87 101 121 126 131 132 137 140 146 149 163 169 173
49 8 16 18 36 51 52 60 68 80 89 96 110 119 136 150 156 159 171
50 14 31 39 40 41 46 60 96 130 158
51 8 32 36 38 49 56 66 70 73 101 114 116 117 118 122 155 169 170
52 2 12 49 54 66 79 84 87 94 118 153 159 161 164 167 173
53 5 33 35 38 39 68 69 78 83 87 90 94 107 111 115 131 138 146 150 154 156 157 169 170
54 3 4 43 48 52 65 72 80 81 84 98 101 144
55 4 24 27 39 56 97 113 126 134 137 142 167 169
56 7 33 34 35 45 47 51 55 58 66 104 116 121 122 125 146 155 174
57 26 27 31 34 70 93 97 113 132 148 166 167
58 10 31 40 45 46 56 59 62 66 73 77 79 105 107 139 142
59 23 24 30 33 38 58 64 78 105 107 145 157 158 167
60 4 9 15 24 44 49 50 71 89 96 99 103 104 110 129 134 141 148 163 170
61 9 17 20 22 24 25 36 45 48 71 75 78 107 109 129 136 163 169
62 1 13 22 38 42 47 58 68 111 115 119 130 147 152 173 174
63 35 39 65 90 91 113 121 141 150 163 167 171
64 4 7 8 10 32 33 34 59 66 70 101 102 105 109 110 120 133 147 159 161 171
65 8 29 41 47 54 63 66 88 105 111 120 121 127 147 164 174
66 14 18 22 23 51 52 56 58 64 65 71 139 143 152 155 157
67 9 12 28 31 75 91 129 137 143 147 149 152 154 157 168 172
68 7 16 21 42 49 53 62 82 85 104 110 122 167 173 174
69 21 23 44 53 70 85 94 104 107 111 112 114 115 126 127 129 133 140 156 173
70 4 18 22 39 51 57 64 69 76 94 97 103 113 114 123 128 133 147 167 173
71 1 4 12 17 20 21 39 60 61 66 79 92 119 125 136 140 145 152 161
72 7 38 40 45 54 88 91 99 106 115 137 140 144 151 160 164 165
73 0 3 11 14 40 41 43 47 51 58 77 79 98 104 116 144 154 156 164 170
74 7 8 10 17 23 39 40 78 81 93 99 125 127 131 132 159 170
75 2 13 15 20 23 61 67 77 96 108 142 151 161
76 20 29 40 46 70 84 92 101 104 113 117 140 144 162
77 6 15 34 58 73 75 89 97 107 108 119 120 139 145 165
78 38 40 53 59 61 74 99 113 119 168
79 13 52 58 71 73 98 135 136 152 157 160
80 15 18 25 38 43 44 49 54 85 91 93 95 100 130 134 136 149
81 1 18 23 25 54 74 94 130 142 145 154 166 173 174
82 0 16 24 30 33 47 68 90 109 115 131 148 150 163 166 171 174
83 17 47 53 84 103 123 132 140 148 152 155 169
84 11 26 31 44 47 52 54 76 83 90 93 97 98 107 127 148 149 151 157 174
85 3 11 17 45 68 69 80 88 92 102 150 151 157 162 167 174
86 4 13 21 29 35 38 40 92 101 102 105 141 144 146 157 167
87 2 21 23 37 48 52 53 97 100 109 115 119 150 166 172
88 3 14 15 32 33 65 72 85 92 100 129 133 134 147 150
89 20 26 27 33 39 43 47 49 60 77 94 103 104 112 120 121 129 152 158 174
90 19 22 26 47 53 63 82 84 112 119 128 134 139 147 149 172
91 2 4 11 29 63 67 72 80 100 114 121 124 128 139 155 172
92 2 12 25 34 47 71 76 85 86 88 129 135 145 158 160 164
93 14 23 27 57 74 80 84 102 109 118 125 130
94 29 33 38 52 53 69 70 81 89 102 143 145
95 2 4 7 8 16 22 30 31 37 40 80 112 127 142 143 158 165 171
96 3 5 9 19 21 39 44 49 50 60 75 98 111 117 128 140 141 147
97 19 21 25 30 38 55 57 70 77 84 87 103 121 123
98 17 45 54 73 79 84 96 100 111 112 155 167
99 1 2 16 60 72 74 78 106 134 141 150 174
100 12 13 23 33 37 39 80 87 88 91 98 107 128 135 145 146 147 172
101 1 4 20 30 34 36 41 43 48 51 54 64 76 86 108 109 113 120 124 127 134 141 147 148 152 172 174
102 26 43 64 85 86 93 94 122 136 152 168
103 1 13 27 32 37 47 60 70 83 89 97 106 133 143 165 171 174
104 22 25 34 35 56 60 68 69 73 76 89 106 108 112 120 123 124 154 166
105 2 4 8 27 33 34 58 59 64 65 86 116 126 135 137 144 146 151 155 160 164
106 13 22 24 72 99 103 104 114 115 122 124 136 141 153 160 165
107 19 53 58 59 61 69 77 84 100 112 114 116 126 132 149 157
108 47 75 77 101 104 122 132 152 158
109 28 30 38 39 42 61 64 82 87 93 101 114 120 138 151 157 160 161
110 24 25 26 41 49 60 64 68 113 117 121 131 141 143 153 166
111 31 35 37 53 62 65 69 96 98 138 149 155 169
112 4 5 17 18 38 69 89 90 95 98 104 107 120 133 141 160 170
113 5 7 19 21 45 55 57 63 70 76 78 101 110 129 134 145 150 154 164
114 9 13 26 43 44 51 69 70 91 106 107 109 123 145
115 1 4 12 24 53 62 69 72 82 87 106 124 127 135 139 142 153 168 173
116 45 51 56 73 105 107 131 156
117 4 9 12 24 40 51 76 96 110 118 157 174
118 8 10 12 20 38 51 52 93 117 125 136 152 162 174
119 0 26 28 43 49 62 71 77 78 87 90 122 128 130 160 172
120 1 20 21 45 64 65 77 89 101 104 109 112 126 140
121 4 25 33 36 48 56 63 65 89 91 97 110 122 134 138 146 154 157 162 165 167
122 28 33 51 56 68 102 106 108 119 121 128 129 133 137 146 156 159 172
123 28 46 70 83 97 104 114 136 144 163 164
124 2 14 24 30 37 38 91 101 104 106 115 131 133 159 160 171 172
125 11 20 23 36 46 56 71 74 93 118 130 133 138 153 155 156 162 163 167
126 0 26 29 41 44 48 55 69 105 107 120 133 151 152 160
127 4 15 26 65 69 74 84 95 101 115 138 156 160 171
128 10 26 28 31 33 34 38 42 70 90 91 96 100 119 122 139 142 144 154 171
129 2 4 60 61 67 69 88 89 92 113 122 131 136 139 142 154 159
130 32 35 44 50 62 80 81 93 119 125
131 20 21 35 39 47 48 53 74 82 110 116 124 129 135 136 146 148 150 167
132 2 4 37 48 57 74 83 107 108 134 138 171 172
133 10 23 35 64 69 70 88 103 112 122 124 125 126 136 139 151 159 168
134 12 13 23 42 55 60 80 88 90 99 101 113 121 132 146
135 1 9 17 21 44 79 92 100 105 115 131
136 0 1 24 29 32 35 38 41 49 61 71 79 80 102 106 118 123 129 131 133 154 169 174
137 7 28 37 43 46 48 55 67 72 105 122 143 145 152 155 168
138 15 16 28 39 47 53 109 111 121 125 127 132 150 161 162 163
139 1 6 17 23 24 58 66 77 90 91 115 128 129 133 140
140 20 22 36 41 48 69 71 72 76 83 96 120 139 141 145 148 154 155 157 163 164 165
141 12 18 34 41 43 60 63 86 96 99 101 106 110 112 140 149 150 160 164 172 173
142 2 3 39 40 55 58 75 81 95 115 128 129 144 173 174
143 0 4 15 18 28 33 41 47 66 67 94 95 103 110 137 145 156
144 9 16 19 36 54 72 73 76 86 105 123 128 142 149 151 159 168 169
145 46 59 71 77 81 92 94 100 113 114 137 140 143 154 155 159 164 167 169 170
146 4 15 48 53 56 86 100 105 121 122 131 134 158 161
147 0 16 23 62 64 65 67 70 88 90 96 100 101
148 12 35 37 57 60 82 83 84 101 131 140 151 168 169
149 1 48 67 80 84 90 107 111 141 144
150 2 15 17 26 41 47 49 53 63 82 85 87 88 99 113 131 138 141
151 4 6 11 18 26 28 40 72 75 84 85 105 109 126 133 144 148 153 156 164 166
152 1 15 18 21 40 62 66 67 71 79 83 89 101 102 108 118 126 137 169 171 173
153 5 28 31 37 42 52 106 110 115 125 151 163 166
154 7 21 53 67 73 81 104 113 121 128 129 136 140 145 160
155 3 30 40 45 51 56 66 83 91 98 105 111 125 137 140 145 158 163 165 172
156 27 28 34 49 53 69 73 116 122 125 127 143 151
157 40 53 59 66 67 79 84 85 86 107 109 117 121 140 159 167
158 9 17 19 26 28 31 46 50 59 89 92 95 108 146 155 160 161
159 4 16 31 34 49 52 64 74 122 124 129 133 144 145 157 168
160 8 13 14 25 72 79 92 105 106 109 112 119 124 126 127 141 154 158 170 172
161 4 6 17 19 26 42 52 64 71 75 109 138 146 158
162 0 8 12 13 25 76 85 118 121 125 138 172 174
163 7 11 24 34 37 39 48 60 61 63 82 123 125 138 140 153 155 164 169
164 5 12 16 23 24 30 52 65 72 73 92 105 113 123 140 141 145 151 163
165 15 20 27 34 36 45 47 72 77 95 103 106 121 140 155 167 173
166 0 7 10 35 44 57 81 82 87 104 110 151 153
167 12 17 32 35 39 40 52 55 57 59 63 68 70 85 86 98 121 125 131 145 157 165 173
168 6 14 67 78 102 115 133 137 144 148 159 170
169 26 36 42 48 51 53 55 61 83 111 136 144 145 148 152 163
170 6 13 16 17 28 31 51 53 60 73 74 112 145 160 168
171 0 9 18 25 30 36 39 49 63 64 82 95 103 124 127 128 132 152
172 6 13 23 29 31 39 44 67 87 90 91 100 101 119 122 124 132 141 155 160 162
173 0 31 35 48 52 62 68 69 70 81 115 141 142 152 165 167
174 13 28 56 62 65 68 81 82 84 85 89 99 101 103 117 118 136 142 162
