184 3540
0 11 15 18 21 23 24 29 33 35 40 44 51 55 56 64 73 89 93 102 103 113 114 117 125 129 131 139 144 145 152 153 157 161 162 166 171 177
1 3 4 9 18 23 29 31 40 42 54 61 63 65 70 78 80 82 84 86 87 91 92 94 98 105 116 119 120 140 143 149 151 156 159 160 161 167 174
2 5 7 18 20 23 25 36 48 50 54 55 58 67 68 79 83 85 89 90 92 94 98 100 107 109 113 130 133 135 139 151 152 154 155 159 160 162 163 166 169 170 171 172 178
3 1 9 10 11 33 42 43 51 53 62 72 77 90 97 120 122 129 131 132 138 145 146 158 162 165 168 169 170 176 177
4 1 8 11 14 18 21 22 24 31 45 46 48 58 59 61 62 64 67 68 70 76 77 83 87 96 101 104 110 126 129 131 141 144 150 155 161 162 164 165 170 175 182
5 2 10 16 22 28 29 34 41 47 48 51 56 58 61 66 70 84 91 94 102 104 107 108 109 116 118 128 133 137 141 144 148 150 151 152 155 157 160 166 183
6 10 11 13 17 19 27 28 35 41 47 52 54 68 75 77 82 95 99 100 101 105 106 107 111 112 117 118 119 120 125 127 129 131 147 153 156 159 165 168 180 183
7 2 10 11 19 35 43 46 58 65 67 87 94 96 103 108 124 130 134 136 139 142 143 145 146 148 158 160 167 168 169 172 176 179
8 4 13 27 28 31 33 38 41 42 59 65 67 69 76 78 80 83 86 88 90 91 92 104 109 112 121 125 126 127 129 131 137 154 160 163 165 171 172 179
9 1 3 12 13 32 34 37 38 41 43 45 46 47 56 62 70 75 88 89 96 101 102 109 112 113 120 135 136 144 145 149 162 171 177 179 181
10 3 5 6 7 13 17 22 28 32 38 48 57 61 64 78 84 89 99 100 104 105 109 111 124 125 134 142 153 156 160 171 177 179
11 0 3 4 6 7 14 17 18 24 25 31 32 37 40 51 57 61 63 64 67 69 71 76 77 78 91 118 125 127 134 135 136 137 140 143 144 146 148 150 151 153 154 158 160 164 167 169 173 177 180
12 9 15 26 33 40 48 62 71 73 80 107 110 112 115 119 121 122 123 130 138 149 151 152 154
13 6 8 9 10 19 23 34 36 38 43 55 56 58 60 64 80 94 101 108 110 112 124 126 129 132 133 135 138 147 158 162 164 168 173 175 179 183
14 4 11 22 23 29 34 35 37 41 42 46 53 55 62 63 66 69 73 85 94 95 104 109 113 123 132 137 139 142 150 155 164 171 172 177 181
15 0 12 20 22 24 26 27 30 42 48 50 52 55 68 70 73 76 77 79 81 87 91 94 102 116 121 125 134 145 149 151 158 161 164 165 166 171 172 178 180
16 5 18 20 21 23 33 36 38 43 47 50 53 56 65 66 71 75 80 84 103 104 110 120 123 127 129 131 133 142 145 154 157 161 165 175
17 6 10 11 27 40 41 47 48 51 52 55 57 60 62 67 69 70 86 88 89 92 97 100 104 111 113 120 126 134 136 146 166 168 176 179
18 0 1 2 4 11 16 21 49 51 62 69 75 77 78 82 89 91 94 98 100 101 108 110 112 123 124 127 133 134 137 142 145 146 147 148 150 164 165 169 171
19 6 7 13 23 25 36 40 42 52 57 58 59 66 68 76 77 80 95 97 103 104 105 110 121 122 125 128 136 137 140 150 152 156 160 163 164 167 169 175
20 2 15 16 23 28 30 31 35 36 38 39 40 42 46 47 51 52 54 57 60 61 69 70 75 80 82 88 90 101 103 105 107 118 120 122 133 136 139 156 157 171 172 175 176 177 179
21 0 4 16 18 25 33 39 45 48 50 57 64 69 78 79 87 91 99 100 101 102 103 109 114 119 122 123 126 131 134 138 139 145 151 154 156 161 172 174 177 178 181 182
22 4 5 10 14 15 23 25 35 36 38 40 48 51 55 56 57 61 68 71 72 76 81 87 88 95 99 101 104 120 122 127 131 135 136 140 142 143 144 146 150 155 157 166 173 178 180 181
23 0 1 2 13 14 16 19 20 22 27 28 30 38 39 41 44 45 58 60 64 69 73 74 79 91 96 99 101 108 109 111 112 113 115 116 117 119 120 121 125 126 130 132 134 137 143 147 149 150 151 155 157 160 161 163 165 167 169 170 171 176 183
24 0 4 11 15 25 28 30 34 36 41 53 61 63 69 70 73 76 77 79 83 91 92 104 106 113 122 125 129 134 139 150 161 167 170
25 2 11 19 21 22 24 29 31 32 33 35 36 37 40 42 45 46 48 50 56 63 64 65 67 68 69 74 84 85 93 99 104 112 117 122 123 129 130 131 145 150 160 165 167 169 170 176 177
26 12 15 29 33 39 55 56 58 61 64 65 70 74 80 84 85 86 93 96 101 102 106 107 110 112 113 114 119 120 121 127 134 141 144 148 151 154 157 158 160 166 169 171 172 179 180
27 6 8 15 17 23 38 39 42 50 52 57 58 61 74 78 80 82 83 86 88 91 114 122 124 129 133 136 141 151 156 158 168 172 174 176 183
28 5 6 8 10 20 23 24 38 39 41 42 43 50 53 56 61 67 68 72 73 74 76 83 84 88 106 109 113 120 131 134 138 140 143 144 155 156 159 160 162 165 166 169 170 171 173 175 176
29 0 1 5 14 25 26 36 38 41 44 45 52 56 58 60 68 74 76 77 82 89 90 91 94 97 99 104 108 109 112 115 117 127 128 132 135 136 137 138 139 144 150 153 157 165 167 176 178 179 181
30 15 20 23 24 43 46 47 52 53 55 60 63 72 78 79 83 85 86 101 109 111 113 118 119 123 125 126 137 141 145 146 151 155 156 169 171 183
31 1 4 8 11 20 25 36 39 41 44 54 56 61 77 78 86 94 114 121 123 130 134 145 157 159 165 175 177 178 181
32 9 10 11 25 35 37 38 46 49 53 57 65 72 76 81 85 87 90 94 101 108 114 116 118 120 125 132 136 141 152 153 155 160 166 173
33 0 3 8 12 16 21 25 26 36 40 46 48 59 62 71 75 77 80 88 92 99 100 104 109 118 122 131 132 139 144 152 156 161 164 167 168 174 176 180
34 5 9 13 14 24 42 45 50 59 60 66 73 82 84 87 91 94 102 104 105 111 112 113 115 122 127 131 133 134 138 156 165 167 168 171 176
35 0 6 7 14 20 22 25 32 37 44 47 56 57 62 68 69 77 82 84 104 110 116 119 122 125 130 133 135 138 141 144 147 149 150 153 154 156 157 162 164 176 179
36 2 13 16 19 20 22 24 25 29 31 33 42 60 71 79 83 84 94 97 103 108 109 112 117 118 122 124 133 140 141 144 148 149 156 165 168 176 179
37 9 11 14 25 32 35 42 51 53 58 59 60 61 62 63 80 85 93 97 99 115 120 125 126 128 136 137 139 142 144 150 156 162 165 166 167 168 173 178
38 8 9 10 13 16 20 22 23 27 28 29 32 42 43 47 49 58 60 66 68 74 80 89 90 91 98 99 100 105 116 129 133 140 146 149 155 159 166 167 169 171
39 20 21 23 26 27 28 31 41 44 45 48 50 68 69 70 78 82 83 88 92 99 107 108 111 115 116 132 134 135 137 140 146 154 156 163 176 179
40 0 1 11 12 17 19 20 22 25 33 43 50 59 61 62 75 77 80 84 94 95 107 113 114 133 134 140 145 152 153 156 166 168 169 178 180
41 5 6 8 9 14 17 23 24 28 29 31 39 53 54 58 68 83 91 95 96 102 116 123 126 139 144 149 150 152 162 164 174 180
42 1 3 8 14 15 19 20 25 27 28 34 36 37 38 44 51 59 61 62 63 65 66 67 73 74 77 78 87 89 90 105 106 107 114 116 119 122 124 128 133 134 137 138 139 144 148 149 154 155 157 161 164 167 169 170 171 177 179 180
43 3 7 9 13 16 28 30 38 40 45 58 61 64 67 68 74 75 80 89 90 93 108 117 125 126 129 130 140 144 145 146 150 151 162 164 167 174 175 179 183
44 0 23 29 31 35 39 42 50 61 62 70 74 76 81 82 83 88 89 91 95 99 106 114 117 121 123 124 127 134 136 145 147 151 157 159 163 166 173 178
45 4 9 21 23 25 29 34 39 43 50 51 54 64 69 75 77 85 89 93 94 96 99 100 105 110 119 122 134 136 143 148 152 175 180 183
46 4 7 9 14 20 25 30 32 33 55 67 70 72 73 74 76 79 82 89 91 95 97 100 106 115 128 132 136 141 142 150 152 165 168 175 176 178 182
47 5 6 9 16 17 20 30 35 38 52 55 58 61 67 73 90 101 103 104 106 113 121 122 128 132 136 140 147 155 160 161 162 164 166 167 179 180
48 2 4 5 10 12 15 17 21 22 25 33 39 52 56 75 77 83 86 89 90 92 101 102 109 111 114 123 129 130 132 140 145 156 162 171 181
49 18 32 38 52 54 68 70 73 74 101 109 112 118 119 120 132 135 154 159 161 169 171 180 181
50 2 15 16 21 25 27 28 34 39 40 44 45 51 58 59 66 69 70 71 74 79 86 89 93 98 100 104 110 113 132 138 139 142 146 159 165 167 175 176 179
51 0 3 5 11 17 18 20 22 37 42 45 50 55 62 66 67 72 74 81 89 98 99 100 101 108 109 110 112 113 115 123 128 135 136 140 143 144 163 169 179
52 6 15 17 19 20 27 29 30 47 48 49 56 57 58 63 66 69 79 80 86 89 92 96 99 105 108 125 131 140 141 143 149 157 158 167 172 174 179 180 182
53 3 14 16 24 28 30 32 37 41 60 68 85 93 102 103 114 122 123 134 152 164 165 173 175 176 179
54 1 2 6 20 31 41 45 49 60 65 73 76 78 100 111 113 119 122 126 129 130 134 137 142 153 169 170 177 178 183
55 0 2 13 14 15 17 22 26 30 46 47 51 58 63 64 67 76 82 94 96 99 102 105 110 111 112 123 124 128 137 143 146 148 150 153 156 158 160 173
56 0 5 9 13 16 22 25 26 28 29 31 35 48 52 60 63 68 73 98 102 106 110 111 122 130 131 135 141 149 150 151 153 159 163 164 173 174 176 180
57 10 11 17 19 20 21 22 27 32 35 52 60 64 70 85 94 98 103 109 113 120 124 126 132 135 138 143 146 147 151 153 161 163 167 168 173
58 2 4 5 7 13 19 23 26 27 29 37 38 41 43 47 50 52 55 70 76 93 102 116 117 118 119 120 136 137 139 140 146 147 148 152 154 158 162 169 171 174 178 179
59 4 8 19 33 34 37 40 42 50 74 75 77 81 86 90 98 106 114 116 126 127 132 134 145 149 155 159 161 163 176 178 181
60 13 17 20 23 29 30 34 36 37 38 53 54 56 57 65 68 81 83 85 87 92 100 101 102 104 118 124 128 131 132 138 144 160 162 166 169 170 172 173 175 177 180 181
61 1 4 5 10 11 20 22 24 26 27 28 31 37 40 42 43 44 47 73 74 83 89 93 94 98 113 121 123 128 130 145 150 154 159 161 168 169 170 172 175 176 178 179 182
62 3 4 9 12 14 17 18 33 35 37 40 42 44 51 65 67 70 75 80 82 87 95 96 97 98 99 100 102 103 109 113 123 131 133 141 146 147 150 155 165 173 182
63 1 11 14 24 25 30 37 42 52 55 56 65 69 73 74 75 76 80 81 82 89 92 93 100 103 107 108 111 116 121 124 128 129 138 145 148 163 172 181 183
64 0 4 10 11 13 21 23 25 26 43 45 55 57 69 77 79 93 109 117 123 124 126 132 136 141 142 143 145 153 154 161 165 166 169 170 173 174 182
65 1 7 8 16 25 26 32 42 54 60 62 63 71 74 81 92 98 99 101 107 122 131 136 140 148 159 160 165 167 168 173 179
66 5 14 16 19 34 38 42 50 51 52 69 72 78 83 84 86 93 98 101 106 110 112 115 121 128 133 143 147 163 164 169 170 171 174 177 178 179 183
67 2 4 7 8 11 17 25 28 42 43 46 47 51 55 62 68 69 74 77 82 86 96 103 113 118 122 123 126 131 140 149 154 157 167 170 171
68 2 4 6 15 19 22 25 28 29 35 38 39 41 43 49 53 56 60 67 70 73 80 82 83 85 86 87 91 94 95 100 101 105 107 114 116 117 122 124 126 137 139 140 142 146 151 152 168
69 8 11 14 17 18 20 21 23 24 25 35 39 45 50 52 63 64 66 67 73 83 88 93 95 96 97 99 100 111 118 120 121 126 128 129 132 133 137 138 146 148 151 156 157 160 165 166 169 176 177
70 1 4 5 9 15 17 20 24 26 39 44 46 49 50 57 58 62 68 72 79 84 92 96 97 102 104 109 110 116 120 130 148 151 152 159 173 174
71 11 12 16 22 33 36 50 65 76 79 84 86 92 97 103 111 124 125 128 129 130 131 140 148 154 159 162 165 167 168 169 175 183
72 3 22 28 30 32 46 51 66 70 77 80 82 85 88 94 95 96 105 106 112 115 127 128 134 135 141 146 150 155 160 172 182
73 0 12 14 15 23 24 28 34 42 46 47 49 54 56 61 63 68 69 74 86 105 110 111 124 131 138 139 141 142 146 150 152 155 161 165 170 173 175 179
74 23 25 26 27 28 29 38 42 43 44 46 49 50 51 59 61 63 65 67 73 76 79 80 82 89 90 97 101 114 115 132 139 145 147 155 165 168 171 177 181
75 6 9 16 18 20 33 40 43 45 48 59 62 63 78 79 84 85 96 101 111 114 115 118 119 120 124 128 135 137 138 140 147 153 155 157 158 165 168 171 183
76 4 8 11 15 19 22 24 28 29 32 44 46 54 55 58 63 71 74 86 108 109 110 115 118 120 121 127 131 134 135 136 138 139 143 146 149 154 166 167 172 177
77 3 4 6 11 15 18 19 24 29 31 33 35 40 42 45 48 59 64 67 72 94 100 101 108 109 110 112 113 118 120 121 124 131 133 141 148 171 172 175 179 183
78 1 8 10 11 18 21 27 30 31 39 42 54 66 75 79 84 86 89 97 101 102 104 108 128 130 131 133 134 135 140 144 148 152 154 157 166 169
79 2 15 21 23 24 30 36 46 50 52 64 70 71 74 75 78 86 93 95 102 105 109 112 113 117 120 129 134 139 150 156 164 166 167 175
80 1 8 12 13 16 19 20 26 27 33 37 38 40 43 52 62 63 68 72 74 97 101 102 105 107 109 111 112 114 122 127 132 136 137 142 147 150 152 159 177 180 181
81 15 22 32 44 51 59 60 63 65 90 92 93 95 100 101 102 103 105 116 135 136 137 138 140 143 146 148 154 156 158 163 166 168 171 179 180
82 1 6 18 20 27 29 34 35 39 44 46 55 62 63 67 68 72 74 95 102 106 107 110 117 121 124 147 155 157 166 169 171 172
83 2 4 8 24 27 28 30 36 39 41 44 48 60 61 66 68 69 85 88 92 99 115 118 122 131 135 144 146 171 172 176 178 182
84 1 5 10 16 25 26 28 34 35 36 40 66 70 71 75 78 92 94 110 116 120 123 126 127 135 140 148 150 157 168 171 173
85 2 14 25 26 30 32 37 45 53 57 60 68 72 75 83 87 92 102 112 118 119 120 126 135 136 138 139 141 145 157 171 174 175 177 180 183
86 1 8 17 26 27 30 31 48 50 52 59 66 67 68 71 73 76 78 79 93 94 100 111 112 117 119 124 127 137 139 140 144 153 158 164 176 179
87 1 4 7 15 21 22 32 34 42 60 62 68 85 89 100 102 110 111 113 114 120 132 134 139 143 148 155 164 168 172 176 178
88 8 9 17 20 22 27 28 33 39 44 69 72 83 90 100 122 132 135 140 145 160 163 164 167 168 177 181
89 0 2 9 10 17 18 29 38 42 43 44 45 46 48 50 51 52 61 63 74 78 87 93 94 108 112 116 126 128 129 130 134 145 146 151 155 160 162 176 179
90 2 3 8 20 29 32 38 42 43 47 48 59 74 81 88 106 110 118 119 128 136 139 143 144 153 159 161 163 164 168 178 183
91 1 5 8 11 15 18 21 23 24 27 29 34 38 41 44 46 68 107 112 117 119 120 122 124 125 130 137 140 142 148 152 158 159 163 164 175 181 182 183
92 1 2 8 17 24 33 39 48 52 60 63 65 70 71 81 83 84 85 97 100 101 105 106 109 118 122 124 125 126 131 137 142 154 155 156 157 162 164 166 167 174 176 177 179
93 0 25 26 37 43 45 50 53 58 61 63 64 66 69 79 81 86 89 97 103 108 109 116 118 119 128 130 133 145 147 149 151 154 157 163 167 170 174 178
94 1 2 5 7 13 14 15 18 29 31 32 34 36 40 45 55 57 61 68 72 77 84 86 89 97 106 126 130 134 136 144 148 150 151 154 165 173 174 175 180 183
95 6 14 19 22 40 41 44 46 62 68 69 72 79 81 82 96 99 100 102 104 112 114 115 129 132 135 141 146 164 165 166 168 175 178 180
96 4 7 9 23 26 41 45 52 55 62 67 69 70 72 75 95 97 98 103 123 125 133 137 142 143 147 153 169 170 172 176 177 183
97 3 17 19 29 36 37 46 62 69 70 71 74 78 80 92 93 94 96 99 101 102 107 111 113 114 116 122 127 132 145 148 151 155 157 160 162 165 172 179 180
98 1 2 18 38 50 51 56 57 59 61 62 65 66 96 106 107 108 114 125 126 129 132 135 142 146 152 155 159 161 173 174 177
99 6 10 21 22 23 25 29 33 37 38 39 44 45 51 52 55 62 65 69 83 95 97 106 118 124 125 139 145 154 158 161 162 168 169 172 173 182 183
100 2 6 10 17 18 21 33 38 45 46 50 51 54 60 62 63 68 69 77 81 86 87 88 92 95 114 121 127 128 132 135 139 141 145 151 156 161 165 167 170 173 174
101 4 6 9 13 18 20 21 22 23 26 30 32 47 48 49 51 60 65 66 68 74 75 77 78 80 81 92 97 103 104 105 120 126 138 141 148 149 157 160 163 171 172 179 183
102 0 5 9 15 21 26 34 41 48 53 55 56 58 60 62 70 78 79 80 81 82 85 87 95 97 108 110 114 118 120 126 129 130 132 139 141 142 156 167 172 173 176 179 180 181
103 0 7 16 19 20 21 36 47 53 57 62 63 67 71 81 93 96 101 108 112 118 130 135 148 149 151 152 154 159 161 164 165 170
104 4 5 8 10 14 16 17 19 22 24 25 29 33 34 35 47 50 60 70 78 95 101 113 115 116 139 141 144 161 163 164 179 181
105 1 6 10 19 20 34 38 42 45 52 55 68 72 73 79 80 81 92 101 107 109 110 117 118 127 128 144 145 147 149 151 152 153 162 163 165 177
106 6 24 26 28 42 44 46 47 56 59 66 72 82 90 92 94 98 99 107 109 112 114 120 123 130 132 133 138 142 150 166 169 173 179 180
107 2 5 6 12 20 26 39 40 42 63 65 68 80 82 91 97 98 105 106 108 110 115 118 123 125 128 131 137 141 147 149 155 159 161 165 173 174 175 180
108 5 7 13 18 23 29 32 36 39 43 51 52 63 76 77 78 89 93 98 102 103 107 115 116 117 122 125 126 128 130 132 137 139 143 145 147 170 171 173 176 177 179 182
109 2 5 8 9 10 14 21 23 28 29 30 33 36 48 49 51 57 62 64 70 76 77 79 80 92 93 105 106 114 115 124 131 132 141 144 147 151 153 157 158 159 167 168 172 173 180 181
110 4 12 13 16 18 19 26 35 45 50 51 55 56 66 70 73 76 77 82 84 87 90 102 105 107 119 134 139 140 147 152 156 161 166
111 6 10 17 23 30 34 39 48 54 55 56 63 69 71 73 75 80 86 87 97 114 122 126 127 130 131 135 145 149 154 157 162 166 169
112 6 8 9 12 13 18 23 25 26 29 34 36 49 51 55 66 72 77 79 80 85 86 89 91 95 103 106 113 119 123 127 132 138 139 141 144 153 164 166 168 169 170 178 183
113 0 2 9 14 17 23 24 26 28 30 34 40 47 50 51 54 57 61 62 67 77 79 87 97 104 112 118 119 132 133 136 145 147 149 153 154 157 160 162 163 164 169 175 178 183
114 0 21 26 27 31 32 40 42 44 48 53 59 68 74 75 80 87 95 97 98 100 102 106 109 111 117 127 133 145 147 150 151 152 159 173 175 176
115 12 23 29 34 37 39 46 51 66 72 74 75 76 83 95 104 107 108 109 120 131 137 142 149 151 158 159 166 171 172 180 183
116 1 5 15 23 32 35 38 39 41 42 58 59 63 68 70 81 84 89 93 97 104 108 119 120 127 128 130 132 143 145 152 159 169 171 177 178 183
117 0 6 23 25 29 36 43 44 58 64 68 79 82 86 91 105 108 114 121 123 126 127 132 134 142 146 150 152 155 156 171 173 176 178 183
118 5 6 11 20 30 32 33 36 49 58 60 67 69 75 76 77 83 85 90 92 93 99 102 103 105 107 113 120 122 128 129 134 135 141 145 148 159 160 161 169 175 176 178 183
119 1 6 12 21 23 26 30 35 42 45 49 54 58 75 85 86 90 91 93 110 112 113 116 121 124 126 128 131 139 147 152 161 165 167 170 172
120 1 3 6 9 16 17 20 22 23 26 28 32 37 49 57 58 69 70 75 76 77 79 84 85 87 91 101 102 106 115 116 118 122 123 128 130 133 137 146 149 150 153 156 166 175 177 183
121 8 12 15 19 23 26 31 44 47 61 63 66 69 76 77 82 100 117 119 126 127 135 136 137 141 147 154 156 162 163 167 169 171 173
122 3 12 19 20 21 22 24 25 27 33 34 35 36 42 45 47 53 54 56 65 67 68 80 83 88 91 92 97 108 111 118 120 127 128 136 143 148 161 170 178 183
123 12 14 16 18 21 25 30 31 41 44 48 51 53 55 61 62 64 67 84 96 106 107 112 117 120 127 128 136 141 159 160 169 177 181 182
124 7 10 13 18 27 36 42 44 55 57 60 63 64 68 71 73 75 77 82 86 91 92 99 109 119 127 129 135 137 141 157 165 173 174 176 177
125 0 6 8 10 11 15 19 23 24 30 32 35 37 43 52 71 91 92 96 98 99 107 108 126 127 128 129 130 135 139 145 146 166 172 178
126 4 8 13 17 21 23 30 37 41 43 54 57 59 64 67 68 69 84 85 89 92 94 98 101 102 108 111 117 119 121 125 134 136 137 147 149 163 164 170
127 6 8 11 16 18 22 26 29 34 44 59 72 76 80 84 86 97 100 105 111 112 114 116 117 121 122 123 124 125 133 134 140 144 146 148 153 159 164 165 169 175 176 177
128 5 19 29 37 42 46 47 51 55 60 61 63 66 69 71 72 75 78 89 90 93 100 105 107 108 116 118 119 120 122 123 125 134 135 136 137 142 145 151 153 157 159 160 166 176 179
129 0 3 4 6 8 13 16 24 25 27 38 43 48 54 63 69 71 79 89 95 98 102 118 124 125 132 139 147 151 154 156 161 163 169 178 180
130 2 7 12 23 25 31 35 43 48 54 56 61 70 71 78 89 91 93 94 102 103 106 108 111 116 120 125 142 147 150 151 152 153 158 160 171 177 178 180
131 0 3 4 6 8 16 21 22 25 28 33 34 52 56 60 62 65 67 71 73 76 77 78 83 92 107 109 111 115 119 136 138 139 158 161 164 174 176 183
132 3 13 14 23 29 32 33 39 46 47 48 49 50 57 59 60 64 69 74 80 87 88 95 97 98 100 102 106 108 109 112 113 116 117 129 144 152 159 165 170 172 173 174 181
133 2 5 13 16 18 20 27 34 35 36 38 40 42 62 66 69 77 78 93 96 106 113 114 120 127 134 137 138 141 155 156 157 158 160 166 176
134 7 10 11 15 17 18 21 23 24 26 28 31 34 39 40 42 44 45 53 54 59 72 76 78 79 87 89 94 110 117 118 126 127 128 133 139 147 151 152 153 154 161 166 170 172
135 2 9 11 13 22 29 35 39 49 51 56 57 72 75 76 78 81 83 84 85 88 95 98 100 103 111 118 121 124 125 128 139 147 149 151 156 163 169 174
136 7 9 11 17 19 20 22 27 29 32 37 44 45 46 47 51 58 64 65 76 80 81 85 90 94 113 121 122 123 126 128 131 138 144 151 155 156 158 160 161 167 169 174 175 181 183
137 5 8 11 14 18 19 23 29 30 37 39 42 54 55 58 68 69 75 80 81 86 91 92 96 107 108 115 120 121 124 126 128 133 142 146 152 161 163 164
138 3 12 13 21 28 29 34 35 42 50 57 60 63 69 73 75 76 81 85 101 106 112 131 133 136 142 150 165 171 174 177 179 183
139 0 2 7 14 20 21 24 29 33 37 41 42 50 58 68 73 74 76 79 85 86 87 90 99 100 102 104 108 110 112 119 125 129 131 134 135 140 141 153 160 162 172 177 181
140 1 11 19 22 28 36 38 39 40 43 47 48 51 52 58 65 67 68 71 75 78 81 84 86 88 91 110 127 139 141 143 144 145 150 154 157 158 163 170 174 183
141 4 5 26 27 30 32 35 36 46 52 56 62 64 72 73 77 85 95 100 101 102 104 107 109 112 118 121 123 124 133 139 140 143 149 157 169 171 173 177 180 183
142 7 10 14 16 18 22 37 46 50 54 64 68 73 80 91 92 96 98 102 106 115 117 128 130 137 138 143 144 145 157 164 168 170 172 181 182
143 1 7 11 22 23 28 45 51 52 55 57 64 66 76 81 87 90 96 108 116 122 140 141 142 147 148 150 154 155 165 179 181
144 0 4 5 9 11 22 26 28 29 33 35 36 37 41 42 43 51 60 78 83 86 90 94 104 105 109 112 127 132 136 140 142 149 154 156 162 164 165 166 167 170 172
145 0 3 7 9 15 16 18 21 25 30 31 40 43 44 48 59 61 63 64 74 85 88 89 93 97 99 100 105 108 111 113 114 116 118 125 128 140 142 148 150 160 173 175 180 183
146 3 7 11 17 18 22 30 38 39 43 50 55 57 58 62 68 69 72 73 76 81 83 89 95 98 117 120 125 127 137 150 153 163 172 180
147 6 13 18 23 35 44 47 57 58 62 66 74 75 80 82 93 96 105 107 108 109 110 113 114 119 121 126 129 130 134 135 143 161 164 173 174 176 181
148 5 7 11 18 26 36 42 45 55 58 63 65 69 70 71 77 78 81 84 87 91 94 97 101 103 118 122 127 143 145 154 159 165 166 168 169 175 180
149 1 9 12 15 23 35 36 38 41 42 52 56 59 67 76 93 101 103 105 107 111 113 115 120 126 135 141 144 153 160 166 169 172
150 4 5 11 14 18 19 22 23 24 25 29 35 37 41 43 46 55 56 61 62 72 73 79 80 84 94 106 114 117 120 130 138 140 143 145 146 153 158 164 166 175 177 178 181
151 1 2 5 11 12 15 21 23 26 27 30 43 44 56 57 68 69 70 89 93 94 97 100 103 105 109 114 115 128 129 130 134 135 136 160 167 169 171
152 0 2 5 12 19 32 33 40 41 45 46 53 58 68 70 73 78 80 91 98 103 105 110 114 116 117 119 130 132 134 137 155 159 168 170 178 181
153 0 6 10 11 29 32 35 40 54 55 56 57 64 75 86 90 96 105 109 112 113 120 127 128 130 134 139 146 149 150 156 158 166 169 182
154 2 8 11 12 16 21 26 35 39 42 49 58 61 64 67 71 76 78 81 92 93 94 99 103 111 113 121 129 134 140 143 144 148 161 172 176 177 179 180
155 2 4 5 14 22 23 28 30 32 38 42 47 59 62 72 73 74 75 82 87 89 92 97 98 107 117 133 136 143 152 156 171 181
156 1 6 10 19 20 21 27 28 30 33 34 35 36 37 39 40 48 55 69 79 81 92 100 102 110 117 120 121 129 133 135 136 144 153 155 171
157 0 5 16 20 22 23 26 29 31 35 42 44 52 67 69 75 78 82 84 85 92 93 97 101 109 111 113 124 128 133 140 141 142 162 168 171 183
158 3 7 11 13 15 26 27 52 55 58 75 81 86 91 99 109 115 130 131 133 136 140 150 153 163 179 180 183
159 1 2 6 28 31 38 44 49 50 56 59 61 65 70 71 80 90 91 98 103 107 109 114 115 116 118 123 127 128 132 148 152 162 165 168 169 173 178 179 181
160 1 2 5 7 8 10 11 19 23 25 26 28 32 47 55 60 65 69 72 88 89 97 101 113 118 123 128 130 133 136 139 145 149 151 164 173 177
161 0 1 4 15 16 21 23 24 33 42 47 49 57 59 61 64 73 90 98 99 100 103 104 107 110 118 119 122 129 131 134 136 137 147 154 164 174
162 0 2 3 4 9 13 28 35 37 41 43 47 48 58 60 71 89 92 97 99 105 111 113 121 139 144 157 159 167 169 179 180
163 2 8 19 23 39 44 51 56 57 59 63 66 81 88 90 91 93 101 104 105 113 121 126 129 135 137 140 146 158 174 176 178 181
164 4 11 13 14 15 18 19 33 35 41 42 43 47 53 56 66 79 86 87 88 90 91 92 95 103 104 112 113 126 127 131 137 142 144 147 150 160 161 166 169 172 173 174
165 3 4 6 8 15 16 18 23 25 28 29 31 34 36 37 46 50 53 62 64 65 69 71 73 74 75 94 95 97 100 103 105 107 119 124 127 132 138 143 144 148 159 166 172 181 183
166 0 2 5 15 17 22 26 28 32 37 38 40 44 47 60 64 69 76 78 79 81 82 92 95 106 110 111 112 115 120 125 128 133 134 144 148 149 150 153 164 165 171 177 182 183
167 1 7 11 19 23 24 25 29 33 34 37 38 42 43 47 50 52 57 65 67 71 76 79 88 92 93 100 102 109 119 121 136 144 151 162 175 179 183
168 3 6 7 13 17 27 33 34 36 37 40 46 57 61 65 68 71 74 75 81 84 87 88 90 95 99 109 112 142 148 152 157 159 170 179
169 2 3 7 11 18 19 23 25 26 28 30 38 40 42 49 51 54 58 60 61 64 66 69 71 78 82 96 99 106 111 112 113 116 118 121 123 127 129 135 136 141 148 149 151 153 159 162 164 170 178 180 182
170 2 3 4 23 24 25 28 42 54 60 61 64 66 67 73 93 96 100 103 108 112 119 122 126 132 134 140 142 144 152 168 169
171 0 2 8 9 10 14 15 18 20 23 26 28 30 34 38 42 48 49 58 66 67 74 75 77 81 82 83 84 85 101 108 115 116 117 121 130 138 141 151 155 156 157 166 172 179
172 2 7 8 14 15 20 21 26 27 52 60 61 63 72 76 77 82 83 87 96 97 99 101 102 109 115 119 125 132 134 139 142 144 146 149 154 164 165 171 179 182 183
173 11 13 22 28 32 37 44 53 55 56 57 60 62 64 65 70 73 84 94 98 99 100 102 106 107 108 109 114 117 121 124 132 141 145 147 159 160 164 175 177 183
174 1 21 27 33 41 43 52 56 58 64 66 70 85 92 93 94 98 100 107 124 131 132 135 136 138 140 147 161 163 164 177
175 4 13 16 19 20 28 31 43 45 46 50 53 60 61 71 73 77 79 85 91 94 95 107 113 114 118 120 127 136 145 148 150 167 173 179 180 181
176 3 7 17 20 23 25 27 28 29 33 34 35 36 39 46 50 53 56 59 61 69 83 86 87 89 92 96 102 108 114 117 118 124 127 128 131 133 147 154 163 179
177 0 3 9 10 11 14 20 21 25 31 42 54 60 66 69 74 76 80 85 88 92 96 98 105 108 116 120 123 124 127 130 138 139 141 150 154 160 166 173 174 179 180 181
178 2 15 21 22 29 31 37 40 44 46 54 58 59 61 66 83 87 90 93 95 112 113 116 117 118 122 125 129 130 150 152 159 163 169 180 183
179 7 8 9 10 13 17 20 26 29 35 36 39 42 43 47 50 51 52 53 58 61 65 66 73 77 81 86 89 92 97 101 102 104 106 108 128 138 143 154 158 159 162 167 168 171 172 175 176 177
180 6 11 15 22 26 33 40 41 42 45 47 49 52 56 60 80 81 85 94 95 97 102 106 107 109 115 129 130 141 145 146 148 154 158 162 169 175 177 178
181 9 14 21 22 29 31 48 49 59 60 63 74 80 88 91 102 104 109 123 132 136 139 142 143 147 150 152 155 159 163 165 175 177
182 4 21 46 52 61 62 64 72 83 91 99 108 123 142 153 166 169 172
183 5 6 13 23 27 30 43 45 54 63 66 71 75 77 85 90 91 94 96 99 101 112 113 115 116 117 118 120 122 131 136 138 140 141 145 157 158 165 166 167 172 173 178
