39 231
0 5 8 11 12 17 18 20 23 26 30 32 33 38
1 9 12 15 16 18 27 28 29 37
2 4 7 8 12 21 22 23 24 25 26 27 28 31 33 36 37
3 10 17 21 22 24 27 33 36 38
4 2 5 6 7 9 10 12 13 14 18 20 22 29 32
5 0 4 15 19 21 25 38
6 4 7 8 10 12 14 17 24 26 30 33 35 36
7 2 4 6 10 11 20 26 28 31 33 37 38
8 0 2 6 12 15 21 26 37 38
9 1 4 11 16 24 29 30 32 34 37
10 3 4 6 7 11 13 14 16 22 23 27 30 31 32 36
11 0 7 9 10 13 17 23 24 25 29 32
12 0 1 2 4 6 8 14 21 22 24 26 35 36
13 4 10 11 15 20 23 25 26 27 28 30 34 35 37
14 4 6 10 12 15 16 23 24 25 28 29 35
15 1 5 8 13 14 24 25 27 28 35 36
16 1 9 10 14 17 22 29 31 32 33 34 35
17 0 3 6 11 16 19 23 24 28 30 34 36
18 0 1 4 21 23 24 27 28 29 30 36
19 5 17 25 27 29 33 34 37
20 0 4 7 13 21 23 24 33 36 37
21 2 3 5 8 12 18 20 26 38
22 2 3 4 10 12 16 24 27 29 30 37
23 0 2 10 11 13 14 17 18 20 26 27 29 30 31 37
24 2 3 6 9 11 12 14 15 17 18 20 22 27 30 31 33
25 2 5 11 13 14 15 19 29 30 33
26 0 2 6 7 8 12 13 21 23 29 30 33 34
27 1 2 3 10 13 15 18 19 22 23 24 30 34 38
28 1 2 7 13 14 15 17 18 29
29 1 4 9 11 14 16 18 19 22 23 25 26 28 30 31 32 35 36 38
30 0 6 9 10 13 17 18 22 23 24 25 26 27 29 34
31 2 7 10 16 23 24 29 33 34 36 38
32 0 4 9 10 11 16 29 34 35
33 0 2 3 6 7 16 19 20 24 25 26 31 37
34 9 13 16 17 19 26 27 30 31 32 35
35 6 12 13 14 15 16 29 32 34 38
36 2 3 6 10 12 15 17 18 20 29 31 37 38
37 1 2 7 8 9 13 19 20 22 23 33 36
38 0 3 5 7 8 21 27 29 31 35 36
