81 433
0 2 25 33 34 44 47 48 53 56
1 6 19 26 39 51 70 74
2 0 8 9 11 12 17 25 30 31 42 52 62 68 74 77
3 6 12 16 22 40 42 43 52 57
4 6 10 23 31 33 37 60 62
5 6 19 30 31 43 52 53 54 67 68 71
6 1 3 4 5 12 34 41 59 63 69 77 79
7 11 12 40 56 60 62 64 74
8 2 11 16 21 26 42 59 77
9 2 38 39 56 62 63 77
10 4 29 32 37 38 41 55 76
11 2 7 8 12 16 23 26 30 52 54 63 64 67 71
12 2 3 6 7 11 13 17 28 35 40 42 57 60 64 72 80
13 12 28 33 34 51 60 70 73 79
14 19 43 44 45 64 72 73 77
15 17 23 29 37 40 46 56 60 65 70
16 3 8 11 20 21 23 29 45 47 59 62 67 75
17 2 12 15 26 30 31 34 40 43 45 46 51 54 63
18 27 34 38 54 67 77
19 1 5 14 25 26 29 33 41 53 55 56 76 80
20 16 29 37 43 63 64 73
21 8 16 27 46 49 69 74 78 79
22 3 24 25 26 34 43 55 68 73 78
23 4 11 15 16 26 36 48 51 56 57 61 64 65 66 71 74 75
24 22 27 43 47 48 60 77
25 0 2 19 22 26 40 50 58 61
26 1 8 11 17 19 22 23 25 38 39 41 45 47 50 61 64 72
27 18 21 24 44 45 57 65 74
28 12 13 33 39 41 52 60 61 64 72
29 10 15 16 19 20 52 58 65 67 77
30 2 5 11 17 43 61 71 73 77
31 2 4 5 17 47 55 66 69 70 74 77
32 10 44 63 64 74 80
33 0 4 13 19 28 34 44 46 73 75 79
34 0 6 13 17 18 22 33 38 42 47 52 55 58 63 67 79
35 12 45 47 49 53 55 69 70 71 77
36 23 62 71 72 77 78 79 80
37 4 10 15 20 40 44 54 67 74 75
38 9 10 18 26 34 49 50 52 64 68 75 79
39 1 9 26 28 41 51 59 70
40 3 7 12 15 17 25 37 44 52 56 59 62 71 73 75
41 6 10 19 26 28 39 43 46 65 69
42 2 3 8 12 34 47 49 54 59 67 70 75 80
43 3 5 14 17 20 22 24 30 41 44 56 62 64 74 79
44 0 14 27 32 33 37 40 43 50 57 63 64
45 14 16 17 26 27 35 48 60 63 75
46 15 17 21 33 41 69 71
47 0 16 24 26 31 34 35 42 55 57 70 72 79
48 0 23 24 45 49 62 66 71 78
49 21 35 38 42 48 59 64 72 74 75 78
50 25 26 38 44 51 62 65 77 79
51 1 13 17 23 39 50 54 56 59 68 70 72
52 2 3 5 11 28 29 34 38 40 60
53 0 5 19 35 55 70 74 75
54 5 11 17 18 37 42 51 55 66 67 71 74
55 10 19 22 31 34 35 47 53 54 72 77
56 0 7 9 15 19 23 40 43 51 62 65
57 3 12 23 27 44 47 61 70 75
58 25 29 34 60 64 70 72 74
59 6 8 16 39 40 42 49 51 61
60 4 7 12 13 15 24 28 45 52 58 65 69 78
61 23 25 26 28 30 57 59 68 70 77
62 2 4 7 9 16 36 40 43 48 50 56 69 70 71 75
63 6 9 11 17 20 32 34 44 45 65
64 7 11 12 14 20 23 26 28 32 38 43 44 49 58
65 15 23 27 29 41 50 56 60 63 66 74 76 78
66 23 31 48 54 65 70 74
67 5 11 16 18 29 34 37 42 54
68 2 5 22 38 51 61 76 77
69 6 21 31 35 41 46 60 62 79 80
70 1 13 15 31 35 39 42 47 51 53 57 58 61 62 66 72 73
71 5 11 23 30 35 36 40 46 48 54 62
72 12 14 26 28 36 47 49 51 55 58 70
73 13 14 20 22 30 33 40 70
74 1 2 7 21 23 27 31 32 37 43 49 53 54 58 65 66 76 77 79
75 16 23 33 37 38 40 42 45 49 53 57 62 78
76 10 19 65 68 74 79
77 2 6 8 9 14 18 24 29 30 31 35 36 50 55 61 68 74 80
78 21 22 36 48 49 60 65 75 80
79 6 13 21 33 34 36 38 43 47 50 69 74 76
80 12 19 32 36 42 69 77 78
