62 370
0 2 8 19 26 28 34 40 53 55
1 2 4 13 26 29 41 49 52 55 56
2 0 1 4 7 19 21 24 32 37 39 41 53 54 58 59
3 5 9 10 13 14 24 25 28 31 37 49 50 52 54 58 59 60 61
4 1 2 6 10 15 18 19 20 30 41 47 49 51 56 57 61
5 3 11 15 25 28 40 45
6 4 9 11 12 22 23 29 34 36 45 50 51 54 58 61
7 2 9 15 20 26 28 31 33 39 40 52 53 55 59 60
8 0 9 10 22 23 24 27 34 49
9 3 6 7 8 13 14 27 30 32 33 35 38 44 47 51 55
10 3 4 8 17 18 19 20 22 25 26 31 45 46 47 52
11 5 6 12 24 25 36 40
12 6 11 14 19 20 30 35 39 48 51 61
13 1 3 9 15 26 37 39 40 46 47 49 55 58 59
14 3 9 12 19 23 27 31 33 35 36 53 55 56 61
15 4 5 7 13 16 19 31 41 42 46 47
16 15 17 18 21 26 28 31 32 39 50 52 55 61
17 10 16 18 20 23 30 31 37 40 43 45 48 56 59 60
18 4 10 16 17 21 22 28 38 50
19 0 2 4 10 12 14 15 20 25 31 34 39 42 50 51 56 58 59
20 4 7 10 12 17 19 31 36 38 42 50 55 57
21 2 16 18 38 44 52 53 55 56
22 6 8 10 18 25 26 38 41 42 44 53 61
23 6 8 14 17 24 25 30 36 44 55 59 61
24 2 3 8 11 23 25 39 44 45 46 50 56 60
25 3 5 10 11 19 22 23 24 35 39
26 0 1 7 10 13 16 22 31 32 41 42 43 52 54
27 8 9 14 41 56 57 59
28 0 3 5 7 16 18 30 35 43 44 49 53 56
29 1 6 30 35 46 49 55 59
30 4 9 12 17 23 28 29 33 39 44 53 58 60
31 3 7 10 14 15 16 17 19 20 26 32 37 39 44 46 47 54 57
32 2 9 16 26 31 36 41 46 47 49 53 61
33 7 9 14 30 37 39 40 49 52
34 0 6 8 19 42 55
35 9 12 14 25 28 29 36 37 42 48
36 6 11 14 20 23 32 35 39 42 44 48 58
37 2 3 13 17 31 33 35 40 54
38 9 18 20 21 22 40 46 47 49
39 2 7 12 13 16 19 24 25 30 31 33 36 46 49 54
40 0 5 7 11 13 17 33 37 38 45 48 54 55 61
41 1 2 4 15 22 26 27 32 42 47 52 58 61
42 15 19 20 22 26 34 35 36 41 46 48 51 58 60
43 17 26 28 50 53 55 60 61
44 9 21 22 23 24 28 30 31 36 48
45 5 6 10 17 24 40 51 52
46 10 13 15 24 29 31 32 38 39 42
47 4 9 10 13 15 31 32 38 41 53 54 57 61
48 12 17 35 36 40 42 44 50 54
49 1 3 4 8 13 28 29 32 33 38 39 50 57
50 3 6 16 18 19 20 24 43 48 49 53 55 56 61
51 4 6 9 12 19 42 45 58
52 1 3 7 10 16 21 26 33 41 45 54 55 56 58
53 0 2 7 14 21 22 28 30 32 43 47 50 54 55 57 59
54 2 3 6 26 31 37 39 40 47 48 52 53 61
55 0 1 7 9 13 14 16 20 21 23 29 34 40 43 50 52 53 60 61
56 1 4 14 17 19 21 24 27 28 50 52
57 4 20 27 31 47 49 53
58 2 3 6 13 19 30 36 41 42 51 52
59 2 3 7 13 17 19 23 27 29 53
60 3 7 17 24 30 42 43 55
61 3 4 6 12 14 16 22 23 32 40 41 43 47 50 54 55
