71 389
0 4 5 6 23 33 41 47 48 54 55 69
1 14 21 23 25 29 44 57 63
2 9 16 17 30 39 57 61 66 68
3 30 51 56 59 61 63 65 66 67 69
4 0 14 15 16 27 29 39 47 50 55 58 65
5 0 8 14 15 16 17 20 21 32 36 37 44 52 54 55
6 0 7 15 17 23 26 33 35 43 57 59 65 69
7 6 9 13 17 19 25 32 36 58
8 5 10 20 21 24 25 30 34 42 46 50 65 66 68
9 2 7 11 18 23 24 37 48 50 54 56 60 68
10 8 13 15 22 26 38 39 40 42 62 64 67
11 9 15 16 24 35 40 44 47 48 49 53
12 29 32 33 36 40 70
13 7 10 33 35 61
14 1 4 5 22 23 26 30 43 50 53 67
15 4 5 6 10 11 22 28 35 40 42 46
16 2 4 5 11 31 37 48 51 57 62 66 70
17 2 5 6 7 19 20 25 59 66
18 9 19 21 23 24 30 34 36 40 48 49 54 55 57 58
19 7 17 18 21 24 31 33 42 43 49 57 60 61 65
20 5 8 17 25 44 59 63
21 1 5 8 18 19 39 43 50 53 55 57 58 70
22 10 14 15 47 50
23 0 1 6 9 14 18 27 34 38 40 41 43 45 50 61 62
24 8 9 11 18 19 30 31 32 45 47 52 56 58
25 1 7 8 17 20 28 31 36 38 43 50 52 66
26 6 10 14 28 37 38 44 47 63 65
27 4 23 28 31 32 33 37 43 49 59 63 65 66 69
28 15 25 26 27 29 38 41 45 46 58 61 63
29 1 4 12 28 30 32 46
30 2 3 8 14 18 24 29 34 37 38 55 58 61
31 16 19 24 25 27 35 37 60 64
32 5 7 12 24 27 29 51 54 58
33 0 6 12 13 19 27 35 40 42 44 48 54 60 69
34 8 18 23 30 43 53 56 62
35 6 11 13 15 31 33 45 47 49 68
36 5 7 12 18 25 37 38 47 51 54 61 63 65
37 5 9 16 26 27 30 31 36 38 39 48 51 59 60
38 10 23 25 26 28 30 36 37 40 70
39 2 4 10 21 37 43 46 49 53 56 58 63
40 10 11 12 15 18 23 33 38 42 44 47 54 60 64 67 70
41 0 23 28 46 49 51 53
42 8 10 15 19 33 40 43 50 61 62 64
43 6 14 19 21 23 25 27 34 39 42 45 57 58 61
44 1 5 11 20 26 33 40 50 51 55
45 23 24 28 35 43 47 63
46 8 15 28 29 39 41 64 69 70
47 0 4 11 22 24 26 35 36 40 45 51 56 60 62 68 70
48 0 9 11 16 18 33 37 52 55 60 68 69
49 11 18 19 27 35 39 41 54 58 62 68
50 4 8 9 14 21 22 23 25 42 44 52 57 60 68 69
51 3 16 32 36 37 41 44 47 65 67 70
52 5 24 25 48 50 54 57 62 64
53 11 14 21 34 39 41 61
54 0 5 9 18 32 33 36 40 49 52
55 0 4 5 18 21 30 44 48 60 61 68
56 3 9 24 34 39 47 58 60 64 68
57 1 2 6 16 18 19 21 43 50 52 62 68 69
58 4 7 18 21 24 28 30 32 39 43 49 56
59 3 6 17 20 27 37 60 63
60 9 19 31 33 37 40 47 48 50 55 56 59 61 65
61 2 3 13 19 23 28 30 36 42 43 53 55 60
62 10 16 23 34 42 47 49 52 57
63 1 3 20 26 27 28 36 39 45 59 70
64 10 31 40 42 46 52 56 65 67 70
65 3 4 6 8 19 26 27 36 51 60 64 68
66 2 3 8 16 17 25 27 69
67 3 10 14 40 51 64 69
68 2 8 9 35 47 48 49 50 55 56 57 65
69 0 3 6 27 33 46 48 50 57 66 67
70 12 16 21 38 40 46 47 51 63 64
