174 1355
0 26 28 51 57 58 61 63 66 68 79 82 86 88 96 119 123 126 129 151 163
1 4 12 36 44 69 76 92 105 123 133 136 144 166
2 9 12 23 40 63 81 84 101 102 111 115 122 142 161
3 13 38 40 42 58 63 95 108 119 124 143 156 168
4 1 12 16 28 40 52 58 68 78 94 102 111 112 118 119 141 148 160 173
5 15 97 127 144
6 7 14 16 20 32 56 63 65 66 67 70 94 99 102 110 128 138 140 142 158
7 6 38 40 67 71 104 120 122 130 131 135 146 149 152
8 11 22 36 46 57 64 71 94 109 122 125 128 138 139 152 165
9 2 16 21 22 25 35 41 42 63 71 94 97 114 118 144 147 172
10 32 33 64 68 125 126 128 137 140 151
11 8 31 34 39 51 72 76 83 111 124 128 129 148 150 167 168
12 1 2 4 16 25 27 35 36 63 77 79 85 110 113 116 119 133 143 149
13 3 19 33 34 35 65 72 81 96 99 126 135 138 150 160 161 167
14 6 16 29 40 50 60 78 82 88 89 106 139 144 151 152 159 167
15 5 20 34 40 77 82 92 142 155 157
16 4 6 9 12 14 38 53 54 77 86 89 107 130 144 149 155 162 165
17 26 38 58 60 72 86 104 107 108 112 130 139
18 19 29 71 82 95 112 113 117 118 142 143 147 148 164 165
19 13 18 24 62 64 71 73 74 80 99 107 118 124 134 135 138 147 158
20 6 15 31 58 59 64 105 106 113 135 151
21 9 33 35 47 50 63 79 90 92 102 105 118 123 141 145 162
22 8 9 33 57 59 73 74 88 113 137 145 168
23 2 24 25 27 38 46 59 85 86 92 98 119 136 137 157 164
24 19 23 32 33 49 66 100 120 152 154 157 167
25 9 12 23 28 35 56 68 71 99 114 116 137 138 145 146 150 154 155 173
26 0 17 30 36 56 90 91 105 115 118 140 164
27 12 23 53 62 81 98 109 112 115 148 150 157 163 164 167 172
28 0 4 25 30 42 51 63 82 98 128 130 131 148 154 158 163 164
29 14 18 39 90 105 109 110 124 127 172
30 26 28 49 150 159 164
31 11 20 32 71 77 86 92 96 129 130 148 153
32 6 10 24 31 41 42 54 58 67 81 87 112 122 138 141 142 149 150 151
33 10 13 21 22 24 45 65 77 109 119 133 135 138 145 157 158 169
34 11 13 15 37 55 56 66 87 93 104 139 151
35 9 12 13 21 25 39 42 55 58 60 68 71 77 81 99 113 120 124 137 144 146 168
36 1 8 12 26 44 74 100 118 120 127 135 144 160 162 171
37 34 43 46 63 66 69 76 84 90 100 104 115 120 122 141 158 159
38 3 7 16 17 23 42 51 55 64 71 72 74 92 99 106 108 111 125 131 159
39 11 29 35 42 49 60 65 73 81 86 99 113 117 141 151 155 164
40 2 3 4 7 14 15 45 54 59 60 71 88 91 118 124 125 128 133 148 163
41 9 32 44 58 73 91 105 108 112 119 143 145 149 151 169
42 3 9 28 32 35 38 39 43 71 83 86 88 96 103 114 125 131 148 150 163 165 166
43 37 42 51 53 60 76 94 97 110 113 131 133 144 156 160
44 1 36 41 52 61 77 91 105 145 149 166 171
45 33 40 59 78 89 112 125 133 136 145 148 154
46 8 23 37 62 65 81 84 136 138 149 153 164
47 21 50 77 84 85 86 90 105 110 116 124 150 158 160 169
48 50 67 85 109 122 135 137 157 164
49 24 30 39 53 54 58 72 77 103 110 116 118 132 135 166 167
50 14 21 47 48 68 74 77 79 82 88 91 113 118 126 163 171
51 0 11 28 38 43 55 72 73 77 100 101 137 138 140 141 152
52 4 44 61 81 93 112 123 133 134 159 162 168
53 16 27 43 49 67 75 84 88 106 114 117 126 134 162 170
54 16 32 40 49 80 94 95 102 143 151 153 164 170
55 34 35 38 51 56 57 77 84 106 110 117 129 156 163 164
56 6 25 26 34 55 78 102 120 125 147 152 156 165 170 173
57 0 8 22 55 66 70 84 91 92 101 149 166 171
58 0 3 4 17 20 32 35 41 49 65 80 91 98 99 108 122 135 159 172
59 20 22 23 40 45 64 72 76 88 129 130 150 155 172
60 14 17 35 39 40 43 64 67 74 81 98 99 103 134 139 146 155 156 168
61 0 44 52 76 86 91 101 110 120 146 153 159 166 167 169
62 19 27 46 71 76 81 86 108 125 127 135 149 162
63 0 2 3 6 9 12 21 28 37 67 70 72 76 77 83 103 108 110 117 126 140
64 8 10 19 20 38 59 60 71 76 108 110 111 114 116 130 134 150 153 165 166 167 172
65 6 13 33 39 46 58 98 102 115 121 127 134 146 148 149 150 152 157
66 0 6 24 34 37 57 94 104 134 161
67 6 7 32 48 53 60 63 73 82 95 98 120 129 130 131 143 146 150
68 0 4 10 25 35 50 70 79 110 118 123 124 127 129 136 138 152 168 170
69 1 37 92 98 99 108 109 114 116 127 135 139 142 145 151 155 162 165 166
70 6 57 63 68 74 80 94 104 106 109 120 125 146 170
71 7 8 9 18 19 25 31 35 38 40 42 62 64 72 78 80 121 139 145 152 160 166
72 11 13 17 38 49 51 59 63 71 89 93 101 111 117 124 168
73 19 22 39 41 51 67 80 91 103 109 150 153
74 19 22 36 38 50 60 70 78 90 95 96 101 102 114 118 121 122 128 130 139 141 149 162 163 165 166 173
75 53 92 98 107 110 128 137 166 169 172
76 1 11 37 43 59 61 62 63 64 104 142 145 172 173
77 12 15 16 31 33 35 44 47 49 50 51 55 63 82 105 111 113 124 160 172
78 4 14 45 56 71 74 83 100 103 104 106 111 112 114 120 125 142 147 162 170
79 0 12 21 50 68 90 109 129 131 136 139 151 154 155 156 158 161 162 171
80 19 54 58 70 71 73 84 87 88 113 116 122 128 140 145 163 166
81 2 13 27 32 35 39 46 52 60 62 107 127 130 137 155 164
82 0 14 15 18 28 50 67 77 85 95 96 98 105 110 131 133 143 145 155 156
83 11 42 63 78 84 117 122 127 151 157
84 2 37 46 47 53 55 57 80 83 99 102 103 104 114 118 120 123 125 132 149 157
85 12 23 47 48 82 87 113 122 131 141 142 144 146 147 155 158 167
86 0 16 17 23 31 39 42 47 61 62 93 100 114 123 146 152 156 160 161 171
87 32 34 80 85 109 119 154
88 0 14 22 40 42 50 53 59 80 92 94 126 144 145 157 158 163 164
89 14 16 45 72 100 121 142 143 149 159 170
90 21 26 29 37 47 74 79 95 99 112 129 137 147 148
91 26 40 41 44 50 57 58 61 73 92 93 97 102 105 145 148 155
92 1 15 21 23 31 38 57 69 75 88 91 98 133 138 147 156 166 171
93 34 52 72 86 91 94 95 141 162 173
94 4 6 8 9 43 54 66 70 88 93 109 119 135 147 161
95 3 18 54 67 74 82 90 93 113 135 145 146 165 171 172
96 0 13 31 42 74 82 120 135 144 145 148 161 162
97 5 9 43 91 103 141 155 163
98 23 27 28 58 60 65 67 69 75 82 92 116 123 133 134 139 145 147 164
99 6 13 19 25 35 38 39 58 60 69 84 90 103 113
100 24 36 37 51 78 86 89 103 107 126 155
101 2 51 57 61 72 74 116 127 131 142 143 145 154 157 166 170 173
102 2 4 6 21 54 56 65 74 84 91 108 109 118 134 136 160
103 42 49 60 63 73 78 84 97 99 100 115 121 124 135 149
104 7 17 34 37 66 70 76 78 84 108 139
105 1 20 21 26 29 41 44 47 77 82 91 106 108 123 148 154 161 172
106 14 20 38 53 55 70 78 105 113 137 140 148 154 156 157 171
107 16 17 19 75 81 100 117 119 128 132 165
108 3 17 38 41 58 62 63 64 69 102 104 105 118 122 123 137 146 153 158 168 169
109 8 27 29 33 48 69 70 73 79 87 94 102 120 127 129 141 147 159 164
110 6 12 29 43 47 49 55 61 63 64 68 75 82 121 124 130 139 141 161 172
111 2 4 11 38 64 72 77 78 118 138 148 150 153 154
112 4 17 18 27 32 41 45 52 78 90 121 123 125 166
113 12 18 20 22 35 39 43 50 77 80 85 95 99 106 115 118 138 149 172
114 9 25 42 53 64 69 74 78 84 86 122 130 133 145 162
115 2 26 27 37 65 103 113 116 118 120 148
116 12 25 47 49 64 69 80 98 101 115 143
117 18 39 53 55 63 72 83 107 133 160
118 4 9 18 19 21 26 36 40 49 50 68 74 84 102 108 111 113 115 124 138 153 155 160 169
119 0 3 4 12 23 33 41 87 94 107 127 139 140 154 172
120 7 24 35 36 37 56 61 67 70 78 84 96 109 115 129 135 138 147
121 65 71 74 89 103 110 112 131 135 149 172
122 2 7 8 32 37 48 58 74 80 83 85 108 114 131 135 172
123 0 1 21 52 68 84 86 98 105 108 112 141 157
124 3 11 19 29 35 40 47 68 72 77 103 110 118 141 148 149
125 8 10 38 40 42 45 56 62 70 78 84 112 138 146 160 162
126 0 10 13 50 53 63 88 100 152 155 165 170 173
127 5 29 36 62 65 68 69 81 83 101 109 119 134 135 143 172
128 6 8 10 11 28 40 74 75 80 107 131 141 157 169 171
129 0 11 31 55 59 67 68 79 90 109 120 136 143 144 148 162 163 164
130 7 16 17 28 31 59 64 67 74 81 110 114 141 142 151 157 158 166
131 7 28 38 42 43 67 79 82 85 101 121 122 128 134 143 155
132 49 84 107 142 163
133 1 12 33 40 43 45 52 82 92 98 114 117 134 138 144 150 162 163 173
134 19 52 53 60 64 65 66 98 102 127 131 133 138 159
135 7 13 19 20 33 36 48 49 58 62 69 94 95 96 103 120 121 122 127 148
136 1 23 45 46 68 79 102 129 138 143 152 153 173
137 10 22 23 25 35 48 51 75 81 90 106 108 154 167
138 6 8 13 19 25 32 33 46 51 68 92 111 113 118 120 125 133 134 136 148 158
139 8 14 17 34 60 69 71 74 79 98 104 110 119 166
140 6 10 26 51 63 80 106 119 150 152 172
141 4 21 32 37 39 51 74 85 93 97 109 110 123 124 128 130 145 148 153 154 162 171
142 2 6 15 18 32 69 76 78 85 89 101 130 132 143 151 171
143 3 12 18 41 54 67 82 89 101 116 127 129 131 136 142 148 162 173
144 1 5 9 14 16 35 36 43 85 88 96 129 133 154 168
145 21 22 25 33 41 44 45 69 71 76 80 82 88 91 95 96 98 101 114 141 152 164 165 170 171
146 7 25 35 60 61 65 67 70 85 86 95 108 125 158 165
147 9 18 19 56 78 85 90 92 94 98 109 120 158 160 161 163
148 4 11 18 27 28 31 40 42 45 65 90 91 96 105 106 111 115 124 129 135 138 141 143 152 158 166
149 7 12 16 32 41 44 46 57 62 65 74 84 89 103 113 121 124 152
150 11 13 25 27 30 32 42 47 59 64 65 67 73 111 133 140 154
151 0 10 14 20 32 34 39 41 54 69 79 83 130 142 157 167 168
152 7 8 14 24 51 56 65 68 71 86 126 136 140 145 148 149 160 166
153 31 46 54 61 64 73 108 111 118 136 141 158 162 163 173
154 24 25 28 45 79 87 101 105 106 111 119 137 141 144 150
155 15 16 25 39 59 60 69 79 81 82 85 91 97 100 118 126 131 165 173
156 3 43 55 56 60 79 82 86 92 106 157
157 15 23 24 27 33 48 65 83 84 88 101 106 123 128 130 151 156 162 173
158 6 19 28 33 37 47 79 85 88 108 130 138 146 147 148 153 168
159 14 30 37 38 52 58 61 89 109 134
160 4 13 36 43 47 71 77 86 102 117 118 125 147 152
161 2 13 66 79 86 94 96 105 110 147 169
162 16 21 36 52 53 62 69 74 78 79 93 96 114 125 129 133 141 143 153 157 173
163 0 27 28 40 42 50 55 74 80 88 97 129 132 133 147 153 164
164 18 23 26 27 28 30 39 46 48 54 55 81 88 98 109 129 145 163 165 166 170
165 8 16 18 42 56 64 69 74 95 107 126 145 146 155 164
166 1 42 44 49 57 61 64 69 71 74 75 80 92 101 112 130 139 148 152 164 170 173
167 11 13 14 24 27 49 61 64 85 137 151
168 3 11 22 35 52 60 68 72 108 144 151 158
169 33 41 47 61 75 108 118 128 161
170 53 54 56 68 70 78 89 101 126 145 164 166
171 36 44 50 57 79 86 92 95 106 128 141 142 145
172 9 27 29 58 59 64 75 76 77 95 105 110 113 119 121 122 127 140
173 4 25 56 74 76 93 101 126 133 136 143 153 155 157 162 166
