160 2268
0 5 7 8 9 10 11 20 23 33 36 40 41 43 45 54 61 66 73 74 78 90 97 99 102 109 112 118 124 130 134 143 154 155 156
1 4 8 10 17 25 36 39 59 69 71 74 75 79 80 82 86 92 95 96 101 108 109 110 112 113 116 121 140 143 148
2 9 17 24 29 33 35 36 39 42 50 55 60 67 80 81 88 101 109 121 127 129 132 141 144 153 159
3 15 16 21 26 30 40 41 43 49 59 66 77 78 81 110 111 112 116 117 141 143 145 148 154
4 1 6 13 14 19 25 27 28 30 43 51 53 54 80 84 93 100 112 119 120 130 133 138 144 147 149 158
5 0 21 25 32 37 43 51 55 67 69 73 84 89 93 101 114 120 123 126 129 130 140 144 150 151 152 158
6 4 9 14 16 40 47 56 57 61 64 91 95 104 109 113 117 122 131 134 135 146 151 153 157
7 0 9 15 21 38 63 64 69 73 83 98 99 104 106 109 121 127 142 156
8 0 1 12 23 25 30 34 44 46 54 74 75 88 90 91 95 99 102 118 122 123 137 145 148 153 159
9 0 2 6 7 19 20 47 62 68 70 75 83 92 96 99 100 101 102 104 112 113 120 121 124 127 129 139 141 143 145 146 148 151 156
10 0 1 24 25 37 38 42 43 44 49 60 61 64 67 71 78 80 97 107 108 112 117 121 139 146 147 148 149
11 0 12 13 15 26 43 45 46 60 77 85 94 100 106 119 125 129 137 139 140 142 149 153 155
12 8 11 16 20 21 22 23 33 36 40 43 46 55 59 61 66 80 93 98 100 103 105 106 109 110 111 113 120 129 132 133 137 138 143 145
13 4 11 14 20 26 28 29 33 34 35 37 51 54 59 62 70 73 86 89 90 106 112 114 116 124 126 130 134 137 147 149 154
14 4 6 13 29 33 43 44 53 71 78 84 93 104 109 114 118 119 122 127 128 132
15 3 7 11 25 26 43 46 63 66 70 71 73 88 104 106 112 114 116 118 134 151 156 157 159
16 3 6 12 17 18 37 40 41 43 44 47 51 56 61 62 71 81 86 88 91 93 102 103 104 107 113 115 132 139 143 150 152 153
17 1 2 16 28 34 36 44 54 61 64 68 72 73 74 78 85 88 93 99 109 113 115 116 120 122 125 126 128 136 137 139 141 145 146 148 150 156
18 16 25 32 48 66 80 87 90 91 99 103 108 112 115 124 144 149
19 4 9 21 25 27 31 33 35 36 39 44 51 68 72 74 82 84 94 95 109 128 133 137 148 152
20 0 9 12 13 31 33 60 78 85 91 97 98 105 109 111 123 130 135 138
21 3 5 7 12 19 27 29 31 32 63 71 78 95 106 111 114 115 116 117 123 125 128 130 131 139 143 148 152 157
22 12 24 27 43 46 55 57 64 68 89 94 95 100 106 115 116 118 124 133 134 140 158 159
23 0 8 12 24 25 28 30 31 34 36 46 48 50 52 64 73 77 84 87 93 95 98 106 116 117 118 133 142 144 146 150 151
24 2 10 22 23 29 31 35 41 42 48 53 62 65 69 70 74 92 94 96 100 104 105 114 120 122 139 140 153 158
25 1 4 5 8 10 15 18 19 23 28 29 33 35 42 45 46 59 69 75 80 83 85 93 107 134 151 153 157
26 3 11 13 15 27 29 41 52 65 66 70 73 74 76 77 79 81 93 95 98 103 115 117 122 126 145 150 154
27 4 19 21 22 26 29 39 41 42 57 59 65 67 70 72 81 84 88 90 91 97 103 105 109 110 112 116 117 121 122 126 127 128 133 139 150 159
28 4 13 17 23 25 38 76 80 88 94 99 104 106 116 125 135 138 141 143 146 151 156 159
29 2 13 14 21 24 25 26 27 30 31 36 37 45 56 58 59 63 70 84 92 93 100 101 102 133 135 139 143 144 149 151
30 3 4 8 23 29 38 50 54 63 71 81 87 88 97 98 99 104 110 111 112 117 125 128 133 134 137 139 143 144 149 150 152 154
31 19 20 21 23 24 29 36 38 41 55 56 60 61 62 67 88 92 112 113 114 121 122 126 137 139 141 143 146
32 5 18 21 49 50 53 57 76 77 89 91 99 102 103 105 111 115 117 126 128 131 132 135 138 139 148 149 152 153 155
33 0 2 12 13 14 19 20 25 42 53 58 62 63 64 65 68 80 84 95 102 111 113 114 117 125 127 133 135 138
34 8 13 17 23 42 45 49 51 53 54 55 56 58 63 74 75 76 77 78 87 88 104 107 108 119 125 143 146 147 149 150 152 158
35 2 13 19 24 25 44 45 54 77 82 91 94 107 115 117 134 137 143
36 0 1 2 12 17 19 23 29 31 39 41 45 49 52 59 73 77 80 83 88 111 112 115 116 127 128 131 140 145 146 155
37 5 10 13 16 29 44 46 59 73 77 79 92 94 95 114 117 118 125 131 144 146 149 151 154 158 159
38 7 10 28 30 31 50 61 62 67 81 95 100 102 108 110 113 115 120 122 127 141 152 157
39 1 2 19 27 36 40 41 43 56 63 69 73 89 94 98 101 104 107 113 117 119 120 125 129 133 135 142 143 144 149 151
40 0 3 6 12 16 39 41 61 65 66 69 75 77 79 82 87 98 99 100 107 112 113 117 120 123 133 137 138 139 144
41 0 3 16 24 26 27 31 36 39 40 44 55 65 70 80 103 112 115 116 118 126 130 131 133 138 146 148 158
42 2 10 24 25 27 33 34 44 46 56 67 68 70 71 73 74 77 81 84 87 89 91 93 95 100 109 112 120 122 124 125 128 151 156 157
43 0 3 4 5 10 11 12 14 15 16 22 39 55 58 60 63 66 71 75 76 78 95 99 100 104 105 113 123 129 132 135 137 142 146 157
44 8 10 14 16 17 19 35 37 41 42 66 69 70 75 77 79 94 95 110 111 128 130 131 140 144 145 146 159
45 0 11 25 29 34 35 36 56 62 80 81 83 86 88 90 96 104 106 108 113 130 131 133 138 145
46 8 11 12 15 22 23 25 37 42 48 49 55 58 69 74 76 79 82 83 87 91 119 128 146 147 154 158
47 6 9 16 48 49 51 65 79 88 91 95 107 119 120 121 122 124 132 140 141 146 147 159
48 18 23 24 46 47 53 55 62 82 91 95 100 109 114 117 120 132 141 144
49 3 10 32 34 36 46 47 52 54 61 64 67 73 74 78 110 112 118 119 139 148 149 150 151 153
50 2 23 30 32 38 57 77 80 84 85 86 111 118 119 124 125 132 133 139 153 154
51 4 5 13 16 19 34 47 55 58 61 73 81 90 91 92 101 109 120 121 125 127 137 139 140 146 147 149 152 159
52 23 26 36 49 61 62 71 81 85 95 104 105 107 108 109 122 124 126 130 131 138 148 150 152
53 4 14 24 32 33 34 48 54 60 68 71 72 74 78 83 87 96 97 104 111 112 119 120 122 131 138 147 148 159
54 0 4 8 13 17 30 34 35 49 53 55 64 70 72 75 76 82 97 101 103 104 110 124 128 132 136 139 142 144
55 2 5 12 22 31 34 41 43 46 48 51 54 59 60 81 85 87 92 99 106 116 122 125 126 134 136 143 151 152 153 156 158
56 6 16 29 31 34 39 42 45 70 80 82 84 91 93 98 99 100 113 117 128 131 132 136 137 142 145 148 151 154 156 158
57 6 22 27 32 50 61 67 69 70 73 74 80 81 99 106 107 110 116 122 126 137 141 147 149 151 155
58 29 33 34 43 46 51 77 81 83 93 97 98 104 113 118 120 121 123 125 131 136 147
59 1 3 12 13 25 27 29 36 37 55 65 67 68 70 71 76 78 89 91 93 95 109 120 124 130 136 146 147 153 156
60 2 10 11 20 31 43 53 55 62 63 69 73 79 81 83 95 99 100 107 116 119 123 125 128 139 141 145 148 157
61 0 6 10 12 16 17 31 38 40 49 51 52 57 72 74 79 80 82 84 86 87 99 103 116 123 127 128 132 138 140 148 155
62 9 13 16 24 31 33 38 45 48 52 60 65 67 68 69 72 87 88 91 94 95 100 104 107 109 114 115 122 132 133 138 140 146 151 155
63 7 15 21 29 30 33 34 39 43 60 65 75 78 79 88 90 104 110 111 113 131 141 155 158 159
64 6 7 10 17 22 23 33 49 54 65 67 87 89 91 95 96 102 104 111 112 115 122 139 148 151 152
65 24 26 27 33 40 41 47 59 62 63 64 70 82 87 92 94 100 103 108 110 111 113 114 119 120 121 122 125 131 133 134 141 146 148 159
66 0 3 12 15 18 26 40 43 44 68 72 73 82 83 88 92 100 101 105 106 131 137 139 144 153 157
67 2 5 10 27 31 38 42 49 57 59 62 64 68 70 76 77 85 86 105 114 134 153 155 156 157
68 9 17 19 22 33 42 53 59 62 66 67 72 79 86 93 96 106 110 115 121 124 126 132 135 138 140 145 153 156
69 1 5 7 24 25 39 40 44 46 57 60 62 72 73 77 80 81 86 88 94 98 102 108 118 122 124 132 135
70 9 13 15 24 26 27 29 41 42 44 54 56 57 59 65 67 77 79 86 87 93 112 115 117 127 128 131 135 138 139 142 151 153 155
71 1 10 14 15 16 21 30 42 43 52 53 59 72 84 99 102 105 106 112 115 117 126 130 131 132 148 156 157
72 17 19 27 53 54 61 62 66 68 69 71 77 94 103 108 113 121 135 136 138 146 147 148 150 155 156 159
73 0 5 7 13 15 17 23 26 36 37 39 42 49 51 57 60 66 69 75 77 83 90 124 130 139 159
74 0 1 8 17 19 24 26 34 42 46 49 53 57 61 77 85 88 96 100 101 105 107 109 111 114 116 125 126 128 135 145 146 157 159
75 1 8 9 25 34 40 43 44 54 63 73 79 84 86 112 114 117 118 122 137 152 158
76 26 28 32 34 43 46 54 59 67 77 90 96 115 122 131 136 140 143 148 156
77 3 11 23 26 32 34 35 36 37 40 42 44 50 58 67 69 70 72 73 74 76 82 91 103 107 108 109 110 113 116 128 135 138 140 150
78 0 3 10 14 17 20 21 34 43 49 53 59 63 81 86 88 95 98 100 102 104 108 112 125 129 132 133 139 140 142 144 146 149
79 1 26 37 40 44 46 47 60 61 63 68 70 75 80 86 88 91 94 95 102 108 111 114 117 131 132 133 139 144 149 154
80 1 2 4 10 12 18 25 28 33 36 41 45 50 56 57 61 69 79 81 90 95 96 103 107 115 123 126 132 137 138 152 155 157
81 2 3 16 26 27 30 38 42 45 51 52 55 57 58 60 69 78 80 85 102 103 113 114 118 125 126 132 135 137 146 152
82 1 19 35 40 46 48 54 56 61 65 66 77 85 93 95 100 101 102 103 104 112 125 144 155 158
83 7 9 25 36 45 46 53 58 60 66 73 97 99 106 107 111 113 120 124 132 135 137 140 143 148 149 155
84 4 5 14 19 23 27 29 33 42 50 56 61 71 75 85 86 94 95 101 112 116 118 121 126 131 139 144 149 153 156
85 11 17 20 25 50 52 55 67 74 81 82 84 96 102 118 120 126 145 152 155
86 1 13 16 45 50 61 67 68 69 70 75 78 79 84 91 94 104 106 115 124 126 130 158
87 18 23 30 34 40 42 46 53 55 61 62 64 65 70 89 93 104 105 108 109 111 112 123 132 140 141 145 152
88 2 8 15 16 17 27 28 30 31 34 36 45 47 62 63 66 69 74 78 79 92 97 104 106 113 114 122 143 145 146 150 154 159
89 5 13 22 32 39 42 59 64 87 91 93 101 112 117 125 129 131 132 133 140 142 147 157 158
90 0 8 13 18 27 45 51 63 73 76 80 95 102 105 106 110 115 124 136 138 142 143 147 149 151 153 154
91 6 8 16 18 20 27 32 35 42 46 47 48 51 56 59 62 64 77 79 86 89 93 96 105 111 119 121 123 128 133 140 148
92 1 9 24 29 31 37 51 55 65 66 88 95 100 101 107 117 127 130 138 140 141 143 150 157
93 4 5 12 14 16 17 23 25 26 29 42 56 58 59 68 70 82 87 89 91 94 97 98 100 109 112 116 117 118 120 124 130 139 143 148 149 152 157 158
94 11 19 22 24 28 35 37 39 44 62 65 69 72 79 84 86 93 102 104 107 110 117 126 133 138 142 151 152 158
95 1 6 8 19 21 22 23 26 33 37 38 42 43 44 47 48 52 59 60 62 64 78 79 80 82 84 90 92 101 114 117 128 152 155
96 1 9 24 45 53 64 68 74 76 80 85 91 112 113 114 122 124 126 143 149 150 151 156 157
97 0 10 20 27 30 53 54 58 83 88 93 102 106 109 115 119 123 129 138 153 158
98 7 12 20 23 26 30 39 40 56 58 69 78 93 99 102 105 108 128 136 137 146 147 149 157
99 0 7 8 9 17 18 28 30 32 40 43 55 56 57 60 61 71 83 98 109 119 125 130 132 141 150 152 157 159
100 4 9 11 12 22 24 29 38 40 42 43 48 56 60 62 65 66 74 78 82 92 93 104 105 111 121 125 126 132 135 136 150 155
101 1 2 5 9 29 39 51 54 66 74 82 84 89 92 95 103 108 115 119 127 130 145 147 153
102 0 8 9 16 29 32 33 38 64 69 71 78 79 81 82 85 90 94 97 98 108 113 125 131 133 134 138
103 12 16 18 26 27 32 41 54 61 65 72 77 80 81 82 101 110 111 113 116 118 122 124 126 132 141 143
104 6 7 9 14 15 16 24 28 30 34 39 43 45 52 53 54 58 62 63 64 78 82 86 87 88 94 100 107 113 128 137 147 149 153 155
105 12 20 24 27 32 43 52 66 67 71 74 87 90 91 98 100 106 123 127 128 143 155
106 7 11 12 13 15 21 22 23 28 45 55 57 66 68 71 83 86 88 90 97 105 112 134 140 143 144 145 147 154 158
107 10 16 25 34 35 39 40 47 52 57 60 62 74 77 80 83 92 94 104 109 110 112 115 120 125 128 134 140 141 144 147 150 154
108 1 10 18 34 38 45 52 65 69 72 77 78 79 87 98 101 102 124 128 137 145 150 155 156 158 159
109 0 1 2 6 7 12 14 17 19 20 27 42 48 51 52 59 62 74 77 87 93 97 99 107 113 115 116 117 124 127 133 134 136 138 144 146 147 157
110 1 3 12 27 30 38 44 49 54 57 63 65 68 77 90 94 103 107 115 116 119 122 129 131 137
111 3 12 20 21 30 32 33 36 44 50 53 63 64 65 74 79 83 87 91 100 103 112 114 120 126 131 134 135 140 142 155 159
112 0 1 3 4 9 10 13 15 18 27 30 31 36 40 41 42 49 53 64 70 71 75 78 82 84 87 89 93 96 106 107 111 126 136 150 154
113 1 6 9 12 16 17 31 33 38 39 40 43 45 56 58 63 65 72 77 81 83 88 96 102 103 104 109 115 118 127 130 133 141 142 147 148 149 155
114 5 13 14 15 21 24 31 33 37 48 62 65 67 74 75 79 81 88 95 96 111 116 117 120 136 138 148 151
115 16 17 18 21 22 26 32 35 36 38 41 62 64 68 70 71 76 80 86 90 97 101 107 109 110 113 120 121 122 140 145 149 151 153
116 1 3 13 15 17 21 22 23 27 28 36 41 55 57 60 61 74 77 84 93 103 109 110 114 123 131 133 135 142 143 147 154 156 157 159
117 3 6 10 21 23 26 27 30 32 33 35 37 39 40 48 56 70 71 75 79 89 92 93 94 95 109 114 119 121 122 123 128 131 136 143 147 157
118 0 8 14 15 22 23 37 41 49 50 58 69 75 81 84 85 93 103 113 120 134 140 141 144 152
119 4 11 14 34 39 46 47 49 50 53 60 65 91 97 99 101 110 117 126 131 135 144 148 153 154
120 4 5 9 12 17 24 38 39 40 42 47 48 51 53 58 59 65 83 85 93 107 111 114 115 118 127 129 131 159
121 1 2 7 9 10 27 31 47 51 58 65 68 72 84 91 100 115 117 122 124 131 137 138 151 157 159
122 6 8 14 17 24 26 27 31 38 42 47 52 53 55 57 62 64 65 69 75 76 88 96 103 110 115 117 121 127 133 139 141 144 147 152 153 156 159
123 5 8 20 21 40 43 58 60 61 80 87 91 97 105 116 117 127 134 142 150 151
124 0 9 13 18 22 42 47 50 52 54 59 68 69 73 83 86 90 93 96 103 108 109 121 133 140 145 156 157
125 11 17 21 28 30 33 34 37 39 42 50 51 55 58 60 65 74 78 81 82 89 99 100 102 107 126 129 130 132 141 144
126 5 13 17 26 27 31 32 41 52 55 57 68 71 74 80 81 84 85 86 94 96 100 103 111 112 119 125 128 136 137 144 146 151 158
127 2 7 9 14 27 33 36 38 51 61 70 92 101 105 109 113 120 122 123 130 133 135 157
128 14 17 19 21 27 30 32 36 42 44 46 54 56 60 61 70 74 77 91 95 98 104 105 107 108 117 126 131 139 141 146
129 2 5 9 11 12 39 43 78 89 97 110 120 125 133 142 147 148
130 0 4 5 13 20 21 41 44 45 52 59 71 73 86 92 93 99 101 113 125 127 133 136 143 148 158
131 6 21 32 36 37 41 44 45 52 53 56 58 63 65 66 70 71 76 79 84 89 102 110 111 116 117 119 120 121 128 134 136 138 139 140 141 146 155
132 2 12 14 16 32 43 47 48 50 54 56 61 62 68 69 71 78 79 80 81 83 87 89 99 100 103 125 135 150 152 156
133 4 12 19 22 23 27 29 30 33 39 40 41 45 50 62 65 78 79 89 91 94 102 109 113 116 122 124 127 129 130 134 144 153 156
134 0 6 13 15 22 25 30 35 55 65 67 102 106 107 109 111 118 123 131 133 138 146 149 151
135 6 20 28 29 32 33 39 43 68 69 70 72 74 77 81 83 100 111 116 119 127 132 143 157
136 17 54 55 56 58 59 72 76 90 98 100 109 112 114 117 126 130 131 137 144 145
137 8 11 12 13 17 19 30 31 35 40 43 51 56 57 66 75 80 81 83 98 104 108 110 121 126 136 144 146 147 155
138 4 12 20 28 32 33 40 41 45 52 53 61 62 68 70 72 77 80 90 92 94 97 102 109 114 121 131 134 142 150 152 153 156
139 9 10 11 16 17 21 24 27 29 30 31 32 40 49 50 51 54 60 64 66 70 73 78 79 84 93 122 128 131 148
140 1 5 11 22 24 36 44 47 51 61 62 68 76 77 78 83 87 89 91 92 106 107 111 115 118 124 131 141 148 155
141 2 3 9 17 28 31 38 47 48 57 60 63 65 87 92 99 103 107 113 118 122 125 128 131 140 147 150 151 155
142 7 11 23 39 43 54 56 70 78 89 90 94 111 113 116 123 129 138 149 150 158
143 0 1 3 9 12 16 21 28 29 30 31 34 35 39 55 76 83 88 90 92 93 96 103 105 106 116 117 130 135
144 2 4 5 18 23 29 30 37 39 40 44 48 54 66 78 79 82 84 106 107 109 118 119 122 125 126 133 136 137 146 148 150 156 159
145 3 8 9 12 17 26 36 44 45 56 60 68 74 85 87 88 101 106 108 115 124 136
146 6 9 10 17 23 28 31 34 36 37 41 43 44 46 47 51 59 62 65 72 74 78 81 88 98 109 126 128 131 134 137 144 148 151 156
147 4 10 13 34 46 47 51 53 57 58 59 72 89 90 98 101 104 106 107 109 113 116 117 122 129 137 141 151
148 1 3 8 9 10 17 19 21 32 41 49 52 53 56 60 61 64 65 71 72 76 83 91 93 113 114 119 129 130 139 140 144 146 158
149 4 10 11 13 18 29 30 32 34 37 39 49 51 57 78 79 83 84 90 93 96 98 104 113 115 134 142 153 154 157
150 5 16 17 23 26 27 30 34 49 52 72 77 88 92 96 99 100 107 108 112 123 132 138 141 142 144 151 159
151 5 6 9 15 23 25 28 29 37 39 42 49 55 56 57 62 64 70 90 94 96 114 115 121 123 126 134 141 146 147 150
152 5 16 19 21 30 32 34 38 51 52 55 64 75 80 81 85 87 93 94 95 99 118 122 132 138 155 159
153 2 6 8 11 16 24 25 32 49 50 55 59 66 67 68 70 84 90 97 101 104 115 119 122 133 138 149
154 0 3 13 26 30 37 46 50 56 79 88 90 106 107 112 116 119 149 157 158
155 0 11 32 36 57 61 62 63 67 70 72 80 82 83 85 95 100 104 105 108 111 113 131 137 140 141 152 159
156 0 7 9 15 17 28 42 55 56 59 67 68 71 72 76 84 96 108 116 122 124 132 133 138 144 146 159
157 6 15 21 25 38 42 43 60 66 67 71 74 80 89 92 93 96 98 99 109 116 117 121 124 127 135 149 154
158 4 5 22 24 34 37 41 46 55 56 63 75 82 86 89 93 94 97 106 108 126 130 142 148 154 159
159 2 8 15 22 27 28 37 44 47 51 53 63 65 72 73 74 88 99 108 111 116 120 121 122 144 150 152 155 156 158
