72 359
0 5 9 12 42 59 63 70
1 3 16 18 22 27 30 39 41 43 49 55 57 59 60 65 66 68
2 3 4 29 36 68
3 1 2 17 20 21 24 26 30 31 36 40 44 67 70
4 2 22 60 71
5 0 6 8 9 11 17 19 23 33 35 40 48 58 65
6 5 31 39 47 48 56 58 60 63
7 20 26 30 36 52 59
8 5 10 16 18 23 36 38 39 46 49 55 63 69 71
9 0 5 30 33 38 54 66 68 71
10 8 19 28 45 48 57 64
11 5 20 22 32 44 61 66 67 69 70
12 0 16 27 31 35 39 47 56 68
13 24 25 27 28 31 41 43 50 56 59 65
14 16 30 39 41 43 44 45 58 59 65 66 68
15 24 33 35 39 42 52 59 63 65 71
16 1 8 12 14 25 27 41 42 53 67
17 3 5 20 21 30 34 36 42 45 51 52
18 1 8 22 35 50 63 65
19 5 10 21 35 38 41 57 61 62 66
20 3 7 11 17 25 27 37 47 63
21 3 17 19 22 32 35 42 58 64
22 1 4 11 18 21 40 45 48 57 70
23 5 8 55 59 64 65
24 3 13 15 32 33 41 43 44 51 62 65
25 13 16 20 29 34 35 42 48 61 68
26 3 7 30 36 39 43 47 58
27 1 12 13 16 20 28 29 30 51 60
28 10 13 27 36 56 58 59 60 64
29 2 25 27 31 34 36 38 40 49 69
30 1 3 7 9 14 17 26 27 31 39 44 53 68
31 3 6 12 13 29 30 32 36 65 66 71
32 11 21 24 31 58 59 60 69 70
33 5 9 15 24 39 49 57 58 67
34 17 25 29 51 53 59
35 5 12 15 18 19 21 25 39 44 50 51 55 59 66 71
36 2 3 7 8 17 26 28 29 31 41
37 20 40 44 47 49 53 64
38 8 9 19 29 57 64 67
39 1 6 8 12 14 15 26 30 33 35 53 54 58 69
40 3 5 22 29 37 63 64
41 1 13 14 16 19 24 36 58 66 69
42 0 15 16 17 21 25 46 47 51 54 55 63 67 69 71
43 1 13 14 24 26 44 51 58 71
44 3 11 14 24 30 35 37 43 48 56 62 68 69
45 10 14 17 22 47 48 55 68 70
46 8 42 55 66
47 6 12 20 26 37 42 45 49 52 60 64 65 68
48 5 6 10 22 25 44 45 51 61 67 71
49 1 8 29 33 37 47 56 61 62
50 13 18 35 52 58
51 17 24 27 34 35 42 43 48
52 7 15 17 47 50 55 56 57 60 63 69 71
53 16 30 34 37 39 56 67 69
54 9 39 42 67 69
55 1 8 23 35 42 45 46 52 58 61 71
56 6 12 13 28 44 49 52 53 59 66 71
57 1 10 19 22 33 38 52 58 60 69 70
58 5 6 14 21 26 28 32 33 39 41 43 50 55 57 61
59 0 1 7 13 14 15 23 28 32 34 35 56
60 1 4 6 27 28 32 47 52 57 61 67 69 71
61 11 19 25 48 49 55 58 60
62 19 24 44 49 66
63 0 6 8 15 18 20 40 42 52
64 10 21 23 28 37 38 40 47 67 69
65 1 5 13 14 15 18 23 24 31 47
66 1 9 11 14 19 31 35 41 46 56 62 69 71
67 3 11 16 33 38 42 48 53 54 60 64 68 69
68 1 2 9 12 14 25 30 44 45 47 67
69 8 11 29 32 39 41 42 44 52 53 54 57 60 64 66 67 70
70 0 3 11 22 32 45 57 69
71 4 8 9 15 31 35 42 43 48 52 55 56 60 66
