55 292
0 4 31 36 38 40 41 49
1 4 9 17 18 19 24 31 39 51
2 5 10 13 15 20 22 23 24 33 35 39 40 47 51 52
3 7 10 15 22 28 40 47 49
4 0 1 7 14 15 18 20 21 23 31 39 40 44 48 51 52 54
5 2 11 12 15 17 18 21 23 24 29 36 41 44 47 48 54
6 8 9 12 36 37 45 49 51 54
7 3 4 14 19 26 29 32 40 42 44
8 6 9 14 16 24 34 52
9 1 6 8 14 20 31 35 48 50 51
10 2 3 14 17 22 26 36 37 45 49 50 51 54
11 5 13 15 16 48 49
12 5 6 17 37 46 49 51 52
13 2 11 15 25 30 32 33 39 52
14 4 7 8 9 10 23 39 42 44
15 2 3 4 5 11 13 24 35 40 41 47
16 8 11 18 22 23 29 37 42 43 47 50 51
17 1 5 10 12 19 24 25 32 34 38 39 49 54
18 1 4 5 16 20 26 28 34 35 45
19 1 7 17 25 27 33 37 41 43 46
20 2 4 9 18 22 27 31 38 51 53
21 4 5 25 31 34 36 49 52
22 2 3 10 16 20 28 30 34 35 38 40 50
23 2 4 5 14 16 26 44 47 50 51 52 53 54
24 1 2 5 8 15 17 25 27 29 31 32 41 42 54
25 13 17 19 21 24 27 30 35 36 47 50 52
26 7 10 18 23 28 36 39 40 49 53
27 19 20 24 25 30 41 42 45 47
28 3 18 22 26 34 38 43 45
29 5 7 16 24 31 32 37 42 43 44 46 51 52 53
30 13 22 25 27 31 37 40 44 48
31 0 1 4 9 20 21 24 29 30 34 35 36 41 42 45 52
32 7 13 17 24 29 33 48 50 54
33 2 13 19 32 42 44 51
34 8 17 18 21 22 28 31 47 48 53
35 2 9 15 18 22 25 31 40 45 54
36 0 5 6 10 21 25 26 31 41 42 53
37 6 10 12 16 19 29 30 48 54
38 0 17 20 22 28 44
39 1 2 4 13 14 17 26 43 46 47
40 0 2 3 4 7 15 22 26 30 35 41 42 46 48 49
41 0 5 15 19 24 27 31 36 40 44 45
42 7 14 16 24 27 29 31 33 36 40 50 52
43 16 19 28 29 39 53
44 4 5 7 14 23 29 30 33 38 41 47
45 6 10 18 27 28 31 35 41 49
46 12 19 29 39 40 49 50
47 2 3 5 15 16 23 25 27 34 39 44 49 51 54
48 4 5 9 11 30 32 34 37 40
49 0 3 6 10 11 12 17 21 26 40 45 46 47 50 53
50 9 10 16 22 23 25 32 42 46 49 52 53
51 1 2 4 6 9 10 12 16 20 23 29 33 47
52 2 4 8 12 13 21 23 25 29 31 42 50 53
53 20 23 26 29 34 36 43 49 50 52
54 4 5 6 10 17 23 24 32 35 37 47
