133 975
0 3 42 45 50 53 61 65 74 80 89 100 102 126
1 8 14 43 49 58 61 63 69 78 81 82 105 106 113 122 124 126 128
2 15 27 41 55 79 80 83 99 102 123
3 0 13 15 39 40 48 60 64 84 95 96 116
4 13 15 19 30 33 44 66 70 71 83 84 86 96 102 111
5 9 10 14 24 48 49 62 64 67 84 90 93 97 123 130
6 14 24 29 34 68 80 84 110 111 113 126 127 129
7 11 12 19 29 33 61 95 112 117 124 126 131
8 1 13 17 34 38 39 41 62 67 70 83 86 87 91 101 108 117 118 122
9 5 11 14 21 23 37 58 77 83 88 91 98 108 123 127 128
10 5 12 15 18 30 32 52 57 67 104 106 107 117 124
11 7 9 16 42 53 67 72 75 76 91 104
12 7 10 34 36 51 72 79 95 97 104 124 131
13 3 4 8 17 28 29 33 35 44 53 71 78 92 110 125 131 132
14 1 5 6 9 17 31 40 41 57 64 66 83 84 86 113 114 118 122
15 2 3 4 10 16 28 34 35 39 61 62 64 67 79 94 102 105 111 113 122 126
16 11 15 19 20 43 52 73 75 76 79 81 84 96 98 99 113 117 118
17 8 13 14 18 28 97 101 113 117 126
18 10 17 37 43 53 59 69 76 98 114 121
19 4 7 16 30 32 38 42 58 61 78 88 111 122 131
20 16 43 61 62 63 93 104 108 110 126
21 9 29 34 45 46 51 54 67 74 77 78 85 92 98 113
22 23 24 34 45 53 68 83 92 93 97 106 108 131
23 9 22 39 42 49 51 57 85 90 93 103 111 112 120 128 132
24 5 6 22 48 52 63 65 67 79 88 91 105 108 123 132
25 27 53 57 66 75 77 81 97 102 105 106 112 125
26 27 35 40 46 52 59 66 81 84 87 94 103 107 110 120 132
27 2 25 26 39 78 81 100 102 103 105 109 125
28 13 15 17 34 35 43 56 65 82 83 84 104 115 121 125 126 127 129 131 132
29 6 7 13 21 35 51 55 60 64 71 78 89 92 94 95 100 102 109 115 121 124
30 4 10 19 60 70 76 83 87 97 99 101 106 107 119 125 129
31 14 33 36 56 68 79 84 85 91 94 97 102 105 112 114 118 119 121 126
32 10 19 43 56 74 86 101 117 129
33 4 7 13 31 43 52 53 65 66 67 74 93 101 106
34 6 8 12 15 21 22 28 67 72 89 90 94 99 119 127 128
35 13 15 26 28 29 60 67 69 76 77 80 81 84 90 97
36 12 31 55 68 81 102 105 113 116 118 120 121
37 9 18 46 82 90 124 131
38 8 19 45 48 61 74 75 77 97 107 125
39 3 8 15 23 27 40 48 57 62 72 84 87 90 95 99 121 125 127
40 3 14 26 39 58 71 80 94 112 114 125
41 2 8 14 44 47 63 85 124 126
42 0 11 19 23 46 48 60 62 66 76 80 87 97 100 102 104 111 116 129
43 1 16 18 20 28 32 33 60 62 69 89 91 100 102 116 117 121 125
44 4 13 41 52 61 63 95 101 105 120
45 0 21 22 38 48 50 61 69 80 82 96 97 102 106 118 128 131
46 21 26 37 42 57 63 91 111 114 118 122 125 126 131
47 41 50 54 56 75 87 93 94 112 125
48 3 5 24 38 39 42 45 49 57 66 67 85 119 126
49 1 5 23 48 73 78 101 118 125 131
50 0 45 47 59 74 89 102 106 113 114 122 132
51 12 21 23 29 54 56 58 59 70 71 80 86 88 97 103 108 112 123 124
52 10 16 24 26 33 44 61 62 66 82 85 90 99 106 108 117 118 121 129
53 0 11 13 18 22 25 33 65 66 93 113 117 130
54 21 47 51 61 88 98 101 113 114 116 128 132
55 2 29 36 60 75 77 81 84 86 89 106 109 124
56 28 31 32 47 51 64 65 72 77 82 84 96 107 112 116
57 10 14 23 25 39 46 48 58 60 65 66 68 90 108 111 114 115 124 125
58 1 9 19 40 51 57 59 67 69 74 76 99 101 113 114 120 127 130 132
59 18 26 50 51 58 64 101 105 106 125 129
60 3 29 30 35 42 43 55 57 67 74 83 88 89 95 113 120 126 131
61 0 1 7 15 19 20 38 44 45 52 54 70 72 79 117
62 5 8 15 20 39 42 43 52 82 89 101 104 113 129
63 1 20 24 41 44 46 68 86 90 101 109 121 128
64 3 5 14 15 29 56 59 74 78 79 93 121
65 0 24 28 33 53 56 57 66 82 91 92 95 103 105 109 112 119 123 132
66 4 14 25 26 33 42 48 52 53 57 65 68 69 88 90 118
67 5 8 10 11 15 21 24 33 34 35 48 58 60 71 76 84 89 97 109 120
68 6 22 31 36 57 63 66 73 77 90 95 111 112
69 1 18 35 43 45 58 66 75 112 113 114 115
70 4 8 30 51 61 76 83 85 94 106 118 124
71 4 13 29 40 51 67 85 99
72 11 12 34 39 56 61 73 74 78 82 85 92 100 102 103 114 129 130
73 16 49 68 72 81 120
74 0 21 32 33 38 50 58 60 64 72 75 77 87 91 100 104 131
75 11 16 25 38 47 55 69 74 111 113 114 116 127
76 11 16 18 30 35 42 58 67 70 91 94 104 106 115 130
77 9 21 25 35 38 55 56 68 74 81 91 114 119 127
78 1 13 19 21 27 29 49 64 72 83 88 92 97 107 108
79 2 12 15 16 24 31 61 64 84 86 101 103 104 115 119
80 0 2 6 35 40 42 45 51 86 98 103
81 1 16 25 26 27 35 36 55 73 77 83 88 101 104 106 126 127 128
82 1 28 37 45 52 56 62 65 72 84 90 113 119 121 123
83 2 4 8 9 14 22 28 30 60 70 78 81 94
84 3 4 5 6 14 16 26 28 31 35 39 55 56 67 79 82 90 94 121
85 21 23 31 41 48 52 70 71 72 88 89 96 99 115
86 4 8 14 32 51 55 63 79 80 116 123 125 129
87 8 26 30 39 42 47 74 94 97 100 112 119 122 128
88 9 19 24 51 54 60 66 78 81 85 100 102 119 120
89 0 29 34 43 50 55 60 62 67 85 123 129
90 5 23 34 35 37 39 52 57 63 66 68 82 84 94 99 109 120 122
91 8 9 11 24 31 43 46 65 74 76 77 110 116
92 13 21 22 29 65 72 78 96 103 104 111 117 126
93 5 20 22 23 33 47 53 64 98 100 128 130
94 15 26 29 31 34 40 47 70 76 83 84 87 90 96 114 119 122
95 3 7 12 29 39 44 60 65 68 123 126 130
96 3 4 16 45 56 85 92 94 99 108 115 126 128
97 5 12 17 22 25 30 31 35 38 42 45 51 67 78 87 116 121 125 129 130
98 9 16 18 21 54 80 93 105 106 115 117 120 127
99 2 16 30 34 39 52 58 71 85 90 96 106 107 119 132
100 0 27 29 42 43 72 74 87 88 93 107 111 122 128
101 8 17 30 32 33 44 49 54 58 59 62 63 79 81 103 106 112 114 123
102 0 2 4 15 25 27 29 31 36 42 43 45 50 72 88 107 121 131
103 23 26 27 51 65 72 79 80 92 101 108 111
104 10 11 12 20 28 42 62 74 76 79 81 92 115 120 123 130 131
105 1 15 24 25 27 31 36 44 59 65 98 109 119 123
106 1 10 22 25 30 33 45 50 52 55 59 70 76 81 98 99 101 108 114 116 118
107 10 26 30 38 56 78 99 100 102 120 121 124 125 129
108 8 9 20 22 24 51 52 57 78 96 103 106 110 120 128 131
109 27 29 55 63 65 67 90 105 121 124 125
110 6 13 20 26 91 108 112 124 131 132
111 4 6 15 19 23 42 46 57 68 75 92 100 103 115 117 118 126 132
112 7 23 25 31 40 47 51 56 65 68 69 87 101 110 117 118 119 130
113 1 6 14 15 16 17 21 36 50 53 54 58 60 62 69 75 82 114 119
114 14 18 31 40 46 50 54 57 58 69 72 75 77 94 101 106 113 132
115 28 29 57 69 76 79 85 96 98 104 111 122 124 130 131
116 3 36 42 43 54 56 75 86 91 97 106 120 129
117 7 8 10 16 17 32 43 52 53 61 92 98 111 112 124 127
118 8 14 16 31 36 45 46 49 52 66 70 106 111 112 130
119 30 31 34 48 65 77 79 82 87 88 94 99 105 112 113 123 126
120 23 26 36 44 58 60 67 73 88 90 98 104 107 108 116 125 126 132
121 18 28 29 31 36 39 43 52 63 64 82 84 97 102 107 109
122 1 8 14 15 19 46 50 87 90 94 100 115
123 2 5 9 24 51 65 82 86 89 95 101 104 105 119
124 1 7 10 12 29 37 41 51 55 57 70 107 109 110 115 117
125 13 25 27 28 30 38 39 40 43 46 47 49 57 59 86 97 107 109 120
126 0 1 6 7 15 17 20 28 31 41 46 48 60 81 92 95 96 111 119 120 127
127 6 9 28 34 39 58 75 77 81 98 117 126 131
128 1 9 23 34 45 54 63 81 87 93 96 100 108
129 6 28 30 32 42 52 59 62 72 86 89 97 107 116
130 5 53 58 72 76 93 95 97 104 112 115 118
131 7 12 13 19 22 28 37 45 46 49 60 74 102 104 108 110 115 127
132 13 23 24 26 28 50 54 58 65 99 110 111 114 120
