154 1727
0 1 2 12 16 46 47 50 53 63 67 71 83 101 107 111 113 115 119 136
1 0 4 5 6 20 36 43 45 48 76 80 86 105 109 114 116 137 140
2 0 16 20 21 41 45 50 56 57 60 63 67 69 73 83 91 100 117 119 127 131
3 16 24 27 29 32 36 40 41 46 62 64 65 70 79 97 98 105 119 133
4 1 7 9 10 17 53 60 81 89 93 95 112 119 131 133 134 136
5 1 25 30 41 43 48 62 80 88 90 91 94 95 101 104 111 118 121 127 133 135 139 149
6 1 17 26 31 33 36 41 53 67 69 79 84 91 92 94 97 112 117 129 134 135 143
7 4 11 14 27 28 32 41 47 48 56 57 66 76 77 82 84 89 92 105 108 111 114 119 131 133 136 145 149
8 12 38 39 40 64 68 74 80 81 86 90 94 104 118 125 151
9 4 14 25 27 50 51 57 61 62 64 79 85 97 102 107 108 113 115 117 125 131 136 141 150
10 4 12 13 17 25 26 32 36 38 44 47 56 57 70 73 75 77 80 85 87 88 92 103 105 112 116 122 151
11 7 12 13 21 22 25 26 29 32 46 48 52 61 65 68 73 74 77 80 81 94 97 116 118 120 147
12 0 8 10 11 22 27 38 49 52 59 65 67 68 75 77 79 87 102 110 119 120 124 127 141 144 149 150
13 10 11 16 26 27 30 35 37 39 41 47 75 85 87 100 102 110 113 135 142 151
14 7 9 44 53 64 66 74 75 80 88 91 113 115 118 121 122 123 139
15 17 18 43 46 49 55 61 69 78 83 91 93 95 117 122 125 128 130 152
16 0 2 3 13 18 28 38 40 42 44 50 53 57 61 65 67 68 76 84 94 98 105 117 120 149 151
17 4 6 10 15 22 23 26 30 35 44 46 50 52 55 69 86 93 95 101 112 115 116 124 132 137 142 146
18 15 16 32 38 50 57 58 59 60 62 69 73 74 80 95 98 128 137 140 144 146 153
19 22 30 36 40 44 60 66 75 76 85 91 104 106 112 113 115 120 121 122 128 131 132 137 144 152 153
20 1 2 40 44 50 64 72 73 77 98 101 108 122 123 143 144 149 151
21 2 11 22 23 24 27 32 40 48 59 69 71 78 85 90 92 117 128 131
22 11 12 17 19 21 26 39 41 42 52 68 71 72 73 76 106 110 126 131 136 143 148
23 17 21 24 37 49 59 60 70 73 82 88 92 97 108 111 112 115 119 123 128 136 137 145
24 3 21 23 33 34 36 40 47 48 54 69 72 78 86 92 118 121 122 123 131 142 147
25 5 9 10 11 32 33 36 43 53 55 56 62 64 72 73 78 91 103 129 151 152
26 6 10 11 13 17 22 43 49 57 69 71 78 85 96 101 103 123 124 130 141 150 151
27 3 7 9 12 13 21 28 35 40 45 47 54 61 63 74 76 83 84 88 90 99 113 120 125 129 136 137 147
28 7 16 27 29 31 40 43 46 48 94 104 106 139 142 143 153
29 3 11 28 34 35 38 41 43 54 56 70 76 81 88 92 101 105 120 123 133 149
30 5 13 17 19 31 54 62 73 74 75 79 80 85 86 87 89 90 93 96 97 107 109 110 115 117 122 123 127 135 145 148
31 6 28 30 32 65 67 71 80 82 86 87 90 94 106 116 127 131 143
32 3 7 10 11 18 21 25 31 34 43 47 50 58 64 65 78 81 84 88 101 111 130 136 138 139 141 144 145 153
33 6 24 25 34 42 52 56 58 64 67 74 79 86 87 98 108 126 129 148 150
34 24 29 32 33 68 78 82 87 93 101 103 106 109 110 111 113 115 120 121 126 129 132 133 138 139 153
35 13 17 27 29 36 38 43 46 58 64 68 70 79 91 92 110 114 135 140 146 148
36 1 3 6 10 19 24 25 35 40 48 56 77 85 89 90 115 125 128 129 138 145 146
37 13 23 41 46 50 55 59 66 82 85 86 88 95 96 102 106 116 118 131 136 150 151
38 8 10 12 16 18 29 35 55 64 67 83 87 91 92 101 105 118 138 139 141 148
39 8 13 22 41 42 46 51 56 57 71 73 78 86 89 90 92 104 121 125 127 140 150 151
40 3 8 16 19 20 21 24 27 28 36 63 77 89 94 100 106 116 117 119 137 146 151
41 2 3 5 6 7 13 22 29 37 39 43 46 54 58 64 89 96 101 111 120 124 133 139 142 149 151 153
42 16 22 33 39 51 54 57 61 68 76 78 87 96 106 112 113 117 123 124 128 147 151 152
43 1 5 15 25 26 28 29 32 35 41 45 55 73 75 81 82 83 86 91 94 120 126 128 131 138 145
44 10 14 16 17 19 20 54 85 89 97 111 123 128 144
45 1 2 27 43 46 66 67 68 85 89 103 105 106 109 123 128 130 133 136 137 143 147 148 149
46 0 3 11 15 17 28 35 37 39 41 45 79 82 96 111 114 117 119 120 123 125 143 151
47 0 7 10 13 24 27 32 51 66 67 72 84 89 91 92 93 97 111 128 132 151
48 1 5 7 11 21 24 28 36 54 68 79 80 82 83 87 98 106 110 111 113 114 117 132 133 134 145 148
49 12 15 23 26 65 67 80 82 86 107 109 113 118 121 124 125 132 133 134 136
50 0 2 9 16 17 18 20 32 37 54 67 72 75 89 94 102 108 113 123 126 127 137 143 146 147
51 9 39 42 47 61 62 67 70 74 85 95 112 113 123 124 130 135 137 138
52 11 12 17 22 33 63 95 105 120 121 123 125 133 135 136 137 139 143
53 0 4 6 14 16 25 59 64 69 76 91 97 105 110 111 112 113 123 125 127 129 131 146 149 150 152
54 24 27 29 30 41 42 44 48 50 59 61 64 85 86 88 98 124 136 142 146 150
55 15 17 25 37 38 43 63 65 67 80 83 85 95 97 111 115 123 126 129 133 136 145 149
56 2 7 10 25 29 33 36 39 61 64 66 67 73 75 88 93 95 105 114 126 140 145 148
57 2 7 9 10 16 18 26 39 42 63 68 78 81 85 89 92 93 103 106 109 112 113 115 122 135 136 140 141 143 144 147 152
58 18 32 33 35 41 60 76 83 107 120 122 128 130 140 143 146 148 152
59 12 18 21 23 37 53 54 63 72 74 80 83 84 85 105 107 108 121 122 124 125 129 132 133
60 2 4 18 19 23 58 65 71 90 91 99 106 120 121 123 131 135
61 9 11 15 16 27 42 51 54 56 69 78 82 83 85 87 102 107 115 138 140 141
62 3 5 9 18 25 30 51 63 64 69 73 76 92 102 108 109 110 111 117 134 136 144 145
63 0 2 27 40 52 55 57 59 62 65 85 87 92 94 106 108 115 117 119 124 133 140 143
64 3 8 9 14 20 25 32 33 35 38 41 53 54 56 62 66 77 84 89 99 103 111 126 131 145 151
65 3 11 12 16 31 32 49 55 60 63 98 109 113 115 123 128 129 144 147 150 151
66 7 14 19 37 45 47 56 64 67 71 87 89 106 110 111 112 122 129 133 136 139 141 143 144 150
67 0 2 6 12 16 31 33 38 45 47 49 50 51 55 56 66 74 75 83 86 98 107 126 129 134 140 144
68 8 11 12 16 22 34 35 42 45 48 57 74 106 108 120 122 126 127 143 146
69 2 6 15 17 18 21 24 26 53 61 62 73 77 92 97 100 112 126 127 128 133 135 140 148 150 153
70 3 10 23 29 35 51 79 81 82 85 88 89 100 103 104 116 125
71 0 21 22 26 31 39 60 66 73 74 80 83 86 88 89 103 109 115 122 125 127 128 132 150
72 20 22 24 25 47 50 59 103 107 109 116 119 124 130 131 139 146
73 2 10 11 18 20 22 23 25 30 39 43 56 62 69 71 74 87 88 103 111 118 134 142
74 8 11 14 18 27 30 33 51 59 67 68 71 73 76 79 89 90 95 96 98 100 109 110 126 129 140
75 10 12 13 14 19 30 43 50 56 67 81 93 95 97 101 103 111 123 134 135 143 144 145
76 1 7 16 19 22 27 29 42 53 58 62 74 90 91 104 134 136 151
77 7 10 11 12 20 36 40 64 69 86 87 88 97 106 107 114 126 131 134 138 142 152
78 15 21 24 25 26 32 34 39 42 57 61 82 87 89 90 91 97 103 107 111 117 121 122
79 3 6 9 12 30 33 35 46 48 70 74 102 107 115 125 130 137 141
80 1 5 8 10 11 14 18 30 31 48 49 55 59 71 82 91 93 99 103 109 118 129 133 134 139 148 150
81 4 8 11 29 32 43 57 70 75 84 91 92 97 99 100 115 121 132 140 142 150 151
82 7 23 31 34 37 43 46 48 49 61 70 78 80 93 108 112 113 114 119 120 121 133 137 141 144 148
83 0 2 15 27 38 43 48 55 58 59 61 67 71 96 108 111 129 138 139 140 144 148
84 6 7 16 27 32 47 59 64 81 88 92 96 101 107 110 111 116 130 141 145 147 152
85 9 10 13 19 21 26 30 36 37 44 45 51 54 55 57 59 61 63 70 89 91 97 104 105 107 115 118 125 127 134 149
86 1 8 17 24 30 31 33 37 39 43 49 54 67 71 77 91 104 109 111 113 120 133 138 146 149
87 10 12 13 30 31 33 34 38 42 48 61 63 66 73 77 78 95 102 103 104 107 110 112 113 115 118 119 120 121 135 137 141 150 153
88 5 10 14 23 27 29 32 37 54 56 70 71 73 77 84 91 98 104 116 137
89 4 7 30 36 39 40 41 44 45 47 50 57 64 66 70 71 74 78 85 90 97 102 124 126 127 140
90 5 8 21 27 30 31 36 39 60 74 76 78 89 99 109 113 118 130 136 146 152 153
91 2 5 6 14 15 19 25 35 38 43 47 53 60 76 78 80 81 85 86 88 99 112 129 151
92 6 7 10 21 23 24 29 35 38 39 47 57 62 63 69 81 84 96 105 123 138 145 149
93 4 15 17 30 34 47 56 57 75 80 82 97 98 102 108 114 117 123 127 136 142 145 146
94 5 6 8 11 16 28 31 40 43 50 63 97 99 104 114 122 124 130 143
95 4 5 15 17 18 37 51 52 55 56 74 75 87 101 114 117 125 129 132 138
96 26 30 37 41 42 46 74 83 84 92 98 102 112 115 126 129 142
97 3 6 9 11 23 30 44 47 53 55 69 75 77 78 81 85 89 93 94 99 106 115 119 126 132 139 145
98 3 16 18 20 33 48 54 65 67 74 88 93 96 107 110 120 151 153
99 27 60 64 80 81 90 91 94 97 118 121 122 123 137 143 146 148 150
100 2 13 40 69 70 74 81 101 109 117 120 134 143 147 153
101 0 5 17 20 26 29 32 34 38 41 75 84 95 100 112 113 127
102 9 12 13 37 50 61 62 79 87 89 93 96 105 107 110 118 119 120 122 126 128 130 131 132 136 142
103 10 25 26 34 45 57 64 70 71 72 73 75 78 80 87 109 111 112 113 118 120 135 146 148
104 5 8 19 28 39 70 76 85 86 87 88 94 107 113 115 117 118 122 132 147 149
105 1 3 7 10 16 29 38 45 52 53 56 59 85 92 102 113 142
106 19 22 28 31 34 37 40 42 45 48 57 60 63 66 68 77 97 108 109 117 121 142
107 0 9 30 49 58 59 61 67 72 77 78 79 84 85 87 98 102 104 108 119 133 140 145 147 151
108 7 9 20 23 33 50 59 62 63 68 82 83 93 106 107 109 111 115 120 121 123 124 127 145 148 149
109 1 30 34 45 49 57 62 65 71 72 74 80 86 90 100 103 106 108 119 123 128 131 132 138
110 12 13 22 30 34 35 48 53 62 66 74 84 87 98 102 113 116 119 120 133 135
111 0 5 7 23 32 34 41 44 46 47 48 53 55 62 64 66 73 75 78 83 84 86 103 108 114 123 134 148 149 151
112 4 6 10 17 19 23 42 51 53 57 66 69 82 87 91 96 101 103 114 135 148
113 0 9 13 14 19 27 34 42 48 49 50 51 53 57 65 82 86 87 90 101 103 104 105 110 116 123 129 134 142
114 1 7 35 46 48 56 77 82 93 94 95 111 112 125 139 140 142 146
115 0 9 14 17 19 23 30 34 36 55 57 61 63 65 71 79 81 85 87 96 97 104 108 119 120 127 139 152 153
116 1 10 11 17 31 37 40 70 72 84 88 110 113 118 119 126 137 143 145
117 2 6 9 15 16 21 30 40 42 46 48 62 63 78 93 95 100 104 106 123 128 136 143
118 5 8 11 14 24 37 38 49 73 80 85 87 90 99 102 103 104 116 125 142 144
119 0 2 3 4 7 12 23 40 46 63 72 82 87 97 102 107 109 110 115 116 125 133 134 135 140 142 146
120 11 12 16 19 27 29 34 41 43 46 52 58 60 68 82 86 87 98 100 102 103 108 110 115 121 129 133 135 138 145
121 5 14 19 24 34 39 49 52 59 60 78 81 82 87 99 106 108 120 124 132 134 135 141 142 146 148 152
122 10 14 15 19 20 24 30 57 58 59 66 68 71 78 94 99 102 104 125 143 148
123 14 20 23 24 26 29 30 42 44 45 46 50 51 52 53 55 60 65 75 92 93 99 108 109 111 113 117 137 147 152
124 12 17 26 41 42 49 51 54 59 63 72 89 94 108 121 136 145 150 153
125 8 9 15 27 36 39 46 49 52 53 59 70 71 79 85 95 114 118 119 122 133 137 150
126 22 33 34 43 50 55 56 64 67 68 69 74 77 89 96 97 102 116 134 139 143 148
127 2 5 12 30 31 39 50 53 68 69 71 85 89 93 101 108 115 132 133 136 137 138
128 15 18 19 21 23 36 42 43 44 45 47 58 65 69 71 102 109 117 132 151 153
129 6 25 27 33 34 36 53 55 59 65 66 67 74 80 83 91 95 96 113 120 148 149
130 15 26 32 45 51 58 72 79 84 90 94 102 133 137 139
131 2 4 7 9 19 21 22 24 31 37 43 53 60 64 72 77 102 109 136 138 145 147 153
132 17 19 34 47 48 49 59 71 81 95 97 102 104 109 121 127 128 135 150 153
133 3 4 5 7 29 34 41 45 48 49 52 55 59 63 66 69 80 82 86 107 110 119 120 125 127 130 135
134 4 6 48 49 62 67 73 75 76 77 80 85 100 111 113 119 121 126 139 146 147
135 5 6 13 30 35 51 52 57 60 69 75 87 103 110 112 119 120 121 132 133 141
136 0 4 7 9 22 23 27 32 37 45 49 52 54 55 57 62 66 76 90 93 102 117 124 127 131 148 153
137 1 17 18 19 23 27 40 45 50 51 52 79 82 87 88 99 116 123 125 127 130 138 142 151 152
138 32 34 36 38 43 51 61 77 83 86 92 95 109 120 127 131 137 145 149
139 5 14 28 32 34 38 41 52 66 72 80 83 97 114 115 126 130 134 147 149
140 1 18 35 39 56 57 58 61 63 67 69 74 81 83 89 107 114 119
141 9 12 26 32 38 57 61 66 79 82 84 87 121 135 144 151
142 13 17 24 28 41 54 73 77 81 93 96 102 105 106 113 114 118 119 121 137 143 145 150
143 6 20 22 28 31 45 46 50 52 57 58 63 66 68 75 94 99 100 116 117 122 126 142 148
144 12 18 19 20 32 44 57 62 65 66 67 75 82 83 118 141
145 7 23 30 32 36 43 48 55 56 62 64 75 84 92 93 97 107 108 116 120 124 131 138 142 147 151 153
146 17 18 35 36 40 50 53 54 58 68 72 86 90 93 99 103 114 119 121 134 151
147 11 24 27 42 45 50 57 65 84 100 104 107 123 131 134 139 145 152 153
148 22 30 33 35 38 45 48 56 58 69 80 82 83 99 103 108 111 112 121 122 126 129 136 143
149 5 7 12 16 20 29 41 45 53 55 85 86 92 104 108 111 129 138 139
150 9 12 26 33 37 39 53 54 65 66 69 71 80 81 87 99 124 125 132 142
151 8 10 13 16 20 25 26 37 39 40 41 42 46 47 64 65 76 81 91 98 107 111 128 137 141 145 146 152
152 15 19 25 42 53 57 58 77 84 90 115 121 123 137 147 151
153 18 19 28 32 34 41 69 87 90 98 100 115 124 128 131 132 136 145 147
