142 2302
0 2 3 5 9 12 17 18 20 21 23 27 28 35 41 49 52 56 57 62 89 95 98 100 106 107 118 122 127
1 2 3 13 16 17 18 21 32 47 49 53 55 56 60 63 66 77 80 88 90 95 101 107 113 114 116 122 123 124 136 140 141
2 0 1 5 11 14 16 30 33 34 39 43 45 46 48 62 65 67 71 78 81 84 87 96 104 112 116 120 122 125 132 137
3 0 1 10 12 17 22 23 24 28 30 32 33 37 40 45 52 53 67 75 77 79 81 82 85 101 102 105 109 114 116 127 128 130 134
4 6 9 12 13 14 18 21 25 29 33 36 44 61 66 73 75 76 81 83 86 91 93 94 99 100 104 105 106 108 115 120 127 130 131 135
5 0 2 6 8 19 25 26 29 35 38 39 46 49 50 57 67 72 84 92 101 103 113 114 115 124 129 138
6 4 5 9 10 11 13 16 18 20 23 33 35 44 45 52 55 60 62 64 79 81 86 93 100 104 109 111 118 124 125 126 130 140
7 9 11 13 17 18 19 21 24 27 30 35 36 37 41 54 55 64 65 67 80 87 88 89 94 96 97 100 102 104 105 107 109 118 125 126 128 129 130 131 137 141
8 5 19 23 27 34 37 38 40 44 47 48 49 60 66 74 77 78 87 89 90 91 93 97 99 102 106 111 115 120 126 130 131 136 141
9 0 4 6 7 14 20 28 45 49 52 53 67 81 89 93 94 100 112 113 115 116 117 123 126 130 138
10 3 6 11 17 24 27 28 37 41 48 51 55 57 65 72 77 79 82 99 100 110 122 132 134 135 136
11 2 6 7 10 20 22 31 38 40 44 46 47 48 51 53 57 60 64 70 75 76 78 80 84 90 92 95 100 103 105 106 107 108 116 129 130 139
12 0 3 4 13 14 25 26 32 37 39 51 55 56 57 58 63 65 68 70 71 72 73 74 77 81 82 87 91 92 96 98 100 104 111 118 123 124 128 139
13 1 4 6 7 12 14 20 27 35 38 45 46 54 71 72 73 75 77 80 83 87 89 90 95 100 104 109 112 114 120 129 131 134 136 138
14 2 4 9 12 13 15 16 18 20 21 25 26 28 29 34 35 45 47 50 58 59 60 62 63 64 66 80 85 86 91 94 95 107 110 111 117 124 125 126 127 130 131 135
15 14 22 23 25 35 36 38 40 45 49 53 55 57 62 65 71 72 74 78 81 82 89 91 92 96 101 104 106 107 110 119 126 135
16 1 2 6 14 17 21 36 38 40 46 48 52 58 59 64 66 68 73 77 81 83 85 87 91 92 94 96 100 104 105 117 119 128 135
17 0 1 3 7 10 16 21 32 37 40 42 45 47 53 55 56 57 64 69 70 71 73 76 77 78 82 83 84 86 88 91 93 94 101 102 108 111 126 131 133 134 141
18 0 1 4 6 7 14 19 21 23 26 33 43 51 57 69 70 72 78 81 84 85 86 90 96 102 104 107 129 132 135
19 5 7 8 18 25 26 32 40 44 45 54 61 62 66 68 73 75 83 84 87 92 93 94 96 97 98 99 110 122 130 134 136 139
20 0 6 9 11 13 14 22 23 41 47 52 65 67 71 72 78 85 87 93 97 99 100 101 108 109 111 113 118 119 120 124 129 133 134 136 137
21 0 1 4 7 14 16 17 18 23 27 35 37 39 47 49 60 61 70 73 75 81 82 86 87 96 104 105 112 114 116 121 122 128 136
22 3 11 15 20 23 29 42 44 49 54 58 61 62 66 70 71 76 77 80 81 83 84 93 101 103 105 112 115 118 123 132 133 136 138
23 0 3 6 8 15 18 20 21 22 26 44 49 50 54 55 59 61 63 65 67 68 71 72 73 77 79 82 86 87 91 93 99 103 105 106 107 109 113 122 123 125 137
24 3 7 10 26 31 37 40 51 52 58 59 62 64 71 72 73 81 84 85 97 98 100 103 104 108 110 119 123 125 131 132 133 140
25 4 5 12 14 15 19 28 30 31 34 43 45 46 50 61 62 64 67 69 82 91 100 115 116 119 122 123 129 131 133 135 137
26 5 12 14 18 19 23 24 33 36 40 42 68 70 72 74 83 88 90 91 98 103 110 112 124 125 131
27 0 7 8 10 13 21 37 38 40 46 50 56 57 60 65 70 71 74 78 81 82 85 91 94 104 107 108 114 115 116 118 120 123 126 129 131 138 140
28 0 3 9 10 14 25 29 30 33 41 44 54 58 64 69 75 76 78 82 83 84 89 90 97 101 110 118 129 133
29 4 5 14 22 28 30 39 40 49 54 59 63 65 67 74 81 85 89 90 97 108 109 115 138
30 2 3 7 25 28 29 31 38 40 45 50 55 65 66 68 70 75 76 77 80 83 84 96 99 102 111 112 113 119 121 123 124 125 127 131 135 137 138 139
31 11 24 25 30 32 35 46 50 53 54 68 73 82 83 93 95 96 106 117 126 127 132
32 1 3 12 17 19 31 37 38 41 44 46 50 56 59 68 71 80 81 82 86 95 98 104 106 108 111 115 117 118 119 122 123 126 128 129 133 138 139
33 2 3 4 6 18 26 28 38 41 46 51 54 55 56 63 66 67 68 74 76 83 108 118 121 134 135 138 140
34 2 8 14 25 38 45 46 48 56 59 60 62 68 74 76 81 84 87 92 94 104 110 120 123 127 132 140
35 0 5 6 7 13 14 15 21 31 38 47 48 51 52 53 57 62 65 74 76 77 79 83 85 87 91 98 101 105 108 114 115 117 119 123 127 129 130 137 140
36 4 7 15 16 26 37 39 43 45 50 52 54 57 60 61 66 70 79 86 88 90 93 105 106 112 113 115 126 135 137
37 3 7 8 10 12 17 21 24 27 32 36 39 40 42 43 45 47 50 56 57 61 64 71 76 77 79 80 85 89 90 95 97 104 105 109 114 118 127 129 131 132 136 139 141
38 5 8 11 13 15 16 27 30 32 33 34 35 39 40 50 63 65 69 70 74 75 76 82 91 92 93 108 114 124 130 134 137
39 2 5 12 21 29 36 37 38 40 48 50 52 61 69 70 72 77 82 83 84 90 100 102 105 111 113 114 123 132 133 137 138
40 3 8 11 15 16 17 19 24 26 27 29 30 37 38 39 41 43 45 54 58 73 78 80 81 90 103 113 117 118 119 122 128 129 134 138 140 141
41 0 7 10 20 28 32 33 40 42 43 47 53 58 73 77 78 91 92 98 99 124 133 134 139
42 17 22 26 37 41 48 49 50 53 56 59 69 72 73 80 81 90 96 104 109 110 112 113 116 122 123 141
43 2 18 25 36 37 40 41 50 61 66 68 69 73 77 82 84 87 91 105 115 116 119 120 124 139
44 4 6 8 11 19 22 23 28 32 53 56 58 59 68 70 78 80 81 83 84 86 91 96 104 108 111 113 119 120 130 135 139
45 2 3 6 9 13 14 15 17 19 25 30 34 36 37 40 52 67 78 79 84 90 96 106 112 113 115 116 119 127 132 133 135
46 2 5 11 13 16 25 27 31 32 33 34 47 50 62 65 66 67 69 77 79 86 87 89 98 104 111 112 119 127 128 131 133 140 141
47 1 8 11 14 17 20 21 35 37 41 46 48 49 56 72 73 75 81 88 95 102 107 111 122 128 131 132 136 140
48 2 8 10 11 16 34 35 39 42 47 52 54 65 67 83 87 90 91 92 93 101 104 117 122 136 139
49 0 1 5 8 9 15 21 22 23 29 42 47 54 57 59 83 93 96 97 103 108 111 113 114 122 127 128 129 135
50 5 14 23 25 27 30 31 32 36 37 38 39 42 43 46 54 55 56 59 62 64 68 69 71 72 76 79 82 83 85 93 104 110 112 116 120 124 125 135
51 10 11 12 18 24 33 35 53 60 69 75 79 82 83 88 111 117 120 129
52 0 3 6 9 16 20 24 35 36 39 45 48 57 75 80 83 86 87 88 89 94 98 100 103 108 113 115 118 123 127 131 134 139 141
53 1 3 9 11 15 17 31 35 41 42 44 51 56 61 67 70 72 81 83 85 94 97 99 105 107 110 118 124 125 129 138 140
54 7 13 19 22 23 28 29 31 33 36 40 48 49 50 58 63 64 75 82 92 95 107 111 117 120 123 125 128 137 140
55 1 6 7 10 12 15 17 23 30 33 50 57 69 71 77 83 85 86 87 90 91 92 93 94 96 103 106 114 116 117 123 129 130 131 133 134 135 137 141
56 0 1 12 17 27 32 33 34 37 42 44 47 50 53 57 60 66 71 72 74 77 78 80 81 86 93 98 99 103 105 107 111 119 121 123 124 130 137
57 0 5 10 11 12 15 17 18 27 35 36 37 49 52 55 56 67 74 78 81 92 94 97 99 103 109 110 114 122 125 130 133 134
58 12 14 16 22 24 28 40 41 44 54 60 62 68 69 74 82 86 117 118 120 126 131 133 134 137 138 141
59 14 16 23 24 29 32 34 42 44 49 50 62 63 66 67 68 69 70 73 80 90 92 93 105 109 110 111 117 128 135
60 1 6 8 11 14 21 27 34 36 51 56 58 64 69 70 72 73 74 78 81 84 88 92 93 99 100 106 107 108 114 115 117 119 120 123 127 137 138
61 4 19 21 22 23 25 36 37 39 43 53 72 73 76 78 79 83 90 105 110 112 113 134
62 0 2 6 14 15 19 22 24 25 34 35 46 50 58 59 66 71 75 76 87 91 92 94 95 98 100 104 114 122 126 134 136
63 1 12 14 23 29 33 38 54 59 64 73 76 84 85 93 97 99 100 110 118 125 129 132 139
64 6 7 11 14 16 17 24 25 28 37 50 54 60 63 67 69 82 91 97 100 102 112 115 120 129 131 133 135
65 2 7 10 12 15 20 23 27 29 30 35 38 46 48 66 73 84 88 98 101 102 103 106 112 114 116 125 135 136 138 140
66 1 4 8 14 16 19 22 30 33 36 43 46 56 59 62 65 68 75 79 83 88 89 91 93 97 103 105 107 113 116 122 124 127 130 133
67 2 3 5 7 9 20 23 25 29 33 45 46 48 53 57 59 64 68 69 73 75 77 79 82 83 84 87 89 95 97 101 107 117 120 122 135 137
68 12 16 19 23 26 30 31 32 33 34 43 44 50 58 59 66 67 73 74 77 78 82 85 88 91 94 101 109 121 124 125 127 131 134
69 17 18 25 28 38 39 42 43 46 50 51 55 58 59 60 64 67 77 79 87 88 93 95 96 97 107 109 113 114 117 118 123 127 136
70 11 12 17 18 21 22 26 27 30 36 38 39 44 53 59 60 80 84 92 105 107 114 115 120 126 127 128 130 132
71 2 12 13 15 17 20 22 23 24 27 32 37 50 55 56 62 73 78 79 80 86 89 96 98 99 103 114 123 126 127 138 141
72 5 10 12 13 15 18 20 23 24 26 39 42 47 50 53 56 60 61 74 75 82 84 95 101 102 114 119 128 141
73 4 12 13 16 17 19 21 23 24 31 40 41 42 43 47 59 60 61 63 65 67 68 71 74 75 76 84 85 87 94 100 102 108 114 117 125 130 134 138 140 141
74 8 12 15 26 27 29 33 34 35 38 56 57 58 60 68 72 73 75 82 84 86 90 92 98 106 110 111 112 119 125 126 135 136 140
75 3 4 11 13 19 21 28 30 38 47 51 52 54 62 66 67 72 73 74 84 103 106 107 112 116 117 118 125 127 130 134 137 138 139 140
76 4 11 17 22 28 30 33 34 35 37 38 50 61 62 63 73 77 78 81 88 91 93 94 97 101 107 109 110 113 117 126 127 134 138
77 1 3 8 10 12 13 16 17 22 23 30 35 37 39 41 43 46 55 56 67 68 69 76 80 81 83 89 90 93 95 98 102 104 111 112 117 126 127 134 137
78 2 8 11 15 17 18 20 27 28 40 41 44 45 56 57 60 61 68 71 76 82 85 86 92 95 96 107 108 109 110 113 114 116 118 119 134 139
79 3 6 10 23 35 36 37 45 46 50 51 61 66 67 69 71 85 90 91 95 104 105 108 109 112 114 117 126 127 132 134 135 141
80 1 7 11 13 14 22 30 32 37 40 42 44 52 56 59 70 71 77 81 82 84 88 90 91 92 97 101 108 110 117 118 120 130 132 138
81 2 3 4 6 9 12 15 16 18 21 22 24 27 29 32 34 40 42 44 47 53 56 57 60 76 77 80 84 91 92 99 105 129 132 133 137 139 140
82 3 10 12 15 17 21 23 25 27 28 31 32 38 39 43 50 51 54 58 64 67 68 72 74 78 80 89 90 95 99 101 106 110 131 133 140
83 4 13 16 17 19 22 26 28 30 31 33 35 39 44 48 49 50 51 52 53 55 61 66 67 77 85 86 87 91 98 101 104 114 118 124 126 132 135
84 2 5 11 17 18 19 22 24 28 30 34 39 43 44 45 60 63 65 67 70 72 73 74 75 80 81 85 86 88 92 96 100 103 106 108 109 110 119 121 122 127 130 131
85 3 14 16 18 20 24 27 29 35 37 50 53 55 63 68 73 78 79 83 84 86 87 90 101 102 106 110 111 116 118 123 130 135 139
86 4 6 14 17 18 21 23 32 36 44 46 52 55 56 58 71 74 78 83 84 85 92 93 102 107 108 119 125 128 129 131 132 133 138 139
87 2 7 8 12 13 16 19 20 21 23 34 35 43 46 48 52 55 62 67 69 73 83 85 92 108 110 112 116 122 124 128 132 134 135
88 1 7 17 26 36 47 51 52 60 65 66 68 69 76 80 84 94 96 104 108 110 114 125 131 132 138 140
89 0 7 8 9 13 15 28 29 37 46 52 66 67 71 77 82 94 98 102 104 108 110 125 127 137 140
90 1 8 11 13 18 26 28 29 36 37 39 40 42 45 48 55 59 61 74 77 79 80 82 85 91 100 107 111 117 118 119 123 127 132 136 138 141
91 4 8 12 14 15 16 17 23 25 26 27 35 38 41 43 44 48 55 62 64 66 68 76 79 80 81 83 90 94 96 99 104 110 115 119 130 136
92 5 11 12 15 16 19 34 38 41 48 54 55 57 59 60 62 70 74 78 80 81 84 86 87 96 97 102 104 106 109 114 115 116 120 121 133 138 139
93 4 6 8 9 17 19 20 22 23 31 36 38 48 49 50 55 56 59 60 63 66 69 76 77 86 95 96 97 102 113 119 121 124 128 129 133 134 138 139
94 4 7 9 14 16 17 19 27 34 52 53 55 57 62 68 73 76 88 89 91 106 109 112 117 119 121 127 130 133 135 138
95 0 1 11 13 14 31 32 37 47 54 62 67 69 72 77 78 79 82 93 96 100 101 107 109 110 114 115 117 118 119 122 123 124 125 126 127 133 138 141
96 2 7 12 15 16 18 19 21 30 31 42 44 45 49 55 69 71 78 84 88 91 92 93 95 103 104 106 108 115 120 124 126 128 130 135 140
97 7 8 19 20 24 28 29 37 49 53 57 63 64 66 67 69 76 80 92 93 108 109 110 111 115 116 118 119 122 140
98 0 12 19 24 26 32 35 41 46 52 56 62 65 71 74 77 83 89 104 114 118 129 131 134 138
99 4 8 10 19 20 23 30 41 53 56 57 60 63 71 81 82 91 108 109 110 114 115 129 134 137
100 0 4 6 7 9 10 11 12 13 16 20 24 25 39 52 60 62 63 64 73 84 90 95 102 111 115 116 118 121 126 129
101 1 3 5 15 17 20 22 28 35 48 65 67 68 72 76 80 82 83 85 95 109 112 125 126 131 134 139
102 3 7 8 17 18 30 39 47 64 65 72 73 77 85 86 89 92 93 100 103 105 106 108 110 117 119 121 125 128 141
103 5 11 22 23 24 26 40 49 52 55 56 57 65 66 71 75 84 96 102 118 126 128 131 135 137
104 2 4 6 7 12 13 15 16 18 21 24 27 32 34 37 42 44 46 48 50 62 77 79 83 88 89 91 92 96 98 107 112 113 118 126 132 137
105 3 4 7 11 16 21 22 23 35 36 37 39 43 53 56 59 61 66 70 79 81 102 120 124 130 132 133 137 138 139
106 0 4 8 11 15 23 31 32 36 45 55 60 65 74 75 82 84 85 92 94 96 102 115 124 131 136
107 0 1 7 11 14 15 18 23 27 47 53 54 56 60 66 67 69 70 75 76 78 86 90 95 104 110 112 113 116 124 136 139 141
108 4 11 17 20 24 27 29 32 33 35 38 44 49 52 60 73 78 79 80 84 86 87 88 89 96 97 99 102 123 125 131 135 136 137 138 141
109 3 6 7 13 20 23 29 37 42 57 59 68 69 76 78 79 84 92 94 95 97 99 101 111 112 115 129 132 133 134 135
110 10 14 15 19 24 26 28 34 42 50 53 57 59 61 63 74 76 78 80 82 84 85 87 88 89 91 95 97 99 102 107 111 116 117 120 128 140 141
111 6 8 12 14 17 20 30 32 39 44 46 47 49 51 54 56 59 74 77 85 90 97 100 109 110 121 123 128 138 141
112 2 9 13 21 22 26 30 36 42 45 46 50 61 64 65 74 75 77 79 87 94 101 104 107 109 122 124 131 135 141
113 1 5 9 20 23 30 36 39 40 42 44 45 49 52 61 66 69 76 78 93 104 107 117 118 119 122 126 127 129 132
114 1 3 5 13 21 27 35 37 38 39 49 55 57 60 62 65 69 70 71 72 73 78 79 83 88 92 95 98 99 118 119 133
115 4 5 8 9 22 25 27 29 32 35 36 43 45 52 60 64 70 91 92 95 96 97 99 100 106 109 126 135 137
116 1 2 3 9 11 21 25 27 42 43 45 50 55 65 66 75 78 85 87 92 97 100 107 110 122 124 125 128 129 131 132 136
117 9 14 16 31 32 35 40 48 51 54 55 58 59 60 67 69 73 75 76 77 79 80 90 94 95 102 110 113 119 121 124 128 129 130 131 134 141
118 0 6 7 12 20 22 27 28 32 33 37 40 52 53 58 63 69 75 78 80 83 85 90 95 97 98 100 103 104 113 114 119 120 121 123 132 136 138 139
119 15 16 20 24 25 30 32 35 40 43 44 45 46 56 60 72 74 78 84 86 90 91 93 94 95 97 102 113 114 117 118 123 134 138
120 2 4 8 13 20 27 34 43 44 50 51 54 58 60 64 67 70 80 92 96 105 110 118 122 135 136 139 140
121 21 30 33 56 68 84 92 93 94 100 102 111 117 118 122 125 126 134 141
122 0 1 2 10 19 21 23 25 32 40 42 47 48 49 57 62 66 67 84 87 95 97 112 113 116 120 121 127 128 132
123 1 9 12 22 23 24 25 27 30 32 34 35 39 42 52 54 55 56 60 69 71 85 90 95 108 111 118 119 129 133 138
124 1 5 6 12 14 20 26 30 38 41 43 50 53 56 66 68 83 87 93 95 96 105 106 107 112 116 117 127 129 130 137 140
125 2 6 7 14 23 24 26 30 50 53 54 57 63 65 68 73 74 75 86 88 89 95 101 102 108 116 121 127
126 6 7 8 9 14 15 17 27 31 32 36 58 62 70 71 74 76 77 79 83 95 96 100 101 103 104 113 115 121 132 140 141
127 0 3 4 14 30 31 34 35 37 45 46 49 52 60 66 68 69 70 71 75 76 77 79 84 89 90 94 95 113 122 124 125 132 136
128 3 7 12 16 21 32 40 46 47 49 54 59 70 72 86 87 93 96 102 103 110 111 116 117 122 134 138 139 141
129 5 7 11 13 18 20 25 27 28 32 35 37 40 49 51 53 55 63 64 81 86 93 98 99 100 109 113 116 117 123 124 134 139
130 3 4 6 7 8 9 11 14 19 35 38 44 55 56 57 66 70 73 75 80 84 85 91 94 96 105 117 124 132 135
131 4 7 8 13 14 17 24 25 26 27 30 37 46 47 52 55 58 64 68 82 84 86 88 98 101 103 106 108 112 116 117 138
132 2 10 18 22 24 31 34 37 39 45 47 63 70 79 80 81 83 86 87 88 90 104 105 109 113 116 118 122 126 127 130 141
133 17 20 22 24 25 28 32 39 41 45 46 55 57 58 64 66 81 82 86 92 93 94 95 105 109 114 123 139 141
134 3 10 13 17 19 20 33 38 40 41 52 55 57 58 61 62 68 73 75 76 77 78 79 87 93 98 99 101 109 117 119 121 128 129 135 136 139
135 4 10 14 15 16 18 25 30 33 36 44 45 49 50 55 59 64 65 67 74 79 83 85 87 94 96 103 108 109 112 115 120 130 134 137
136 1 8 10 13 19 20 21 22 37 47 48 62 65 69 74 90 91 106 107 108 116 118 120 127 134 138 141
137 2 7 20 23 25 30 35 36 38 39 54 55 56 58 60 67 75 77 81 89 99 103 104 105 108 115 124 135 139 140
138 5 9 13 22 27 29 30 32 33 39 40 53 58 60 65 71 73 75 76 80 86 88 90 92 93 94 95 98 105 108 111 118 119 123 128 131 136 139 141
139 11 12 19 30 32 37 41 43 44 48 52 63 75 78 81 85 86 92 93 101 105 107 118 120 128 129 133 134 137 138
140 1 6 24 27 33 34 35 40 46 47 53 54 65 73 74 75 81 82 88 89 96 97 110 120 124 126 137
141 1 7 8 17 37 40 42 46 52 55 58 71 72 73 79 90 95 102 107 108 110 111 112 117 121 126 128 132 133 136 138
