64 326
0 4 7 28 30 39 41 43 44 52 61
1 8 10 11 23 24 30 37 39 50 52 62
2 4 12 18 23 28 30 46 55 59 62 63
3 6 7 20 21 31 35 45 46 48 50 52 59 63
4 0 2 6 18 27 32 36 37 44 63
5 13 15 20 23 34 36 40 45 53 54 57
6 3 4 7 11 19 21 29 33 37 47 48 50 51 58
7 0 3 6 20 21 31 34 45
8 1 12 14 15 20 25 27 31 34 39 45 47 59
9 14 16 27 31 40 47 48
10 1 16 19 20 22 28 31 36 44 46 51 54
11 1 6 13 15 16 18 19 21 23 26 30 47 51 52
12 2 8 29 37 39 53
13 5 11 18 21 25 29 42 43 44 60 63
14 8 9 15 19 36 48
15 5 8 11 14 36 37 38 39 40 48 53 57 60
16 9 10 11 19 41 45 47 49 52 60
17 27 28 36 50 58
18 2 4 11 13 28 31 44 45 48 50 53 55 56 57 59 61 63
19 6 10 11 14 16 24 25 29 31 43 44 46 48 49 53 59
20 3 5 7 8 10 21 22 25 26 32 34 39 40 42 57 58 61 62
21 3 6 7 11 13 20 27 44 48 53 62
22 10 20 29 34 39 44 45 57 63
23 1 2 5 11 24 33 38 53 56 60
24 1 19 23 32 35 39
25 8 13 19 20 38 41 52 54 63
26 11 20 32 38 41 58 59
27 4 8 9 17 21 34 45 59 60
28 0 2 10 17 18 39 43 61
29 6 12 13 19 22 33 39 41
30 0 1 2 11 34 38 39 44 58
31 3 7 8 9 10 18 19 32 33 38 40 49 51 52 58 61
32 4 20 24 26 31 33 46 53 55 60
33 6 23 29 31 32 34 38 42 43 48 52 54 56 61
34 5 7 8 20 22 27 30 33 41 51 52 53
35 3 24 38 42 49 55 62
36 4 5 10 14 15 17 46 47
37 1 4 6 12 15 42 45 63
38 15 23 25 26 30 31 33 35 51 53
39 0 1 8 12 15 20 22 24 28 29 30 48 59 62
40 5 9 15 20 31 45 51 60 62
41 0 16 25 26 29 34 42 54 60
42 13 20 33 35 37 41 43 50 52 57
43 0 13 19 28 33 42 55 62
44 0 4 10 13 18 19 21 22 30 45 48 50
45 3 5 7 8 16 18 22 27 37 40 44 51 52
46 2 3 10 19 32 36 49 51 57 59
47 6 8 9 11 16 36 54
48 3 6 9 14 15 18 19 21 33 39 44 62
49 16 19 31 35 46 54 55 62
50 1 3 6 17 18 42 44 55 59
51 6 10 11 31 34 38 40 45 46
52 0 1 3 11 16 25 31 33 34 42 45
53 5 12 15 18 19 21 23 32 34 38 56 59
54 5 10 25 33 41 47 49 55 59
55 2 18 32 35 43 49 50 54 59 63
56 18 23 33 53 61
57 5 15 18 20 22 42 46
58 6 17 20 26 30 31 60 62
59 2 3 8 18 19 26 27 39 46 50 53 54 55
60 13 15 16 23 27 32 40 41 58 61
61 0 18 20 28 31 33 56 60 63
62 1 2 20 21 35 39 40 43 48 49 58
63 2 3 4 13 18 22 25 37 55 61
