55 289
0 7 11 18 29 34 35 43 48
1 8 18 21 22 29 30 32 33 43 44
2 3 5 11 17 39 43 44 47 49
3 2 9 17 22 24 30 38 44 46 47 48 51
4 9 11 12 22 23 28 45
5 2 6 7 10 11 15 25 29 38 39 42 45 48 51 53
6 5 7 32 40 41 44 48 53
7 0 5 6 12 25 38 45 47 52
8 1 17 24 31 34 38 43 49
9 3 4 13 16 21 34 35 38 42
10 5 19 24 31 32 37 40 42 46 50
11 0 2 4 5 25 29 38 39 41 46 47 49 53 54
12 4 7 13 19 20 21 25 40 43 51 52 53
13 9 12 18 19 25 36 38 39 49
14 32 37 38 43 50
15 5 18 23 28 34 48 54
16 9 24 26 28 29 31 35 37 44 45 49 53 54
17 2 3 8 18 20 36 40 41 43
18 0 1 13 15 17 21 23 31 32 45 51 54
19 10 12 13 24 25 34 36 39 42 45 46
20 12 17 21 27 28 29 31 39 42 43 47
21 1 9 12 18 20 36 37 42 45 48 54
22 1 3 4 25 29 35 45 47 48
23 4 15 18 27 29 34 36 40
24 3 8 10 16 19 25 33 34 42 46 51
25 5 7 11 12 13 19 22 24 26 29 30 32 36 53
26 16 25 28 34 37 40 45 48 51
27 20 23 29 30 37 39 45 53
28 4 15 16 20 26 32 33 35 38 41 47
29 0 1 5 11 16 20 22 23 25 27 30 34 39 47 54
30 1 3 25 27 29 39 41 42 43 47
31 8 10 16 18 20 33 47 51 53 54
32 1 6 10 14 18 25 28 33 34 37 46
33 1 24 28 31 32 40 41 42 49 51
34 0 8 9 15 19 23 24 26 29 32 44 45 47 48 50 54
35 0 9 16 22 28 41 43 45 49
36 13 17 19 21 23 25 42
37 10 14 16 21 26 27 32 44 50 51 53
38 3 5 7 8 9 11 13 14 28 41 46 47 52 54
39 2 5 11 13 19 20 27 29 30 47 51
40 6 10 12 17 23 26 33 45
41 6 11 17 28 30 33 35 38 50
42 5 9 10 19 20 21 24 30 33 36 43 44 47 51 54
43 0 1 2 8 12 14 17 20 30 35 42 44 47
44 1 2 3 6 16 34 37 42 43 50 51 52 54
45 4 5 7 16 18 19 21 22 26 27 34 35 40 52
46 3 10 11 19 24 32 38 53 54
47 2 3 7 11 20 22 28 29 30 31 34 38 39 42 43 53
48 0 3 5 6 15 21 22 26 34
49 2 8 11 13 16 33 35 50 52
50 10 14 34 37 41 44 49
51 3 5 12 18 24 26 31 33 37 39 42 44
52 7 12 38 44 45 49
53 5 6 11 12 16 25 27 31 37 46 47 54
54 11 15 16 18 21 29 31 34 38 42 44 46 53
