98 997
0 2 3 8 15 21 22 27 38 42 43 52 53 75 82 83 91
1 5 8 10 16 24 25 30 33 34 50 51 53 75 77 80 93
2 0 5 9 10 14 17 18 24 30 34 35 38 45 50 58 60 63 70 77 80 81 90 91 92 97
3 0 8 21 22 30 36 37 38 43 44 53 54 58 66 73 75 79 85 90 91 93
4 8 15 16 30 35 37 50 51 53 54 57 61 72 80 85 91
5 1 2 16 23 35 41 46 49 60 68 69 72 73 77 78 82
6 7 13 22 23 24 26 28 31 42 44 47 48 50 52 54 56 57 63 72 88 97
7 6 10 20 22 24 32 33 41 43 45 49 52 53 63 64 71 72 74 76 80 86 87 89 91 95
8 0 1 3 4 9 19 26 31 34 35 40 46 52 54 55 62 69 71 72 73 80 93 97
9 2 8 11 23 28 29 33 37 42 45 58 59 65 66 68 69 71 72 83 86 90 95 96
10 1 2 7 16 17 19 29 34 39 40 48 49 50 51 56 62 65 73 77 78 82 95 97
11 9 16 27 33 46 48 51 53 57 59 66 70 80 82 90 97
12 14 20 24 25 41 49 53 57 58 61 65 68 72 85 87 91 97
13 6 15 17 21 22 32 34 38 43 50 54 55 63 68 74 81 83 93 94
14 2 12 19 21 22 24 29 35 38 43 48 54 60 66 68 72 85 91
15 0 4 13 22 25 28 30 36 37 48 53 55 70 76 79 82 94
16 1 4 5 10 11 17 20 25 29 31 36 37 40 43 44 46 58 63 67 74 75 86 90
17 2 10 13 16 20 23 25 27 29 33 58 60 63 70 72 73 80 91 95 96
18 2 23 26 29 37 38 41 42 43 55 56 63 65 68 70 71 75 79 92 94 96
19 8 10 14 32 33 39 41 48 52 56 61 64 72 74 75 78 79 82 93
20 7 12 16 17 22 27 29 38 39 49 51 54 59 69 77 81 82
21 0 3 13 14 30 32 42 44 71 72 79 80 86 89 90
22 0 3 6 7 13 14 15 20 28 44 48 55 59 80 82 86 88 94
23 5 6 9 17 18 31 35 36 45 46 50 51 55 61 62 67 69 95 97
24 1 2 6 7 12 14 27 41 43 50 57 60 62 69 70 72 75 81 84 89 90 93
25 1 12 15 16 17 30 39 41 43 46 48 49 51 61 62 75 84 87 93
26 6 8 18 31 34 40 47 49 52 55 58 60 63 67 68 76 79 82 83 86 97
27 0 11 17 20 24 30 34 39 47 50 55 57 61 62 67 70 78 82 87 95
28 6 9 15 22 30 37 42 43 48 51 52 53 56 58 60 69 74 79 80 90 94
29 9 10 14 16 17 18 20 34 36 39 42 43 44 47 51 61 69 73 74 79 81 87 90 94
30 1 2 3 4 15 21 25 27 28 36 39 42 48 50 60 63 73 74 78 82 86 92 93 97
31 6 8 16 23 26 32 39 46 55 72 81 82 84 85 90 92 97
32 7 13 19 21 31 37 39 43 47 49 51 54 56 60 61 62 67 69 72 74 77 84 87 89 90
33 1 7 9 11 17 19 37 38 41 42 50 52 55 56 73 81 84 90
34 1 2 8 10 13 26 27 29 38 52 57 58 64 67 79 80 84 88 96
35 2 4 5 8 14 23 37 49 52 55 65 74 75 78 82 92 93 96 97
36 3 15 16 23 29 30 38 46 53 59 60 72 73 76 79 80 81 83 88 90 93
37 3 4 9 15 16 18 28 32 33 35 45 47 55 58 73 77 79 94
38 0 2 3 13 14 18 20 33 34 36 47 49 51 58 62 67 71 74 75 76 77 85 95
39 10 19 20 25 27 29 30 31 32 44 52 55 57 68 72 75 78 80 82 84 85 87 92 94 97
40 8 10 16 26 42 45 52 60 64 66 77 79 80 85 96
41 5 7 12 18 19 24 25 33 43 52 54 56 58 59 60 69 77 84 88 94
42 0 6 9 18 21 28 29 30 33 40 45 51 54 62 63 68 71 75 79 80 86 96 97
43 0 3 7 13 14 16 18 24 25 28 29 32 41 50 56 61 71 81 86 88 89 91 94
44 3 6 16 21 22 29 39 46 49 51 55 72 74 75 77 78 79 83 84 88
45 2 7 9 23 37 40 42 47 59 68 69 71 78 80 84 91
46 5 8 11 16 23 25 31 36 44 50 53 56 57 63 76 85 86 90 92 94 96
47 6 26 27 29 32 37 38 45 49 60 62 68 75 76 86 91 95
48 6 10 11 14 15 19 22 25 28 30 61 65 66 70 73 74 75 88
49 5 7 10 12 20 25 26 32 35 38 44 47 70 74 75 78 80 82 93
50 1 2 4 6 10 13 23 24 27 30 33 43 46 57 65 77 81 86 90
51 1 4 10 11 20 23 25 28 29 32 38 42 44 53 55 63 65 67 70 72 75 77 79 82 89 91 96
52 0 6 7 8 19 26 28 33 34 35 39 40 41 55 57 59 64 65 70 73 77 80 86
53 0 1 3 4 7 11 12 15 28 36 46 51 54 61 62 70 73 78 79 86 91 94 95 97
54 3 4 6 8 13 14 20 32 41 42 53 56 69 70 74 75 76 78 83 85 95 96 97
55 8 13 15 18 22 23 26 27 31 33 35 37 39 44 51 52 59 62 73 77 78 79 95
56 6 10 18 19 28 32 33 41 43 46 54 58 61 66 69 72 75 79 85 96
57 4 6 11 12 24 27 34 39 46 50 52 67 73 76 77 86 90 97
58 2 3 9 12 16 17 26 28 34 37 38 41 56 62 67 74 75 77 80 86 88 92 96
59 9 11 20 22 36 41 45 52 55 61 66 70 88 89 90 94 95
60 2 5 14 17 24 26 28 30 32 36 40 41 47 61 67 71 75 78 80 82 89
61 4 12 19 23 25 27 29 32 43 48 53 56 59 60 69 74 80 85 86 93 96
62 8 10 23 24 25 27 32 38 42 47 53 55 58 65 69 72 77 79 80 81 90 91 95
63 2 6 7 13 16 17 18 26 30 42 46 51 65 68 71 72 73 74 76 80 87 90 91 92
64 7 19 34 40 52 67 69 72 77 79 81 82
65 9 10 12 18 35 48 50 51 52 62 63 66 68 69 72 84 85 87 89 95
66 3 9 11 14 40 48 56 59 65 70 76 77 81 83 88
67 16 23 26 27 32 34 38 51 57 58 60 64 69 70 75 76 83 88 91 95
68 5 9 12 13 14 18 26 39 42 45 47 63 65 71 77 83 85 90 93 96
69 5 8 9 20 23 24 28 29 32 41 45 54 56 61 62 64 65 67 72 74 75 84 89 93
70 2 11 15 17 18 24 27 48 49 51 52 53 54 59 66 67 72 78 79 80 81 87 91 94 96
71 7 8 9 18 21 38 42 43 45 60 63 68 77 80 86 92 93 96
72 4 5 6 7 8 9 12 14 17 19 21 24 31 32 36 39 44 51 56 62 63 64 65 69 70 81 84 86 95
73 3 5 8 10 17 29 30 33 36 37 48 52 53 55 57 63 74 76 77 87 92
74 7 13 16 19 28 29 30 32 35 38 44 48 49 54 58 61 63 69 73 75 76 78 80 86 90 92 97
75 0 1 3 16 18 19 24 25 35 38 39 42 44 47 48 49 51 54 56 58 60 67 69 74 77 80 81 82 86
76 7 15 26 36 38 46 47 54 57 63 66 67 73 74 82 96
77 1 2 5 10 20 32 37 38 40 41 44 50 51 52 55 57 58 62 64 66 68 71 73 75 86
78 5 10 19 27 30 35 39 44 45 49 53 54 55 60 70 74 83 84 94 97
79 3 15 18 19 21 26 28 29 34 36 37 40 42 44 51 53 55 56 62 64 70 80 82 87 89 90 95
80 1 2 4 7 8 11 17 21 22 28 34 36 39 40 42 45 49 52 58 60 61 62 63 70 71 74 75 79 83 92 95
81 2 13 20 24 29 31 33 36 43 50 62 64 66 70 72 75 83 87 94 95
82 0 5 10 11 15 19 20 22 26 27 30 31 35 39 49 51 60 64 75 76 79
83 0 9 13 26 36 44 54 66 67 68 78 80 81 84
84 24 25 31 32 33 34 39 41 44 45 65 69 72 78 83 95
85 3 4 12 14 31 38 39 40 46 54 56 61 65 68 89
86 7 9 16 21 22 26 30 42 43 46 47 50 52 53 57 58 61 71 72 74 75 77 87 94 96 97
87 7 12 25 27 29 32 39 63 65 70 73 79 81 86 89 97
88 6 22 34 36 41 43 44 48 58 59 66 67 89 90 93 94
89 7 21 24 32 43 51 59 60 65 69 79 85 87 88
90 2 3 9 11 16 21 24 28 29 31 32 33 36 46 50 57 59 62 63 68 74 79 88 94 97
91 0 2 3 4 7 12 14 17 43 45 47 51 53 62 63 67 70 92 97
92 2 18 30 31 35 39 46 58 63 71 73 74 80 91 94 97
93 1 3 8 13 19 24 25 30 35 36 49 61 68 69 71 88 97
94 13 15 18 22 28 29 37 39 41 43 46 53 59 70 78 81 86 88 90 92
95 7 9 10 17 23 27 38 47 53 54 55 59 62 65 67 72 79 80 81 84
96 9 17 18 34 35 40 42 46 51 54 56 58 61 68 70 71 76 86
97 2 6 8 10 11 12 23 26 30 31 35 39 42 53 54 57 74 78 86 87 90 91 92 93
