70 402
0 1 2 4 5 13 24 27 35 39 63 66
1 0 8 11 15 16 17 19 28 32 38 67 68
2 0 15 22 25 34 38 46 52
3 11 16 18 21 22 25 27 35 39 41 42 47 53
4 0 7 8 16 18 22 26 30 38 56 61 65
5 0 12 19 21 22 23 30 41 55 56 59 64 66
6 8 11 22 28 29 33 40 52 56
7 4 23 24 29 42 49 51 57 68
8 1 4 6 21 31 32 33 39 40 68
9 21 22 25 33 34 54 59 63 64 66
10 17 20 23 24 27 31 33 34 44 47 49 59 60 63 68
11 1 3 6 25 30 41 49 53 61 64 65 68
12 5 26 28 33 36 39 48 55 63
13 0 22 25 26 39 43 63 65 67 68
14 20 27 30 35 39 41 44 47 48 60 65 66
15 1 2 29 30 34 39 40 44
16 1 3 4 23 35 43 44 50 51 54 56 59
17 1 10 19 24 30 39 47 64 67
18 3 4 24 29 41 51 55 58 59
19 1 5 17 24 28 40 41 44 47 50 52 57 68 69
20 10 14 25 43 51 60
21 3 5 8 9 25 29 34 37 51 57 63 68
22 2 3 4 5 6 9 13 30 38 41 43 49 58 60 62 64 66
23 5 7 10 16 27 31 34 36 40 46 47 50 58 59 66 69
24 0 7 10 17 18 19 28 38 47 50 51 58 65 68
25 2 3 9 11 13 20 21 28 31 37 38 41 46 50 55 56
26 4 12 13 34 54 55 60 61 66
27 0 3 10 14 23 34 37 38 45 51 63 69
28 1 6 12 19 24 25 32 36 55 58 60 68
29 6 7 15 18 21 44 49 58 66 69
30 4 5 11 14 15 17 22 31 34 43 47 48 51 52 54 64
31 8 10 23 25 30 37 43 47 65
32 1 8 28 34 40 59 61 68
33 6 8 9 10 12 35 41 48 49 53 60 61 63 66
34 2 9 10 15 21 23 26 27 30 32 50 57 58 62 63
35 0 3 14 16 33 39 45 46 68 69
36 12 23 28 41 49 62 64 65
37 21 25 27 31 41 43 48 59
38 1 2 4 22 24 25 27 40 49 50 52 55 56 57 65 67 69
39 0 3 8 12 13 14 15 17 35 41 45 51 53 54 55 58 64
40 6 8 15 19 23 32 38 42 53 57 59
41 3 5 11 14 18 19 22 25 33 36 37 39 44 46 48 49 57 62 66 67 69
42 3 7 40 47 49 51 55 60 67 69
43 13 16 20 22 30 31 37 45 48 67
44 10 14 15 16 19 29 41 45 48 67
45 27 35 39 43 44 54 60 61 64 67 68
46 2 23 25 35 41 64 66
47 3 10 14 17 19 23 24 30 31 42 49 61 62
48 12 14 30 33 37 41 43 44 61 64 67
49 7 10 11 22 29 33 36 38 41 42 47 52 54 58 60 63
50 16 19 23 24 25 34 38 58
51 7 16 18 20 21 24 27 30 39 42 54 57 60 62
52 2 6 19 30 38 49 55 56 61 68 69
53 3 11 33 39 40 65
54 9 16 26 30 39 45 49 51 56 58 65
55 5 12 18 25 26 28 38 39 42 52
56 4 5 6 16 25 38 52 54 58 63
57 7 19 21 34 38 40 41 51 67
58 18 22 23 24 28 29 34 39 49 50 54 56 68
59 5 9 10 16 18 23 32 37 40 66 67
60 10 14 20 22 26 28 33 42 45 49 51
61 4 11 26 32 33 45 47 48 52 62 67 69
62 22 34 36 41 47 51 61
63 0 9 10 12 13 21 27 33 34 49 56
64 5 9 11 17 22 30 36 39 45 46 48 65
65 4 11 13 14 24 31 36 38 53 54 64 67
66 0 5 9 14 22 23 26 29 33 41 46 59 69
67 1 13 17 38 41 42 43 44 45 48 57 59 61 65
68 1 7 8 10 11 13 19 21 24 28 32 35 45 52 58
69 19 23 27 29 35 38 41 42 52 61 66
