58 357
0 10 19 32 35 36 37 40 41 43 45 50 52 56
1 3 13 20 21 24 25 29 31 41 43 47 48 55 57
2 7 20 32 34 37 39 48 56
3 1 8 26 32 38 44 49 51
4 5 10 14 15 18 29 31 34 35 38 45 47 51 54 55
5 4 13 15 16 28 31 36 41 43 47 49
6 7 11 12 15 16 22 26 27 29 30 32 39 41 44 45 48 51 53 55 57
7 2 6 12 13 15 20 22 24 25 29 36 48 52 54
8 3 11 15 39 42 43 45 51 56
9 12 17 18 26 30 35 37 40 42 45 53 56
10 0 4 14 18 23 27 32 35 38 39 41 43 51 52
11 6 8 12 17 20 24 36 40 41 43 47 48 57
12 6 7 9 11 13 18 20 26 30 33 47 48 49
13 1 5 7 12 18 23 24 39 42 45 47 51 52
14 4 10 19 29 32 36 41 48 52 56
15 4 5 6 7 8 18 24 40 42 46 47 49 50 51 52
16 5 6 29 32 37 38 43 48
17 9 11 25 26 36 37 45 50 51 54
18 4 9 10 12 13 15 19 30 35 44 46 48 52 54
19 0 14 18 20 23 25 26 30 44 48 49 55
20 1 2 7 11 12 19 21 23 28 39 45 47
21 1 20 25 32 40 43 44 45 51
22 6 7 25 26 46 52
23 10 13 19 20 28 31 34 37 39 43 44 45 48
24 1 7 11 13 15 25 27 31 56
25 1 7 17 19 21 22 24 28 35 36 37 42 43 51 53
26 3 6 9 12 17 19 22 31 48 50
27 6 10 24 32 34 40 41 49 51 54
28 5 20 23 25 34 38 41 43 49 52 55
29 1 4 6 7 14 16 39 41 43 50 52 55 56
30 6 9 12 18 19 37 45 46 56
31 1 4 5 23 24 26 32 33 43 47 51 56
32 0 2 3 6 10 14 16 21 27 31 35 36 42 43 45 46 50 54
33 12 31 34 35 41 45 46 50 55
34 2 4 23 27 28 33 36 43 48 50 52
35 0 4 9 10 18 25 32 33 37 46 51 55 57
36 0 5 7 11 14 17 25 32 34 39 41 42 47 50 52 54 55 57
37 0 2 9 16 17 23 25 30 35 41 53 54 55
38 3 4 10 16 28 42 47 56
39 2 6 8 10 13 20 23 29 36 40 42 45 54 57
40 0 9 11 15 21 27 39 43 44 46 52 54
41 0 1 5 6 10 11 14 27 28 29 33 36 37 42 43 46
42 8 9 13 15 25 32 36 38 39 41 44 47
43 0 1 5 8 10 11 16 21 23 25 28 29 31 32 34 40 41 51 52
44 3 6 18 19 21 23 40 42 49 50 55
45 0 4 6 8 9 13 17 20 21 23 30 32 33 39 56
46 15 18 22 30 32 33 35 40 41 48 57
47 1 4 5 11 12 13 15 20 31 36 38 42 53
48 1 2 6 7 11 12 14 16 18 19 23 26 34 46 50 51
49 3 5 12 15 19 27 28 44 56
50 0 15 17 26 29 32 33 34 36 44 48 57
51 3 4 6 8 10 13 15 17 21 25 27 31 35 43 48 53
52 0 7 10 13 14 15 18 22 28 29 34 36 40 43 55 56 57
53 6 9 25 37 47 51 55 57
54 4 7 17 18 27 32 36 37 39 40
55 1 4 6 19 28 29 33 35 36 37 44 52 53 56
56 0 2 8 9 14 24 29 30 31 38 45 49 52 55
57 1 6 11 35 36 39 46 50 52 53
