103 945
0 9 13 14 15 16 31 39 43 63 64 72 73 78 83 87 88 97
1 10 11 24 31 34 36 45 64 69 82 84 89 93 96
2 11 14 16 21 29 30 35 39 40 47 49 53 61 64 69 73 76 84 86 93 95
3 5 8 17 22 29 43 49 51 54 58 61 62 65 72 77 78 80 87 88 99 100
4 7 8 12 14 21 33 40 48 51 52 54 61 62 63 65 66 71 76 79 87 90
5 3 7 8 9 21 23 27 49 52 59 60 62 63 74 83 96 98 99
6 8 12 17 19 23 25 27 28 33 36 43 46 48 59 60 67 68 72 86 99
7 4 5 28 35 36 44 45 48 53 55 56 63 69 71 74 79 81 83 86 89 94
8 3 4 5 6 18 22 30 31 49 51 62 67 75 82 89 94 95 97 98 99
9 0 5 13 14 16 20 25 28 31 36 45 48 51 57 60 75 77 78 82 88
10 1 18 26 37 42 50 51 52 58 62 93 95 96 98 99
11 1 2 12 24 27 33 44 50 60 81 94 98
12 4 6 11 13 16 21 24 27 33 44 46 47 49 53 66 67 68 72 78 79 84 86 100
13 0 9 12 19 20 26 33 41 52 53 56 57 58 69 70 71 74 82 84 92 93 95
14 0 2 4 9 18 33 36 40 50 56 62 76 82 83 86 91 95 101
15 0 25 26 28 30 35 37 38 44 48 51 53 57 62 71 73 76 81 83 84 88 96
16 0 2 9 12 21 23 24 25 29 46 67 70 77 78 89 90 92 97 102
17 3 6 37 38 54 60 61 67 68 74 79 101
18 8 10 14 19 21 27 34 38 43 50 58 62 75 78 81 82 84 102
19 6 13 18 29 30 35 38 41 42 44 55 62 64 68 69 73 78 79 88 89 101
20 9 13 40 41 43 47 51 53 57 59 60 62 72 77 80 100 101
21 2 4 5 12 16 18 37 47 48 49 53 56 62 65 72 73 75 83 93 100 102
22 3 8 26 30 48 49 57 60 62 75 77 85 92 96
23 5 6 16 31 36 44 59 64 91 92 94 95 97
24 1 11 12 16 43 46 68 71 73 95 100
25 6 9 15 16 34 40 47 48 49 73 81 85 88 89 94
26 10 13 15 22 29 33 40 43 45 55 63 66 70 75 89 94 97 99 100
27 5 6 11 12 18 34 48 49 54 57 66 70 71 75 76 79 83 86
28 6 7 9 15 29 30 43 49 57 60 63 67 73 76 77 78 81 84 90
29 2 3 16 19 26 28 36 39 43 47 48 52 57 67 99 102
30 2 8 15 19 22 28 32 34 37 40 45 51 53 57 58 59 61 65 73 74 80 86 94 97
31 0 1 8 9 23 32 43 44 47 48 54 55 59 65 67 70 71 73 76 91 96
32 30 31 60 62 63 72 73 77 82 87 89 102
33 4 6 11 12 13 14 26 35 36 37 40 42 52 57 72 78 81 91 92 94
34 1 18 25 27 30 39 40 49 51 53 55 64 65 67 74 83 85 95 97 99
35 2 7 15 19 33 47 49 64 66 67 72 74 76 77 78 84 87 89 98
36 1 6 7 9 14 23 29 33 40 41 42 45 46 52 53 55 58 60 61 67 72 73 76 78 80 83 94 97 101
37 10 15 17 21 30 33 40 45 50 52 58 71 74 76 77 102
38 15 17 18 19 41 42 52 63 66 69 79 83
39 0 2 29 34 45 51 57 60 63 66 69 70 77 91
40 2 4 14 20 25 26 30 33 34 36 37 41 43 51 57 59 60 61 64 66 70 77 79 83 88 89 91 92 93
41 13 19 20 36 38 40 44 47 52 53 54 60 64 71 78 79 81 82
42 10 19 33 36 38 52 53 73 76 77 92
43 0 3 6 18 20 24 26 28 29 31 40 46 48 52 64 72 82 90 98
44 7 11 12 15 19 23 31 41 46 58 66 71 74 78 90 94 101
45 1 7 9 26 30 36 37 39 46 50 56 66 71 78 79 82 84 91 94 97 98 102
46 6 12 16 24 36 43 44 45 47 53 65 78 79 88 90 91 101
47 2 12 20 21 25 29 31 35 41 46 61 67 68 71 75 80 83 88 94 98 99
48 4 6 7 9 15 21 22 25 27 29 31 43 51 53 65 67 71 74 78 81 86 95 96 97 98
49 2 3 5 8 12 21 22 25 27 28 34 35 66 67 72 74 82 83 85 90 98
50 10 11 14 18 37 45 56 62 63 65 78 84 85 87 88 90 93
51 3 4 8 9 10 15 20 30 34 39 40 48 54 64 68 72 76 79 83 84 90 99
52 4 5 10 13 29 33 36 37 38 41 42 43 53 57 66 69 85
53 2 7 12 13 15 20 21 30 34 36 41 42 46 48 52 54 55 72 77 87 94 96 101 102
54 3 4 17 27 31 41 51 53 56 57 63 70 71 75 77 91 95
55 7 19 26 31 34 36 53 56 60 71 75 77 78 80 85 95 99 101
56 7 13 14 21 45 50 54 55 57 72 73 79 87 98
57 9 13 15 20 22 27 28 29 30 33 39 40 52 54 56 67 78 80 82 92 93 97
58 3 10 13 18 30 36 37 44 59 71 73 77 78 84 88 92 102
59 5 6 20 23 30 31 40 58 83 95
60 5 6 9 11 17 20 22 28 32 36 39 40 41 55 66 78 79 90 96
61 2 3 4 17 30 36 40 47 62 65 66 72 75 90 92 101
62 3 4 5 8 10 14 15 18 19 20 21 22 32 50 61 65 70 75 86 87 90 99
63 0 4 5 7 26 28 32 38 39 50 54 66 68 81 90 99
64 0 1 2 19 23 34 35 40 41 43 51 67 73 90 97
65 3 4 21 30 31 34 46 48 50 61 62 69 73 74 75 85 87 91 94 95
66 4 12 26 27 35 38 39 40 44 45 49 52 60 61 63 68 82 86 100
67 6 8 12 16 17 28 29 31 34 35 36 47 48 49 57 64 70 73 77 83 86 98
68 6 12 17 19 24 47 51 63 66 69 75 83
69 1 2 7 13 19 38 39 52 65 68 72 75 81 88 93 99 101
70 13 16 26 27 31 39 40 54 62 67 85 97 99
71 4 7 13 15 24 27 31 37 41 44 45 47 48 54 55 58 72 81 90 95 97 98
72 0 3 6 12 20 21 32 33 35 36 43 49 51 53 56 61 69 71 76 81 87 92 96 98 99
73 0 2 15 19 21 24 25 28 30 31 32 36 42 56 58 64 65 67 81 84 87 96
74 5 7 13 17 30 34 35 37 44 48 49 65 78 86 96
75 8 9 18 21 22 26 27 47 54 55 61 62 65 68 69 81 82 89 90 93 94 100
76 2 4 14 15 27 28 31 35 36 37 42 51 72 77 84 90 98 102
77 3 9 16 20 22 28 32 35 37 39 40 42 53 54 55 58 67 76 82 96
78 0 3 9 12 16 18 19 28 33 35 36 41 44 45 46 48 50 55 57 58 60 74 95 97 99
79 4 7 12 17 19 27 38 40 41 45 46 51 56 60 81 82 85 87 91 98
80 3 20 30 36 47 55 57 82 88 94 98 101
81 7 11 15 18 25 28 33 41 48 63 69 71 72 73 75 79 84 86 92 100 102
82 1 8 9 13 14 18 32 41 43 45 49 57 66 75 77 79 80 86 89 94 100 102
83 0 5 7 14 15 21 27 34 36 38 40 47 49 51 59 67 68 84 85 90 94 97 101
84 1 2 12 13 15 18 28 35 45 50 51 58 73 76 81 83 85 88 89 101
85 22 25 34 49 50 52 55 65 70 79 83 84 95
86 2 6 7 12 14 27 30 48 62 66 67 74 81 82 90 91 92 95
87 0 3 4 32 35 50 53 56 62 65 72 73 79 88 93 94 97 101
88 0 3 9 15 19 25 40 46 47 50 58 69 80 84 87 89 93 95
89 1 7 8 16 19 25 26 32 35 40 75 82 84 88
90 4 16 28 43 44 46 49 50 51 60 61 62 63 64 71 75 76 83 86 93
91 14 23 31 33 39 40 45 46 54 65 79 86 92 93 96 99
92 13 16 22 23 33 40 42 57 58 61 72 81 86 91 93 101
93 1 2 10 13 21 40 50 57 69 75 87 88 90 91 92 99 102
94 7 8 11 23 25 26 30 33 36 44 45 47 53 65 75 80 82 83 87 97 102
95 2 8 10 13 14 23 24 34 48 54 55 59 65 71 78 85 86 88 96 102
96 1 5 10 15 22 31 48 53 60 72 73 74 77 91 95 97
97 0 8 16 23 26 30 34 36 45 48 57 64 70 71 78 83 87 94 96
98 5 8 10 11 35 43 45 47 48 49 56 67 71 72 76 79 80 100 101
99 3 5 6 8 10 26 29 34 47 51 55 62 63 69 70 72 78 91 93 102
100 3 12 20 21 24 26 66 75 81 82 98
101 14 17 19 20 36 44 46 53 55 61 69 80 83 84 87 92 98
102 16 18 21 29 32 37 45 53 58 76 81 82 93 94 95 99
