91 705
0 11 23 35 39 40 44 51 57 58 64 71 74 76 85
1 3 4 6 14 16 21 28 36 37 39 44 46 50 51 67 76 86 88 89
2 3 6 9 28 38 44 48 57 59 66 70 71 72 79 82 83 84
3 1 2 4 13 20 23 25 30 38 41 42 49 51 52 59 75 79
4 1 3 8 17 19 23 30 33 37 38 39 49 52 57 64 67 70 72 75 76 79 86
5 10 17 21 24 38 51 70 80 83 86
6 1 2 7 12 17 47 51 53 54 58 60 64 72 78 79 88
7 6 8 15 26 31 33 34 40 43 46 48 52 66 70 73 74
8 4 7 21 36 37 42 45 46 50 54 66 72 74 75 82 84
9 2 15 20 44 48 60 61 67 74 82 88 89
10 5 14 19 21 29 40 53 56 60 70 71 74 75 86 87 89 90
11 0 17 19 21 22 24 29 36 39 41 42 43 46 61 63 67 73 81 83
12 6 44 45 55 70
13 3 43 47 51 56 59 61 75 80 81 85
14 1 10 15 16 22 29 30 33 37 53 59 60 66 71 73 74 83
15 7 9 14 27 35 37 39 45 54 56 57 59 60 61 78 79 80 83
16 1 14 22 36 38 44 45 54 62 63 67 77 83 86
17 4 5 6 11 20 26 28 49 54 64 74 75 77 90
18 19 27 30 32 36 38 40 48 50 53 72 73 74 83 85 87 89
19 4 10 11 18 22 26 34 43 47 51 56 58 65 73 74 83 89 90
20 3 9 17 23 30 33 34 37 43 44 58 72 77 83 86 88 89
21 1 5 8 10 11 26 39 46 47 50 57 60 69 83 86 90
22 11 14 16 19 42 43 44 52 57 58 66 69 75 79
23 0 3 4 20 28 30 33 40 45 48 51 64 87 89
24 5 11 26 28 32 33 40 42 50 52 58 59 70 77 78 80 87 90
25 3 32 38 41 46 57 59 67 70 73 79 80 88
26 7 17 19 21 24 40 45 59 70 79
27 15 18 51 55 61 62 76 77 83 87
28 1 2 17 23 24 31 43 47 72 81 87
29 10 11 14 35 50 58 62 67 70 83 89
30 3 4 14 18 20 23 31 43 50 51 60 74 75 85 86 89 90
31 7 28 30 36 46 52 56 66 72 77 80 88
32 18 24 25 56 57 58 60 64 87
33 4 7 14 20 23 24 40 55 85 86 88 90
34 7 19 20 45 49 52 54 69 73 74 79 81 86
35 0 15 29 38 41 42 50 66 72 73 74 77 78 81
36 1 8 11 16 18 31 45 48 52 53 55 60 63 77 81 85
37 1 4 8 14 15 20 41 50 53 56 67 76 86
38 2 3 4 5 16 18 25 35 43 57 59 61 62 64 66 72 75 76 86 87 88 89
39 0 1 4 11 15 21 40 47 50 53 54 55 59 60 72 74 85 90
40 0 7 10 18 23 24 26 33 39 43 45 48 54 58 74 78 79 80 83 87
41 3 11 25 35 37 49 66 68 69 74 84 88 90
42 3 8 11 22 24 35 44 48 51 74 75 81 83 89 90
43 7 11 13 19 20 22 28 30 38 40 45 53 54 55 66 68 72 77 80
44 0 1 2 9 12 16 20 22 42 48 51 57 60 67 74 76 79 85
45 8 12 15 16 23 26 34 36 40 43 47 48 50 59 60 61 66 69 78 80 81 87 90
46 1 7 8 11 21 25 31 51 58 68 69 73 84 88
47 6 13 19 21 28 39 45 52 72 76 82 87
48 2 7 9 18 23 36 40 42 44 45 49 55 57 63 65 67 75 80 81 84 89
49 3 4 17 34 41 48 59 63 64 65 70 74
50 1 8 18 21 24 29 30 35 37 39 45 53 60 68 77 86 87
51 0 1 3 5 6 13 19 23 27 30 42 44 46 52 53 62 67 72 76 78 80 87
52 3 4 7 22 24 31 34 36 47 51 58 68 71 78 81
53 6 10 14 18 36 37 39 43 50 51 54 62 63 64 65 66 70 76 84 90
54 6 8 15 16 17 34 39 40 43 53 64 67 69 87
55 12 27 33 36 39 43 48 56 58 61 66 80 83 90
56 10 13 15 19 31 32 37 55 76 78 86 90
57 0 2 4 15 21 22 25 32 38 44 48 62 71 75 77 85
58 0 6 19 20 22 24 29 32 40 46 52 55 75 79 80 82 86
59 2 3 13 14 15 24 25 26 38 39 45 49 68 69 78 82
60 6 9 10 14 15 21 30 32 36 39 44 45 50 69 79
61 9 11 13 15 27 38 45 55 83
62 16 27 29 38 51 53 57 66 68 73 81 82 89 90
63 11 16 36 48 49 53 67 74 81 83
64 0 4 6 17 23 32 38 49 53 54 65 68 75 78 82 84 85 90
65 19 48 49 53 64 66 72 74 76
66 2 7 8 14 22 31 35 38 41 43 45 53 55 62 65 67 74 79 84
67 1 4 9 11 16 25 29 37 44 48 51 54 63 66 69 71 72 74 75 78 84 85 89 90
68 41 43 46 50 52 59 62 64 74 89
69 21 22 34 41 45 46 54 59 60 67 71 75 80 84
70 2 4 5 7 10 12 24 25 26 29 49 53 73 79 86
71 0 2 10 14 52 57 67 69 81 82 83 84 87 90
72 2 4 6 8 18 20 28 31 35 38 39 43 47 51 65 67 77 90
73 7 11 14 18 19 25 34 35 46 62 70 76
74 0 7 8 9 10 14 17 18 19 30 34 35 39 40 41 42 44 49 63 65 66 67 68 80 86
75 3 4 8 10 13 17 22 30 38 42 48 57 58 64 67 69
76 0 1 4 27 37 38 44 47 51 53 56 65 73 79 80 81 89
77 16 17 20 24 27 31 35 36 43 50 57 72 81 83 86 89 90
78 6 15 24 35 40 45 51 52 56 59 64 67 86
79 2 3 4 6 15 22 25 26 34 40 44 58 60 66 70 76 89
80 5 13 15 24 25 31 40 43 45 48 51 55 58 69 74 76 81 85 89
81 11 13 28 34 35 36 42 45 48 52 62 63 71 76 77 80 83 90
82 2 8 9 47 58 59 62 64 71 85
83 2 5 11 14 15 16 18 19 20 21 27 29 40 42 55 61 63 71 77 81 84 86
84 2 8 41 46 48 53 64 66 67 69 71 83 89
85 0 13 18 30 33 36 39 44 57 64 67 80 82 89
86 1 4 5 10 16 20 21 30 33 34 37 38 50 56 58 70 74 77 78 83
87 10 18 23 24 27 28 32 38 40 45 47 50 51 54 71
88 1 6 9 20 25 31 33 38 41 46 90
89 1 9 10 18 19 20 23 29 30 38 42 48 62 67 68 76 77 79 80 84 85
90 10 17 19 21 24 30 33 39 41 42 45 53 55 56 62 64 67 71 72 77 81 88
