27 95
0 1 4 5 10 11 12 13 16 21 24
1 0 6 10 13 17 18 19 20 22 26
2 4 6 7 11 12 14 15 16 17 19
3 9 13 14 16 24
4 0 2 12 17 18 20 23
5 0 8 12 22
6 1 2 7 9 11 15 26
7 2 6 8 13 14 19 20 21
8 5 7 15 16 21 23
9 3 6 14 17
10 0 1 16 19 22 26
11 0 2 6 14 20 22 24
12 0 2 4 5 13 19 21 22
13 0 1 3 7 12 14 17 20 24
14 2 3 7 9 11 13 23
15 2 6 8 16 17
16 0 2 3 8 10 15 17 18 19 20 22 25 26
17 1 2 4 9 13 15 16 19 26
18 1 4 16 21 26
19 1 2 7 10 12 16 17 26
20 1 4 7 11 13 16 24
21 0 7 8 12 18 22
22 1 5 10 11 12 16 21
23 4 8 14 25
24 0 3 11 13 20 26
25 16 23 26
26 1 6 10 16 17 18 19 24 25
