95 951
0 11 16 17 19 29 38 44 46 51 54 57 59 61 64 68 69 71 75 76 82
1 7 9 10 12 14 18 19 29 42 48 50 51 52 54 62 64 69 74 76 91
2 6 8 19 20 21 35 37 41 44 55 56 58 63
3 5 6 7 20 37 38 42 55 60 66 67 69 80 87 92
4 5 12 13 22 23 29 32 33 37 41 42 43 48 50 53 54 56 57 59 61 65 68 70 83 87 93
5 3 4 8 11 13 14 15 16 17 18 23 32 33 36 39 46 55 59 65 69 72 73 74 76 86 88
6 2 3 11 19 31 32 36 46 49 52 53 57 60 68 69 79 82 85 88 89 91 92 93
7 1 3 17 20 22 23 25 29 30 35 37 40 41 42 70 73 88 89
8 2 5 26 28 31 50 54 62 65 70 72 76 78 87
9 1 12 13 16 17 26 28 34 37 38 39 40 43 44 46 48 60 69 74 75 77 90 91
10 1 22 28 32 37 38 39 42 52 53 61 70 75 85
11 0 5 6 20 32 33 36 39 40 42 47 48 51 55 60 74 78 79 88
12 1 4 9 33 37 39 43 47 60 65 68 72 73 77 79 80 81 82 83 88 90
13 4 5 9 14 31 36 37 38 45 46 47 48 50 57 61 68 72 74 76 80 85
14 1 5 13 15 19 22 25 27 28 30 34 45 47 56 57 58 60 62 63 64 66 69 74 75 93
15 5 14 16 18 19 21 24 25 27 29 31 32 33 39 41 42 43 51 55 59 61 66 73 74 76 79 80 81 85 86 92
16 0 5 9 15 20 23 27 32 43 45 47 51 61 64 65 69 74 77 78 80 85 87 93
17 0 5 7 9 37 38 46 49 54 55 56 60 65 66 70 88
18 1 5 15 21 22 23 24 28 43 53 66 67 68 70 71 79 88 90
19 0 1 2 6 14 15 21 27 35 62 65 68 72 73 77 86 88
20 2 3 7 11 16 29 50 51 56 58 62 66 69 73 78 81 85 86 87 88 90 91 93
21 2 15 18 19 31 40 41 44 45 52 62 65 67 70 73 79 82 86
22 4 7 10 14 18 26 35 42 57 58 59 62 66 70 71 74
23 4 5 7 16 18 32 33 41 45 51 52 53 81 82 88 90
24 15 18 26 30 32 33 43 55 56 59 61 62 66 67 69 73 74 78 86 91 94
25 7 14 15 34 37 41 46 66 72 75 81 85 89 91 92
26 8 9 22 24 28 31 33 34 36 39 42 43 46 52 55 56 59 63 68 75 77 84 85 90 93
27 14 15 16 19 45 47 53 54 57 67 69 70 76 79 80 93 94
28 8 9 10 14 18 26 31 34 36 46 60 63 69 70 71 78 79 81 85 86 93
29 0 1 4 7 15 20 30 31 32 33 36 38 44 48 52 56 73 74 75 77 84 86
30 7 14 24 29 32 33 42 44 47 53 56 62 66 67 75 86 94
31 6 8 13 15 21 26 28 29 35 45 47 68 70 74 77 85 87 88 92
32 4 5 6 10 11 15 16 23 24 29 30 40 43 44 45 47 49 50 54 63 71 76 78 81 84 85 87
33 4 5 11 12 15 23 24 26 29 30 35 40 41 44 45 46 53 55 64 70 74 78 86 87 90 94
34 9 14 25 26 28 35 40 42 44 55 59 68 76 81 83 84 93
35 2 7 19 22 31 33 34 50 56 62 71 72 74 81 82 83 87 88 89 91
36 5 6 11 13 26 28 29 39 41 45 49 50 53 57 67 80 82 84 89 91 93
37 2 3 4 7 9 10 12 13 17 25 42 56 57 65 69 79 81 83 84
38 0 3 9 10 13 17 29 43 45 48 52 54 58 63 64 66 72 84 85 92
39 5 9 10 11 12 15 26 36 40 42 44 45 47 50 57 65 67 74 79
40 7 9 11 21 32 33 34 39 41 42 47 52 53 56 59 60 71 74 75 77 80 81 83 86 89 92
41 2 4 7 15 21 23 25 33 36 40 44 46 47 50 52 58 61 70 72 78 81 82 83
42 1 3 4 7 10 11 15 22 26 30 34 37 39 40 49 50 64 67 68 69 78 83 89 92
43 4 9 12 15 16 18 24 26 32 38 47 49 50 53 54 72 75 79 86 89 90
44 0 2 9 21 29 30 32 33 34 39 41 45 52 58 59 60 62 69 70 71 76 77 82 84 85
45 13 14 16 21 23 27 31 32 33 36 38 39 44 51 56 59 65 66 81 86 91
46 0 5 6 9 13 17 25 26 28 33 41 52 58 66 74 79 86 93
47 11 12 13 14 16 27 30 31 32 39 40 41 43 48 49 53 54 55 66 67 69 70 85 90 94
48 1 4 9 11 13 29 38 47 50 57 58 59 61 65 81 82 92
49 6 17 32 36 42 43 47 52 53 57 59 64 65 70 71 94
50 1 4 8 13 20 32 35 36 39 41 42 43 48 54 57 63 70 80 83 87 88 92 94
51 0 1 11 15 16 20 23 45 52 64 70 71 72 78 81 82 86 91
52 1 6 10 21 23 26 29 38 40 41 44 46 49 51 62 63 65 67 72 76 81 83 92
53 4 6 10 18 23 27 30 33 36 40 43 47 49 54 55 65 67 68 71 74 81 86
54 0 1 4 8 17 27 32 38 43 47 50 53 62 63 82 84 91 93
55 2 3 5 11 15 17 24 26 33 34 47 53 65 69 73 82 85 93
56 2 4 14 17 20 24 26 29 30 35 37 40 45 60 65 71 74 85 86 90 92 93 94
57 0 4 6 13 14 22 27 36 37 39 48 49 50 61 62 63 67 70 76 80 85 89 92
58 2 14 20 22 38 41 44 46 48 60 62 71 74 80 82 83 85 87 92
59 0 4 5 15 22 24 26 34 40 44 45 48 49 64 67 71 81 84 91
60 3 6 9 11 12 14 17 28 40 44 56 58 66 67 70 74 89 94
61 0 4 10 13 15 16 24 41 48 57 62 64 75 82 84 87 92
62 1 8 14 19 20 21 22 24 30 35 44 52 54 57 58 61 75 85 89 91
63 2 14 26 28 32 38 50 52 54 57 67 69 73 74 75 80 83 86 90 91
64 0 1 14 16 33 38 42 49 51 59 61 66 67 69 78 85 89 90
65 4 5 8 12 16 17 19 21 37 39 45 48 49 52 53 55 56 67 94
66 3 14 15 17 18 20 22 24 25 30 38 45 46 47 60 64 67 69 78 79 86 90 93
67 3 18 21 24 27 30 36 39 42 47 52 53 57 59 60 63 64 65 66 74 82 90 93
68 0 4 6 12 13 18 19 26 31 34 42 53 71 75 77 83 85
69 0 1 3 5 6 9 14 16 20 24 27 28 37 42 44 47 55 63 64 66 71 74 80 86 88 91 93
70 4 7 8 10 17 18 21 22 27 28 31 33 41 44 47 49 50 51 57 60 82 93
71 0 18 22 28 32 35 40 44 49 51 53 56 58 59 68 69 73 74 77 82
72 5 8 12 13 19 25 35 38 41 43 51 52 86 94
73 5 7 12 15 19 20 21 24 29 55 63 71 75
74 1 5 9 11 13 14 15 16 22 24 29 31 33 35 39 40 46 53 56 58 60 63 67 69 71 77 82 84 93
75 0 9 10 14 25 26 29 30 40 43 61 62 63 68 73 80 89 94
76 0 1 5 8 13 15 27 32 34 44 52 57 77 82 83 84 85 89 92
77 9 12 16 19 26 29 31 40 44 68 71 74 76 78 89 90
78 8 11 16 20 24 28 32 33 41 42 51 64 66 77 79 89
79 6 11 12 15 18 21 27 28 37 39 43 46 66 78 83
80 3 12 13 15 16 27 36 40 50 57 58 63 69 75 81 88 92
81 12 15 20 23 25 28 32 34 35 37 40 41 45 48 51 52 53 59 80 89 92
82 0 6 12 21 23 35 36 41 44 48 51 54 55 58 61 67 70 71 74 76 85 92 93
83 4 12 34 35 37 40 41 42 50 52 58 63 68 76 79 85 89 94
84 26 29 32 34 36 37 38 44 54 59 61 74 76 92 94
85 6 10 13 15 16 20 25 26 28 31 32 38 44 47 55 56 57 58 62 64 68 76 82 83 86 88 90
86 5 15 19 20 21 24 28 29 30 33 40 43 45 46 51 53 56 63 66 69 72 85 89 90 94
87 3 4 8 16 20 31 32 33 35 50 58 61 89 90 92
88 5 6 7 11 12 17 18 19 20 23 31 35 50 69 80 85
89 6 7 25 35 36 40 42 43 57 60 62 64 75 76 77 78 81 83 86 87
90 9 12 18 20 23 26 33 43 47 56 63 64 66 67 77 85 86 87 91 94
91 1 6 9 20 24 25 35 36 45 51 54 59 62 63 69 90 92 94
92 3 6 15 25 31 38 40 42 48 50 52 56 57 58 61 76 80 81 82 84 87 91
93 4 6 14 16 20 26 27 28 34 36 46 54 55 56 66 67 69 70 74 82
94 24 27 30 33 47 49 50 56 60 65 72 75 83 84 86 90 91
