30 98
0 3 7 18 19 21
1 3 20 24 27
2 12 13 24 25 27 29
3 0 1 8 9 11 16 19 24 28
4 11 14 16 17 19 20 23 26
5 11 21 22
6 9 15 16 17 19 20 26
7 0 12 13 17 24
8 3 10 11 13 16 20 22 23 26
9 3 6 10 11 18 22
10 8 9 11 20 22 25 28
11 3 4 5 8 9 10 12 16 17 23
12 2 7 11 16 20 28 29
13 2 7 8 17 18 27 29
14 4 18 23
15 6 17 20 21
16 3 4 6 8 11 12 22 24 27 28 29
17 4 6 7 11 13 15 19 20 27
18 0 9 13 14
19 0 3 4 6 17 21 22
20 1 4 6 8 10 12 15 17 23 29
21 0 5 15 19 23 24 28
22 5 8 9 10 16 19 27
23 4 8 11 14 20 21 25
24 1 2 3 7 16 21 25
25 2 10 23 24 26 29
26 4 6 8 25
27 1 2 13 16 17 22
28 3 10 12 16 21
29 2 12 13 16 20 25
