40 244
0 1 4 7 8 9 11 14 16 18 23 26 27 28 29
1 0 3 7 8 14 18 27 34 37 39
2 3 11 12 13 14 15 18 20 23 29 33 39
3 1 2 5 14 26 27 30 31 32 38
4 0 8 13 15 17 20 22 24 26 30 32 36 37
5 3 8 9 10 21 24 30 34 39
6 14 15 23 30 34
7 0 1 14 15 16 21 24 25 27 28 30 31 34
8 0 1 4 5 11 12 16 18 25 29 31 35 36 38 39
9 0 5 10 13 18 20 38
10 5 9 13 14 16 22 23 26 28 34 35 36 37
11 0 2 8 14 17 19 22 23 25 26 32 35
12 2 8 14 15 16 17 18 19 20 21 24 26 29 32 35 37
13 2 4 9 10 14 16 21 26 30 31 36 38
14 0 1 2 3 6 7 10 11 12 13 15 18 22 24 25 27 30 31 35 36 37
15 2 4 6 7 12 14 18 19 20 23 24 26 27 30 34 36 38 39
16 0 7 8 10 12 13 19 20 22 29 38
17 4 11 12 18 20 21 30 36
18 0 1 2 8 9 12 14 15 17 20 23 24 26 28 30 31 35
19 11 12 15 16 20 22 25 28 30 34 37 39
20 2 4 9 12 15 16 17 18 19 21 29 31 33 34 39
21 5 7 12 13 17 20 23 25 26 27 39
22 4 10 11 14 16 19 24 28 29 31 33 35
23 0 2 6 10 11 15 18 21 24 28 30 33 37
24 4 5 7 12 14 15 18 22 23 28 30 32 33 35 36
25 7 8 11 14 19 21 28 29 31 32 33 36
26 0 3 4 10 11 12 13 15 18 21 28 31 33 34 38
27 0 1 3 7 14 15 21 30 35
28 0 7 10 18 19 22 23 24 25 26 29 31
29 0 2 8 12 16 20 22 25 28 32 37 38
30 3 4 5 6 7 13 14 15 17 18 19 23 24 27 32 34 35 36
31 3 7 8 13 14 18 20 22 25 26 28 36 38
32 3 4 11 12 24 25 29 30 33 37
33 2 20 22 23 24 25 26 32 34 35 38
34 1 5 6 7 10 15 19 20 26 30 33 38
35 8 10 11 12 14 18 22 24 27 30 33
36 4 8 10 13 14 15 17 24 25 30 31
37 1 4 10 12 14 19 23 29 32
38 3 8 9 13 15 16 26 29 31 33 34
39 1 2 5 8 15 19 20 21
