74 350
0 20 30 55 56 63 72
1 8 15 53 57 62 65
2 8 33 49 55 56 60 68 70
3 9 14 16 24 41 42 54 64 68
4 6 19 27 40 72
5 6 13 20 31 38 46 53 57 71
6 4 5 7 21 23 27 43 47 50 56 70
7 6 9 13 20 21 25 28 41 45 49 54 55 57 67
8 1 2 20 35 44 58 67 73
9 3 7 15 18 21 28 47 60 66 71
10 11 34 42 49 53 64 65
11 10 18 19 25 26 29 51 55 58 64 71
12 14 17 56 64
13 5 7 15 24 25 27 47 49 50 58 59 62 73
14 3 12 18 30 47 51 55 61 63 70
15 1 9 13 20 35 37 38 43 56 59
16 3 17 37 47 48 57 65
17 12 16 25 32 35 41 44 53 56 70 72
18 9 11 14 23 35 36 59 61 66
19 4 11 24 29 35 36 37 49 52 54 57 59 61 71
20 0 5 7 8 15 55 64
21 6 7 9 28 35 43 45 48 49 54 55 58 73
22 37 43 55 62 65 66 72
23 6 18 27 39 42 45 46
24 3 13 19 29 35 42 45 49 58 60 61
25 7 11 13 17 26 27 32 34 35 43 47 48 53 54 58 59 66
26 11 25 37 40 42 47 52 60 67 69 71
27 4 6 13 23 25 33 37 44 50 53 61 65 69
28 7 9 21 39 54 56 57 59 61 64 70
29 11 19 24 41 44 46 51 52 67 72
30 0 14 38 48 52 55 61 73
31 5
32 17 25 40 44 59 70
33 2 27 35 40 50
34 10 25 35 44 45 66 67 71
35 8 15 17 18 19 21 24 25 33 34 40 42 57 59 62 65
36 18 19 49 57 58 62 63 70 72
37 15 16 19 22 26 27 39 47 50 60 62 66 71
38 5 15 30 68 71
39 23 28 37 42 57 67 70 71
40 4 26 32 33 35 43 63
41 3 7 17 29 43 62 70
42 3 10 23 24 26 35 39 73
43 6 15 21 22 25 40 41 55
44 8 17 27 29 32 34 45 47 52 54 59 67
45 7 21 23 24 34 44 47 61 62 66 67
46 5 23 29 50 51 54 59 60 61 66 70 71
47 6 9 13 14 16 25 26 37 44 45 49 58 59 67
48 16 21 25 30 50 55 59 68
49 2 7 10 13 19 21 24 36 47 58 64
50 6 13 27 33 37 46 48 53 59 67 73
51 11 14 29 46 52 56 61 64 70
52 19 26 29 30 44 51 60 61 73
53 1 5 10 17 25 27 50 56 60 68
54 3 7 19 21 25 28 44 46 66 68 71
55 0 2 7 11 14 20 21 22 30 43 48 57 63
56 0 2 6 12 15 17 28 51 53 65 73
57 1 5 7 16 19 28 35 36 39 55 65
58 8 11 13 21 24 25 36 47 49 67
59 13 15 18 19 25 28 32 35 44 46 47 48 50
60 2 9 24 26 37 46 52 53 61 62
61 14 18 19 24 27 28 30 45 46 51 52 60 69 73
62 1 13 22 35 36 37 41 45 60 67
63 0 14 36 40 55
64 3 10 11 12 20 28 49 51
65 1 10 16 22 27 35 56 57
66 9 18 22 25 34 37 45 46 54
67 7 8 26 29 34 39 44 45 47 50 58 62
68 2 3 38 48 53 54 72
69 26 27 61
70 2 6 14 17 28 32 36 39 41 46 51 72
71 5 9 11 19 26 34 37 38 39 46 54
72 0 4 17 22 29 36 68 70
73 8 13 21 30 42 50 52 56 61
