35 138
0 3 4 6 14 16 24 27
1 4 24 29
2 10 11 15 16 26 28 31 34
3 0 11 16 18 20 21 26 28 29 32 34
4 0 1 11 13 18 21 22 27 28
5 21 22 24
6 0 8 9 10 11 13 17 21 23 34
7 16 19 20 23 25 30 31
8 6 14 15 18 26 30 31
9 6 12 18 19 27 28 30 31
10 2 6 13 14 20 21 27 32 33
11 2 3 4 6 13 15 17 18 19 21 22 23 25 28 29 32 34
12 9 15 19 24 33
13 4 6 10 11 15 16 18 28 29 30 33 34
14 0 8 10 23 26 30
15 2 8 11 12 13 16 25
16 0 2 3 7 13 15 28 33
17 6 11 18 24 28 32 33
18 3 4 8 9 11 13 17 21 25 34
19 7 9 11 12 21 24 31 33 34
20 3 7 10 21 31
21 3 4 5 6 10 11 18 19 20 23 25 26 27 34
22 4 5 11 28
23 6 7 11 14 21
24 0 1 5 12 17 19
25 7 11 15 18 21 28 32
26 2 3 8 14 21 29
27 0 4 9 10 21 31 32
28 2 3 4 9 11 13 16 17 22 25 29
29 1 3 11 13 26 28 31 32 33 34
30 7 8 9 13 14 31
31 2 7 8 9 19 20 27 29 30
32 3 10 11 17 25 27 29
33 10 12 13 16 17 19 29
34 2 3 6 11 13 18 19 21 29
