27 96
0 6 8 10 14 15 16 22
1 2 5 11 13 15 17 19 23 24 25
2 1 9 11 16 17 19 20 22 26
3 5 6 7 26
4 11 22 24 26
5 1 3 7 8 11 17 19 23 24 26
6 0 3 8 17 20 22 25
7 3 5 8 10 13 14 18
8 0 5 6 7 9 10 11 18 20 21 26
9 2 8 15 22 23 25
10 0 7 8 25
11 1 2 4 5 8 21 23
12 17 18 19 26
13 1 7 15 16 17 21
14 0 7 16 18 19
15 0 1 9 13 16 17 18 20 21 23 24 26
16 0 2 13 14 15 19 20 21 26
17 1 2 5 6 12 13 15 24 25
18 7 8 12 14 15 19 20 22 24
19 1 2 5 12 14 16 18
20 2 6 8 15 16 18
21 8 11 13 15 16 25
22 0 2 4 6 9 18 25
23 1 5 9 11 15
24 1 4 5 15 17 18
25 1 6 9 10 17 21 22
26 2 3 4 5 8 12 15 16
