36 161
0 2 3 16 17 23 24 25 26 31 32 35
1 3 4 12 17 21 24 26 27 28 32 33 34 35
2 0 3 10 12 16 20 21 31 32
3 0 1 2 6 8 9 20 25 27 28 29 30 31 33
4 1 10 11 17 23 29 34
5 6 7 11 12 20 25 26 32 33
6 3 5 7 12 15 22 24 29
7 5 6 11 13 14 21 28 33 35
8 3 16 24 25 28 29 33
9 3 15 17 26 33
10 2 4 11 19 32 34 35
11 4 5 7 10 13 18 22 35
12 1 2 5 6 13 20 22 23 24 28 29 30
13 7 11 12 15 20 23 24 25 28 31 32 35
14 7 16 21 26 28 32 33
15 6 9 13 17 18 26 30 31 32 33
16 0 2 8 14 18 20 21 24 26
17 0 1 4 9 15 27 28
18 11 15 16 23 29
19 10 23 25 31
20 2 3 5 12 13 16 25 32 33 34
21 1 2 7 14 16 25 26 28
22 6 11 12 23 24 29 31
23 0 4 12 13 18 19 22 25 35
24 0 1 6 8 12 13 16 22 33 34 35
25 0 3 5 8 13 19 20 21 23 27 28
26 0 1 5 9 14 15 16 21 33
27 1 3 17 25
28 1 3 7 8 12 13 14 17 21 25 30 31 32 33
29 3 4 6 8 12 18 22 31 33
30 3 12 15 28 32
31 0 2 3 13 15 19 22 28 29 32
32 0 1 2 5 10 13 14 15 20 28 30 31
33 1 3 5 7 8 9 14 15 20 24 26 28 29 34 35
34 1 4 10 20 24 33
35 0 1 7 10 11 13 23 24 33
