29 156
0 2 3 4 7 13 16 17 19 20 23 24 25
1 2 5 7 8 12 15 17 21 22 25 27
2 0 1 3 4 5 6 7 13 15 24 25 26 28
3 0 2 8 9 11 13 17 20 21 23 25 26
4 0 2 5 9 11 12 14 17 18 21 22 28
5 1 2 4 6 7 8 10 11 13 15 16 18 20 25 27
6 2 5 8 9 11 16 20 22 26 27
7 0 1 2 5 8 9 11 12 14 16 18 19 20 22 26 27
8 1 3 5 6 7 9 10 14 18 19 23 28
9 3 4 6 7 8 13 17
10 5 8 11 12 13 17 21 22 24 26 27 28
11 3 4 5 6 7 10 16 18 20
12 1 4 7 10 13 19 24 25
13 0 2 3 5 9 10 12 19 21 22 23 26 28
14 4 7 8 16 18 21 22 28
15 1 2 5 16 17 26
16 0 5 6 7 11 14 15 19 20 22 24 26
17 0 1 3 4 9 10 15 18
18 4 5 7 8 11 14 17 20 24 27
19 0 7 8 12 13 16 20 25 26
20 0 3 5 6 7 11 16 18 19 21 25 26 27
21 1 3 4 10 13 14 20 24 26 27 28
22 1 4 6 7 10 13 14 16 24 25
23 0 3 8 13 24 25 27
24 0 2 10 12 16 18 21 22 23 25 26
25 0 1 2 3 5 12 19 20 22 23 24 26
26 2 3 6 7 10 13 15 16 19 20 21 24 25 27
27 1 5 6 7 10 18 20 21 23 26 28
28 2 4 8 10 13 14 21 27
