125 717
0 29 32 37 50 80 85 95 97 100 106
1 8 15 19 27 30 53 60 69 77 78 81 84 99
2 8 22 23 35 53 95 109
3 16 28 30 31 42 43 44 56 64 73 74 118
4 10 16 23 32 35 37 49 54 59 67 103
5 7 24 46 49 50 72 78 97 103 116
6 15 24 31 74 79 97 98
7 5 45 47 75 82 83 99 105
8 1 2 10 24 28 37 43 52 57 80 105
9 17 32 35 37 41 93 96 99 101
10 4 8 11 19 83 92 99 107 110 118 123
11 10 17 20 44 45 48 80 82 90 105 108 118
12 13 14 21 37 40 72 88 111 114
13 12 32 43 47 52 68 85 87 97 123
14 12 15 21 24 25 42 54 56 61 71 74 90 116
15 1 6 14 43 44 58 61 65 67 77 78 105
16 3 4 19 51 52 54 88 95 105 107 111 114 123
17 9 11 20 23 24 33 43 46 57 60 65 73 85 99 104 110 118
18 24 27 37 43 51 63 75 80 82 91 103 119
19 1 10 16 51 55 61 67 79 80 88 94 100 118 119
20 11 17 24 38 54 71 72 76 94 104 116
21 12 14 41 46 59 75 84 86 89 91 93 109 122
22 2 23 25 32 52 53 58 68 75 78 80 108 109
23 2 4 17 22 33 41 60 75 77 79 83 94 119
24 5 6 8 14 17 18 20 25 34 55 58 61 64 85 90 96 99 109 111
25 14 22 24 38 48 51 58 71 81 88 96 108
26 28 42 53 55 59 79 85 91 92 103
27 1 18 30 37 39 41 46 48 62 78 117 123
28 3 8 26 50 51 53 54 61 64 67 71 84 92 101 102 111 113 120
29 0 32 59 60 67 71 79 86 96 101 103 104
30 1 3 27 52 73 99 105 114 124
31 3 6 35 60 61 73 76 86 88 92 94 103 104 105 112
32 0 4 9 13 22 29 54 70 87 97 103 120
33 17 23 41 54 70 97 101 102 104 109 114 116
34 24 35 40 57 63 67 94 103 112 117
35 2 4 9 31 34 42 47 48 51 55 73 99 102 103 104 112 120
36 37 38 43 53 64 67 82 90 111 112 113 119 121
37 0 4 8 9 12 18 27 36 52 55 70 73 92 96 106
38 20 25 36 55 71 78 84 91 105 110 111 113 115 117
39 27 73 80 102 117 120 122
40 12 34 98 102 106 112 113
41 9 21 23 27 33 59 66 70 76 77 122
42 3 14 26 35 45 59 66 67 81 100 110 111 119
43 3 8 13 15 17 18 36 46 62 63 73 94 103 109
44 3 11 15 82 89 93 94 98 115 118 119
45 7 11 42 56 74 80 96 102 114
46 5 17 21 27 43 50 62 63 85 110
47 7 13 35 48 79 86 93 112
48 11 25 27 35 47 65 79 84 86 89 90 115
49 4 5 73 82 86 102 110 116 121
50 0 5 28 46 58 59 63 67 103 104 112 123
51 16 18 19 25 28 35 61 64 84 91 120
52 8 13 16 22 30 37 64 67 72 76 85 99 119 122
53 1 2 22 26 28 36 64 74 100 101 103 109 111 114 115 119
54 4 14 16 20 28 32 33 56 64 67 88 91 108
55 19 24 26 35 37 38 58 61 64 73 74 111 122
56 3 14 45 54 74 80 82 89 102 108
57 8 17 34 59 68 78 103 111
58 15 22 24 25 50 55 72 78 79 86 87 106 108 114 118
59 4 21 26 29 41 42 50 57 68 75 84 119
60 1 17 23 29 31 74 83 85 102 119
61 14 15 19 24 28 31 51 55 71 76 91 115 123
62 27 43 46 68 70 76 80 86 95 106 121
63 18 34 43 46 50 87 93
64 3 24 28 36 51 52 53 54 55 67 70 72 95
65 15 17 48 70 79 90 108 121
66 41 42 77 104 107 109 118
67 4 15 19 28 29 34 36 42 50 52 54 64 71 77 78 82 104
68 13 22 57 59 62 114 119
69 1 83 89 100 111 116 124
70 32 33 37 41 62 64 65 79 80 97 100 105 106
71 14 20 25 28 29 38 61 67 89 98 107 117
72 5 12 20 52 58 64 78 100
73 3 17 30 31 35 37 39 43 49 55 75 78 87 98 104 106 124
74 3 6 14 45 53 55 56 60 76 82 84 86 104 121
75 7 18 21 22 23 59 73 101 102 108 121 124
76 20 31 41 52 61 62 74 84 85 91 93 102 107 117 124
77 1 15 23 41 66 67 80 86 90 91 95 119 120
78 1 5 15 22 27 38 57 58 67 72 73 87 101
79 6 19 23 26 29 47 48 58 65 70 80 83 88 100 113
80 0 8 11 18 19 22 39 45 56 62 70 77 79 95 97 98
81 1 25 42 92 106 108 119 124
82 7 11 18 36 44 49 56 67 74 88 95 110 121
83 7 10 23 60 69 79 96 97 102 120 121 123
84 1 21 28 38 48 51 59 74 76 99
85 0 13 17 24 26 46 52 60 76 92 97 105
86 21 29 31 47 48 49 58 62 74 77 98
87 13 32 58 63 73 78 116
88 12 16 19 25 31 54 79 82 90 97 98 101 118 124
89 21 44 48 56 69 71 108 116
90 11 14 24 36 48 65 77 88 96 121 122
91 18 21 26 38 51 54 61 76 77 95 96 113 117 120 122
92 10 26 28 31 37 81 85 94 101 113 116
93 9 21 44 47 63 76 111 121 122
94 19 20 23 31 34 43 44 92 119
95 0 2 16 62 64 77 80 82 91 101 111 116 124
96 9 24 25 29 37 45 83 90 91 97 103 109
97 0 5 6 13 32 33 70 80 83 85 88 96 111 124
98 6 40 44 71 73 80 86 88 99 123
99 1 7 9 10 17 24 30 35 52 84 98 100
100 0 19 42 53 69 70 72 79 99 124
101 9 28 29 33 53 75 78 88 92 95
102 28 33 35 39 40 45 49 56 60 75 76 83 123
103 4 5 18 26 29 31 32 34 35 43 50 53 57 96 107 112 118 120
104 17 20 29 31 33 35 50 66 67 73 74 120
105 7 8 11 15 16 30 31 38 70 85 110 120
106 0 37 40 58 62 70 73 81 124
107 10 16 66 71 76 103 117
108 11 22 25 54 56 58 65 75 81 89
109 2 21 22 24 33 43 53 66 96 118
110 10 17 38 42 46 49 82 105 111 117 123
111 12 16 24 28 36 38 42 53 55 57 69 93 95 97 110 115
112 31 34 35 36 40 47 50 103
113 28 36 38 40 79 91 92
114 12 16 30 33 45 53 58 68 115
115 38 44 48 53 61 111 114 118
116 5 14 20 33 49 69 87 89 92 95
117 27 34 38 39 71 76 91 107 110
118 3 10 11 17 19 44 58 66 88 103 109 115
119 18 19 23 36 42 44 52 53 59 60 68 77 81 94
120 28 32 35 39 51 77 83 91 103 104 105 123
121 36 49 62 65 74 75 82 83 90 93
122 21 39 41 52 55 90 91 93 123
123 10 13 16 27 50 61 83 98 102 110 120 122
124 30 69 73 75 76 81 88 95 97 100 106
