60 315
0 1 2 5 8 17 31 34 37 41 43 51 59
1 0 6 10 11 13 14 20 28 31 32 38 44 45 53 54 57
2 0 10 11 18 26 32 34 44 47 52 53 56 58 59
3 4 13 15 34 37 40 43 47 49 50 55
4 3 5 11 14 16 17 26 30 40 42 50 59
5 0 4 10 16 17 21 23 26 51 52 55
6 1 7 11 20 21 29 32 39 41 46 54
7 6 27 29 34 45 47 48 49 51
8 0 10 16 17 18 37 44 57 58
9 15 16 22 25 37 40 52 59
10 1 2 5 8 11 24 25 36 39 41 44 56
11 1 2 4 6 10 20 21 31 38 46 51 52 55 57
12 19 38 45 51 52
13 1 3 18 21 37 41 43 45 50
14 1 4 20 22 28 30 40 59
15 3 9 18 28 30 31 50 58
16 4 5 8 9 19 21 40 46 48 49
17 0 4 5 8 22 27 31 45 58
18 2 8 13 15 19 24 35 40 44 49 56 58
19 12 16 18 28 36 57
20 1 6 11 14 22 28 30 34 36 40 44 54
21 5 6 11 13 16 23 30 40 48 56 59
22 9 14 17 20 31 32 38 39 45 46 55 59
23 5 21 26 28 32 35 40 42 44 50 53 55 57
24 10 18 28 29 33 35 37 44 46 50 55 56 58
25 9 10 27 43 44 48 52 56
26 2 4 5 23 28 33 39 54
27 7 17 25 29 34 40 49
28 1 14 15 19 20 23 24 26 57 58
29 6 7 24 27 37 43 44 53 54 55 59
30 4 14 15 20 21 34 37 45 56
31 0 1 11 15 17 22 34 35 38 41 44 45 50 58
32 1 2 6 22 23 34 37 50 51 55
33 24 26 38 41 49 56 57
34 0 2 3 7 20 27 30 31 32 38 40 46 52 57
35 18 23 24 31 39 41 46 50 53 54 58
36 10 19 20 37 40 44 49 51
37 0 3 8 9 13 24 29 30 32 36 39 41 43 44
38 1 11 12 22 31 33 34 40 43 44 53
39 6 10 22 26 35 37 43 50 54
40 3 4 9 14 16 18 20 21 23 27 34 36 38 48 51
41 0 6 10 13 31 33 35 37 46 50 53
42 4 23 43 59
43 0 3 13 25 29 37 38 39 42 53 54 59
44 1 2 8 10 18 20 23 24 25 29 31 36 37 38 50
45 1 7 12 13 17 22 30 31 52 56
46 6 11 16 22 24 34 35 41 50 56
47 2 3 7 51 53 55
48 7 16 21 25 40 53 59
49 3 7 16 18 27 33 36 53 57
50 3 4 13 15 23 24 31 32 35 39 41 44 46 53 56
51 0 5 7 11 12 32 36 40 47
52 2 5 9 11 12 25 34 45 53 54 59
53 1 2 23 29 35 38 41 43 47 48 49 50 52 54
54 1 6 20 26 29 35 39 43 52 53
55 3 5 11 22 23 24 29 32 47 59
56 2 10 18 21 24 25 30 33 45 46 50
57 1 8 11 19 23 28 33 34 49 59
58 2 8 15 17 18 24 28 31 35
59 0 2 4 9 14 21 22 29 42 43 48 52 55 57
