106 1163
0 12 16 19 20 38 39 40 41 45 48 52 65 67 74 79 100 101 102
1 5 8 10 14 19 23 27 33 36 39 43 46 48 50 58 65 81 82 87
2 7 11 16 24 31 35 38 40 41 44 52 56 63 64 73 92 93 98 102 104
3 12 14 15 17 22 25 26 31 34 40 42 43 46 57 72 75 83 85 86 87 91 92 93 95 97
4 18 19 28 29 32 36 37 48 49 52 58 66 69 70 72 73 82 101
5 1 11 12 15 18 25 28 31 32 42 46 49 53 56 73 74 82 84 87 89 100
6 7 10 11 24 27 32 33 34 35 40 45 47 48 66 67 74 78 79 81 88 89 90 93 95 96 98
7 2 6 9 10 12 14 21 24 35 37 40 41 43 49 53 55 61 66 81 83 88 89 93 95
8 1 21 22 26 31 37 38 48 51 59 61 62 64 66 69 71 74 77 80 84 89 93 99
9 7 10 11 15 26 27 36 37 40 42 43 64 77 82 84 92 93 105
10 1 6 7 9 27 31 32 36 37 51 71 76 77 82 85 87 98 100 101
11 2 5 6 9 18 55 60 65 67 70 75 76 78 84 96 102 104
12 0 3 5 7 16 17 19 25 31 34 41 42 44 45 49 51 62 68 73 76 80 81 83 91 94 95 98 100 101 102 105
13 14 15 16 19 24 25 26 27 29 30 34 38 43 44 49 52 53 55 56 57 59 62 63 64 65 71 73 78 82 86 89 98 99 104 105
14 1 3 7 13 15 16 19 21 23 24 26 28 30 40 44 50 57 61 64 73 75 81 84 86 91 92 100 103 104
15 3 5 9 13 14 17 18 34 35 38 44 50 58 63 64 68 69 71 74 82 102 104 105
16 0 2 12 13 14 21 24 25 28 31 32 40 44 47 49 51 52 54 55 56 58 71 74 79 92 95 96 101
17 3 12 15 19 35 55 62 66 71 73 76 83 84 85 92 94
18 4 5 11 15 20 29 30 33 39 41 45 49 52 55 59 67 73 74 87 90 93 94 100
19 0 1 4 12 13 14 17 25 32 38 40 42 48 53 58 59 62 66 71 74 76 88 97 101
20 0 18 21 24 30 31 32 34 36 43 56 61 63 66 67 69 71 73 79 86 91 98 105
21 7 8 14 16 20 26 36 43 46 48 49 54 59 61 65 72 74 82 83 84 92 96
22 3 8 29 37 38 41 45 50 57 62 67 73 86 88 89 95 100
23 1 14 24 25 29 33 35 48 52 60 62 78 83 89 92
24 2 6 7 13 14 16 20 23 25 32 34 39 41 43 45 50 53 57 61 63 74 75 84 85 91 95
25 3 5 12 13 16 19 23 24 29 31 41 45 49 56 61 62 68 75 81 82 84 90 97 99 105
26 3 8 9 13 14 21 28 29 33 39 44 52 58 62 64 69 70 71 76 84 86 91 103
27 1 6 9 10 13 31 34 35 36 44 49 51 54 55 65 68 73 76 78 82 84 89 93 96 103
28 4 5 14 16 26 33 40 42 43 46 47 50 51 52 59 60 70 72 82 83 84 98 101
29 4 13 18 22 23 25 26 34 41 42 49 51 61 65 69 73 76 78 82 91 92 101 104 105
30 13 14 18 20 36 51 54 56 68 73 88 98
31 2 3 5 8 10 12 16 20 25 27 41 48 49 50 69 70 71 78 85 91 95 96 97
32 4 5 6 10 16 19 20 24 36 39 43 45 46 58 75 82 95 103
33 1 6 18 23 26 28 35 36 44 56 61 77 79 88 94 104
34 3 6 12 13 15 20 24 27 29 37 38 43 48 53 58 60 63 64 65 70 73 82 88 89 104 105
35 2 6 7 15 17 23 27 33 36 40 41 54 59 63 65 68 73 77 85 86 88 91 93 99 100
36 1 4 9 10 20 21 27 30 32 33 35 40 43 53 54 57 61 62 69 82 88 93 95
37 4 7 8 9 10 22 34 42 43 50 54 58 60 67 77 93 96 102 103
38 0 2 8 13 15 19 22 34 40 41 53 55 57 61 63 71 78 80 94 97
39 0 1 18 24 26 32 49 53 55 57 58 67 71 74 81 91 99 102
40 0 2 3 6 7 9 14 16 19 28 35 36 38 43 57 67 69 70 78 80 82 85 86 90 91 94 96 101
41 0 2 7 12 18 22 24 25 29 31 35 38 42 46 52 57 59 66 76 82 84 86 89 91 93 95 100 101 102
42 3 5 9 12 19 28 29 37 41 51 57 62 67 69 72 78 79 84 90 92 96 105
43 1 3 7 9 13 20 21 24 28 32 34 36 37 40 45 46 48 50 54 56 58 61 67 73 78 82 87 88 93 95 99 103
44 2 12 13 14 15 16 26 27 33 47 50 57 58 67 85 87 94 95 101 104
45 0 6 12 18 22 24 25 32 43 49 51 53 56 60 66 69 71 79 81 87 88 90 94 96 105
46 1 3 5 21 28 32 41 43 50 56 59 71 75 82 88 89 99 105
47 6 16 28 44 61 63 72 74 76 78 86 87 100 103 105
48 0 1 4 6 8 19 21 23 31 34 43 53 55 56 59 60 71 72 80 83 84 86 95 103 105
49 4 5 7 12 13 16 18 21 25 27 29 31 39 45 51 56 60 69 76 85 91 101
50 1 14 15 22 24 28 31 37 43 44 46 52 73 74 75 83 90 95 98 101 104
51 8 10 12 16 27 28 29 30 42 45 49 59 62 63 66 69 73 76 83 84 85 87 89
52 0 2 4 13 16 18 23 26 28 41 50 55 61 62 71 75 76 78 84 86 94 103
53 5 7 13 19 24 34 36 38 39 45 48 55 57 62 65 70 77 87 89 90 93 94 101 105
54 16 21 27 30 35 36 37 43 56 57 60 65 68 69 74 75 85 93 97 99 105
55 7 11 13 16 17 18 27 38 39 48 52 53 61 65 72 74 77 79 84 86 89 94 95 100
56 2 5 13 16 20 25 30 33 43 45 46 48 49 54 57 58 61 83 89 91 92 94 103
57 3 13 14 22 24 36 38 39 40 41 42 44 53 54 56 58 62 72 83 87 89 95
58 1 4 15 16 19 26 32 34 37 39 43 44 56 57 59 68 69 71 73 75 84 90 102 103 104
59 8 13 18 19 21 28 35 41 46 48 51 58 65 74 75 76 80 82 83 84 100 103
60 11 23 28 34 37 45 48 49 54 64 78 79 85 86 87 88 89 92 97 98 102
61 7 8 14 20 21 24 25 29 33 36 38 43 47 52 55 56 62 74 76 80 83 90 91 104
62 8 12 13 17 19 22 23 25 26 36 42 51 52 53 57 61 66 67 70 71 79 87 91
63 2 13 15 20 24 34 35 38 47 51 64 67 68 71 84 93 94 95 97 99 100
64 2 8 9 13 14 15 26 34 60 63 70 79 84 85 95 100 103
65 0 1 11 13 21 27 29 34 35 53 54 55 59 70 83 87 97 99 102 105
66 4 6 7 8 17 19 20 41 45 51 62 69 70 84 89 94 101
67 0 6 11 18 20 22 37 39 40 42 43 44 62 63 69 72 75 79 84 94 98 100
68 12 15 25 27 30 35 54 58 63 73 75 76 88 90 92 95 96 99 101 103
69 4 8 15 20 26 29 31 36 40 42 45 49 51 54 58 66 67 72 76 82 87 92 99 100 104 105
70 4 11 26 28 31 34 40 53 62 64 65 66 75 82 87 103
71 8 10 13 15 16 17 19 20 26 31 38 39 45 46 48 52 58 62 63 76 79 80 82 83 89 90 105
72 3 4 21 28 42 47 48 55 57 67 69 74 76 78 80 91 93 97 98 99 100 102 105
73 2 4 5 12 13 14 17 18 20 22 27 29 30 34 35 43 50 51 58 68 75 77 80 90 92 95
74 0 5 6 8 15 16 18 19 21 24 39 47 50 54 55 59 61 72 76 84 95 96 98 99
75 3 11 14 24 25 32 46 50 52 54 58 59 67 68 70 73 78 95 102 103
76 10 11 12 17 19 26 27 29 41 47 49 51 52 59 61 68 69 71 72 74 84 103
77 8 9 10 33 35 37 53 55 73 78 82 93 102
78 6 11 13 23 27 29 31 38 40 42 43 47 52 60 72 75 77 80 86 87 97 98 105
79 0 6 16 20 33 42 45 55 60 62 64 67 71 82 86 90 96 99 102 104
80 8 12 38 40 48 59 61 71 72 73 78 91 96 98 100 102
81 1 6 7 12 14 25 39 45 84 90 96 98 101 102
82 1 4 5 9 10 13 15 21 25 27 28 29 32 34 36 40 41 43 46 59 69 70 71 77 79 84 90 91 93 95 102
83 3 7 12 17 21 23 28 48 50 51 56 57 59 61 65 71 84 87 98 100
84 5 8 9 11 14 17 21 24 25 26 27 28 41 42 48 51 52 55 58 59 63 64 66 67 74 76 81 82 83 88 90 92
85 3 10 17 24 31 35 40 44 49 51 54 60 64 89 90 96 99 103
86 3 13 14 20 22 26 35 40 41 47 48 52 55 60 78 79 90 92
87 1 3 5 10 18 43 44 45 47 51 53 57 60 62 65 69 70 78 83 90 91 96 104
88 6 7 19 22 30 33 34 35 36 43 45 46 60 68 84 93 94
89 5 6 7 8 13 22 23 27 34 41 46 51 53 55 56 57 60 66 71 85 98 99 100 105
90 6 18 25 40 42 45 50 53 58 61 68 71 73 79 81 82 84 85 86 87 91 95 99 105
91 3 12 14 20 24 26 29 31 35 39 40 41 49 56 61 62 72 80 82 87 90 94
92 2 3 9 14 16 17 21 23 29 42 56 60 68 69 73 84 86 95 97 98 102
93 2 3 6 7 8 9 18 27 35 36 37 41 43 53 54 63 72 77 82 88 101
94 12 17 18 33 38 40 44 45 52 53 55 56 63 66 67 88 91 96 99 100 103 105
95 3 6 7 12 16 22 24 31 32 36 41 43 44 48 50 55 57 63 64 68 73 74 75 82 90 92 100
96 6 11 16 21 27 31 37 40 42 45 68 74 79 80 81 85 87 94 102 104 105
97 3 19 25 31 38 54 60 63 65 72 78 92 99 100 104
98 2 6 10 12 13 20 28 30 50 60 67 72 74 78 80 81 83 89 92 101 102 105
99 8 13 25 35 39 43 46 54 63 65 68 69 72 74 79 85 89 90 94 97 102
100 0 5 10 12 14 18 22 35 41 47 55 59 63 64 67 69 72 80 83 89 94 95 97 105
101 0 4 10 12 16 19 28 29 40 41 44 49 50 53 66 68 81 93 98 103
102 0 2 11 12 15 37 39 41 58 60 65 72 75 77 79 80 81 82 92 96 98 99
103 14 26 27 32 37 43 47 48 52 56 58 59 64 68 70 75 76 85 94 101
104 2 11 13 14 15 29 33 34 44 50 58 61 69 79 87 96 97
105 9 12 13 15 20 25 29 34 42 45 46 47 48 53 54 65 69 71 72 78 89 90 94 96 98 100
