86 1184
0 1 2 3 5 14 16 17 23 24 33 34 36 37 39 42 44 49 50 51 56 57 60 61 64 68 69 74 77
1 0 4 6 9 11 13 15 17 24 29 32 35 37 39 40 49 55 56 58 59 60 62 63 64 65 67 69 74 77 81 85
2 0 6 9 13 18 20 21 27 28 29 30 32 34 38 42 43 44 51 65 66 72 78 79 80 82 83 85
3 0 13 19 22 25 27 30 34 36 37 38 39 40 46 47 49 50 56 57 65 73 76 78 79 80 84
4 1 5 8 11 12 17 19 22 26 28 31 32 33 39 40 42 44 47 50 51 53 55 57 58 61 64 65 69 70 73 74 75 76 79 84 85
5 0 4 10 12 13 14 20 21 28 32 39 47 53 58 61 63 64 67 68 71 73 75 77 81 82 84 85
6 1 2 9 12 16 17 19 20 22 24 27 31 34 37 38 42 47 49 53 54 57 59 61 62 65 67 68 70 71 72 73 78 83
7 16 17 20 22 23 27 29 33 37 40 44 47 49 51 53 55 60 65 67 69 70 71 72 74 76 83
8 4 13 18 23 24 29 30 37 38 39 42 44 46 47 48 49 50 52 53 54 57 63 67 73 74 75 79 84
9 1 2 6 13 14 22 24 27 28 29 30 31 33 36 41 42 46 48 49 52 63 65 68 69 73 74 77 82
10 5 12 13 14 23 24 25 28 29 30 31 32 34 36 43 45 54 57 64 67 69 77 83 84 85
11 1 4 19 25 26 27 28 29 38 41 42 48 49 53 56 58 59 63 67 70 71 74 80 82 83 85
12 4 5 6 10 13 17 19 21 23 24 25 29 32 35 38 42 46 47 50 51 57 59 62 68 70 71 72 73 79 84
13 1 2 3 5 8 9 10 12 14 18 21 23 26 29 36 37 41 43 47 52 57 58 60 64 66 70 73 76 80 83
14 0 5 9 10 13 18 25 27 36 38 39 41 43 46 47 51 54 57 62 63 68 73 82 84
15 1 17 19 28 30 32 33 37 42 44 48 49 50 52 55 56 57 58 60 61 63 73 77
16 0 6 7 18 21 24 25 27 37 38 39 41 42 45 48 49 54 57 59 60 61 66 69 73 76 77 78 82 85
17 0 1 4 6 7 12 15 18 20 25 27 28 30 42 43 48 49 50 54 55 63 64 69 73 75 76 80 81 84 85
18 2 8 13 14 16 17 20 25 28 32 41 47 48 50 52 55 61 63 64 71 72 77 83 84
19 3 4 6 11 12 15 23 24 25 32 38 44 47 48 49 51 53 58 61 64 65 69 70 73 74 75 76 77 78 83
20 2 5 6 7 17 18 21 23 24 26 27 29 34 38 43 48 50 51 57 58 64 65 68 71 72 73 74 76 77 78 80 82 85
21 2 5 12 13 16 20 23 27 31 32 35 37 38 40 41 49 50 51 61 65 67 73 74 81
22 3 4 6 7 9 24 26 30 34 37 42 44 46 47 48 51 63 64 69 72 73 74 75 77 80 81 82
23 0 7 8 10 12 13 19 20 21 24 25 34 40 42 46 49 54 61 62 71 73 76 80 83
24 0 1 6 8 9 10 12 16 19 20 22 23 26 28 31 32 34 38 39 41 44 45 46 47 49 51 52 56 57 58 59 68 70 71
25 3 10 11 12 14 16 17 18 19 23 28 30 34 38 41 43 49 50 54 58 62 65 67 72 74 80 82 83
26 4 11 13 20 22 24 29 30 36 38 39 40 43 45 46 48 49 57 60 62 65 66 71 74 81
27 2 3 6 7 9 11 14 16 17 20 21 28 29 31 35 38 39 41 45 46 47 49 50 59 67 76 78 80 82
28 2 4 5 9 10 11 15 17 18 24 25 27 32 33 35 38 39 42 44 45 46 49 50 56 61 63 70 71 72 74 75 76 77 78 79 83 84 85
29 1 2 7 8 9 10 11 12 13 20 26 27 32 38 42 45 47 49 52 62 63 67 72 77 81 84
30 2 3 8 9 10 15 17 22 25 26 35 37 40 50 53 58 59 61 64 65 68 70 71 72 78
31 4 6 9 10 21 24 27 36 37 40 41 46 52 54 57 63 70 82
32 1 2 4 5 10 12 15 18 19 21 24 28 29 33 39 42 48 51 58 59 61 62 63 65 66 71
33 0 4 7 9 15 28 32 35 41 45 46 50 53 60 62 65 67 70 72 73 76 81 83 85
34 0 2 3 6 10 20 22 23 24 25 36 38 46 48 49 51 52 63 66 68 72 74 75 78 84 85
35 1 12 21 27 28 30 33 36 38 39 41 42 46 48 53 59 64 65 68 80 83
36 0 3 9 10 13 14 26 31 34 35 44 45 49 52 64 66 68 69 72 73 75 80 84
37 0 1 3 6 7 8 13 15 16 21 22 30 31 41 51 58 60 66 68 70 72 74 76 80
38 2 3 6 8 11 12 14 16 19 20 21 24 25 26 27 28 29 34 35 39 42 43 46 47 48 50 55 60 62 63 64 65 66 68 69 71 72 76 77 79 81 82 83
39 0 1 3 4 5 8 14 16 24 26 27 28 32 35 38 40 41 42 43 45 46 47 49 58 64 77 78 79 81
40 1 3 4 7 21 23 26 30 31 39 42 43 49 55 59 61 62 65 67 68 72 74 78 79 84
41 9 11 13 14 16 18 21 24 25 27 31 33 35 37 39 45 46 48 60 65 70 71 73 74 85
42 0 2 4 6 8 9 11 12 15 16 17 22 23 28 29 32 35 38 39 40 44 46 49 55 64 65 69 72 74 76 84
43 2 10 13 14 17 20 25 26 38 39 40 44 54 59 71 80 82 83
44 0 2 4 7 8 15 19 22 24 28 36 42 43 45 51 52 54 58 60 62 66 67 69 73 76 83 85
45 10 16 24 26 27 28 29 33 36 39 41 44 46 49 51 56 57 58 59 62 65 66 70 71 74 77 80 84
46 3 8 9 12 14 22 23 24 26 27 28 31 33 34 35 38 39 41 42 45 55 57 58 59 63 65 74 75 76 77 82 85
47 3 4 5 6 7 8 12 13 14 18 19 22 24 27 29 38 39 53 62 64 66 69 72 78 81 82 83
48 8 9 11 15 16 17 18 19 20 22 26 32 34 35 38 41 53 56 57 60 62 63 69 70 71 72
49 0 1 3 6 7 8 9 11 15 16 17 19 21 23 24 25 26 27 28 29 34 36 39 40 42 45 51 53 54 60 67 68 69 72 76 78 82 85
50 0 3 4 8 12 15 17 18 20 21 25 27 28 30 33 38 55 57 66 69 70 75 76 78 79 81 82 84
51 0 2 4 7 12 14 19 20 21 22 24 32 34 37 44 45 49 52 56 57 59 60 63 66 67 71 77 78 84 85
52 8 9 13 15 18 24 29 31 34 36 44 51 58 60 61 64 66 69 70 71 73 75 76 77 78 82 83 85
53 4 5 6 7 8 11 19 30 33 35 47 48 49 60 63 68 71 72 79 83 84
54 6 8 10 14 16 17 23 25 31 43 44 49 56 60 61 66 67 73 79 80 83
55 1 4 7 15 17 18 38 40 42 46 50 56 58 63 64 68 69 70 74 75 76 80 85
56 0 1 3 11 15 24 28 45 48 51 54 55 57 59 64 65 68 72 78 84
57 0 3 4 6 8 10 12 13 14 15 16 20 24 26 31 45 46 48 50 51 56 63 64 74 77 79 80 81 84 85
58 1 4 5 11 13 15 19 20 24 25 30 32 37 39 44 45 46 52 55 64 68 69 76 77 84
59 1 6 11 12 16 24 27 30 32 35 40 43 45 46 51 56 60 62 66 67 69 71 72 78 81 84
60 0 1 7 13 15 16 26 33 37 38 41 44 48 49 51 52 53 54 59 64 66 67 68 69 75 78 79 82
61 0 4 5 6 15 16 18 19 21 23 28 30 32 40 52 54 62 68 69 70 73 74 76 79
62 1 6 12 14 23 25 26 29 32 33 38 40 44 45 47 48 59 61 63 68 69 71 73 77 80 83 84 85
63 1 5 8 9 11 14 15 17 18 22 28 29 31 32 34 38 46 48 51 53 55 57 62 65 70 74 80 81 84
64 0 1 4 5 10 13 17 18 19 20 22 30 35 36 38 39 42 47 52 55 56 57 58 60 65 66 67 68 71 72 75 76 77 81 83
65 1 2 3 4 6 7 9 19 20 21 25 26 30 32 33 35 38 40 41 42 45 46 56 63 64 67 68 70 71 72 74 76 77 81 82 83
66 2 13 16 26 32 34 36 37 38 44 45 47 50 51 52 54 59 60 64 68 69 71 72 75 78 84
67 1 5 6 7 8 10 11 21 25 27 29 33 40 44 49 51 54 59 60 64 65 69 72 77 78 85
68 0 5 6 9 12 14 20 24 30 34 35 36 37 38 40 49 53 55 56 58 60 61 62 64 65 66 72 82
69 0 1 4 7 9 10 16 17 19 22 36 38 42 44 47 48 49 50 52 55 58 59 60 61 62 66 67 71 72 80
70 4 6 7 11 12 13 19 24 28 30 31 33 37 41 45 48 50 52 55 61 63 65 72 74 75 76 80 82 83
71 5 6 7 11 12 18 20 23 24 26 28 30 32 38 41 43 45 48 51 52 53 59 62 64 65 66 69 73 77 79 81 85
72 2 6 7 12 18 20 22 25 28 29 30 33 34 36 37 38 40 42 47 48 49 53 56 59 64 65 66 67 68 69 70 73 79 81
73 3 4 5 6 8 9 12 13 14 15 16 17 19 20 21 22 23 33 36 41 44 52 54 61 62 71 72 76 79
74 0 1 4 7 8 9 11 19 20 21 22 25 26 28 34 37 40 41 42 45 46 55 57 61 63 65 70 80 84
75 4 5 8 17 19 22 28 34 36 46 50 52 55 60 64 66 70 77 80 82
76 3 4 7 13 16 17 19 20 23 27 28 33 37 38 42 44 46 49 50 52 55 58 61 64 65 70 73 77 84
77 0 1 5 9 10 15 16 18 19 20 22 28 29 38 39 45 46 51 52 57 58 62 64 65 67 71 75 76 80 81 85
78 2 3 6 16 19 20 27 28 30 34 39 40 47 49 50 51 52 56 59 60 66 67 80 81 82 84
79 2 3 4 8 12 28 38 39 40 50 53 54 57 60 61 71 72 73 80 81 83 84
80 2 3 11 13 17 20 22 23 25 27 35 36 37 43 45 54 55 57 62 63 69 70 74 75 77 78 79 81
81 1 5 17 21 22 26 29 33 38 39 47 50 57 59 63 64 65 71 72 77 78 79 80 82 85
82 2 5 9 11 14 16 20 22 25 27 31 38 43 46 47 49 50 52 60 65 68 70 75 78 81 83
83 2 6 7 10 11 13 18 19 23 25 28 33 35 38 43 44 47 52 53 54 62 64 65 70 79 82
84 3 4 5 8 10 12 14 17 18 28 29 34 36 40 42 45 50 51 53 56 57 58 59 62 63 66 74 76 78 79
85 1 2 4 5 10 11 16 17 20 28 33 34 41 44 46 49 51 52 55 57 62 67 71 77 81
