184 3136
0 5 19 22 28 29 33 39 42 49 91 92 95 99 103 107 116 118 119 121 127 131 132 135 152 154 158 159 160 162 169 170 179
1 4 14 30 35 39 46 52 56 62 66 68 75 86 100 107 112 128 129 134 143 144 152 164 169 172 173 176 177
2 10 12 13 14 15 18 23 24 28 35 36 37 53 62 70 73 83 87 88 102 103 106 113 116 118 121 124 126 133 134 139 141 142 145 151 156 165 174 177 178 179 182
3 10 12 14 28 29 59 60 61 62 64 74 75 82 84 85 89 90 106 108 111 116 127 128 135 137 142 157 162 163 171 182 183
4 1 7 12 13 15 21 36 39 41 46 47 55 56 63 66 68 69 79 80 83 90 93 100 102 108 116 118 119 130 138 140 143 149 152 155 160 164 168 170 173
5 0 17 20 23 40 44 45 46 48 51 59 62 98 101 103 105 112 133 135 139 160 167 172 174 175 176 182
6 7 14 15 20 24 33 46 47 48 56 59 64 66 90 95 97 98 99 100 101 103 105 109 122 127 128 131 134 135 140 157 162 167 171 175 178 181
7 4 6 19 22 39 42 44 52 64 71 73 78 83 84 86 95 107 108 110 111 117 119 121 131 136 144 145 167 174 177
8 10 12 17 19 20 24 33 38 45 47 48 51 67 71 72 82 95 100 107 111 115 121 125 127 131 149 156 173 178 179 182
9 14 15 21 22 23 27 30 40 44 46 47 50 58 60 65 70 76 81 87 90 93 101 113 118 121 124 126 132 133 137 144 162 164 168 169 176 181
10 2 3 8 24 26 29 37 40 48 50 51 56 57 60 65 73 82 84 96 101 103 105 113 114 118 133 136 139 146 151 161 169
11 24 26 32 34 35 39 41 42 46 50 51 53 56 63 64 68 86 91 94 95 96 99 101 103 111 112 113 123 125 140 141 146 151 152 165 167 173
12 2 3 4 8 13 16 22 29 41 52 58 60 62 69 81 93 95 99 102 115 127 129 143 148 162 165 168 177 178 181
13 2 4 12 19 24 25 32 33 36 49 53 54 59 66 71 75 82 91 92 100 110 115 121 127 135 141 144 146 150 156 158 161 163 174 175
14 1 2 3 6 9 18 28 32 43 57 60 62 66 67 70 74 83 90 91 106 112 117 118 119 120 123 124 133 134 144 168 172 174 175 182
15 2 4 6 9 16 21 38 39 40 41 44 51 53 64 65 66 70 78 93 95 98 100 112 118 119 121 128 130 138 139 147 151 158 159 171 177 183
16 12 15 17 36 41 46 47 50 54 57 71 72 75 79 82 87 93 98 105 110 113 114 120 124 125 140 142 144 145 149 151 165 166 169 176 177
17 5 8 16 20 23 24 35 36 44 45 47 49 52 57 59 64 73 76 83 105 111 115 117 118 122 131 142 144 158 159 163 171 172
18 2 14 53 70 73 75 86 106 113 120 123 126 127 128 141 148 154 159 163 164 169 170 174 175 183
19 0 7 8 13 21 22 25 29 37 49 58 61 66 75 80 82 84 85 86 91 96 103 105 118 125 131 133 136 151 152 153 154 165 178
20 5 6 8 17 24 29 30 32 36 40 46 47 66 77 81 82 83 84 89 93 95 98 101 104 108 109 111 114 115 118 120 125 128 130 133 138 142 148 156 162 175 179
21 4 9 15 19 24 31 37 38 43 46 50 64 75 79 88 106 115 126 129 135 136 140 149 152 161 163 172 178
22 0 7 9 12 19 26 30 32 34 35 46 51 55 57 60 62 64 65 75 77 84 87 90 94 96 98 99 105 113 114 120 125 126 134 141 149 151 153 154 156 161 162 169 173 178 180
23 2 5 9 17 35 37 46 50 52 69 74 76 88 89 101 103 104 110 111 114 122 123 131 139 142 143 147 150 153 155 172 176 178
24 2 6 8 10 11 13 17 20 21 27 37 42 52 53 61 62 65 69 70 78 79 82 87 92 95 98 102 104 109 113 118 126 130 133 137 138 146 149 152 156 158 161 162 167 170 171 174 179
25 13 19 32 33 40 44 45 63 68 76 77 78 86 91 92 97 98 99 113 115 116 123 134 141 143 144 145 149 157 170 178 181 182
26 10 11 22 31 34 35 41 44 49 50 51 65 67 94 98 115 122 135 136 152 154 157 159 171 176 178 179 183
27 9 24 28 39 42 47 55 62 63 64 67 68 69 97 109 110 114 116 122 124 139 142 148 154 172 176 177
28 0 2 3 14 27 29 38 44 50 51 61 63 71 75 76 78 79 86 98 99 100 101 103 104 105 126 130 137 142 143 144 152 161 162 164 167 168 180
29 0 3 10 12 19 20 28 32 36 39 41 42 44 45 46 48 49 50 55 58 62 67 73 81 85 89 90 91 106 107 111 112 118 123 140 153 163 169 170
30 1 9 20 22 33 46 48 65 69 74 75 76 92 93 101 106 108 114 115 123 134 135 144 151 157 161 174 176 177 182
31 21 26 33 34 36 37 39 42 45 53 58 76 82 84 95 100 115 119 120 128 130 131 135 136 155 157 159 160 161 172 178 183
32 11 13 14 20 22 25 29 42 43 46 49 52 54 56 63 65 68 71 75 76 81 85 87 88 90 94 95 108 109 110 118 128 132 142 144 145 147 150 154 164 166 169 172 181
33 0 6 8 13 25 30 31 35 49 55 56 63 74 78 85 107 110 111 113 127 129 131 132 140 142 143 150 152 156 159 161 166 181
34 11 22 26 31 36 37 39 40 51 52 60 63 83 88 98 100 106 110 124 125 144 146 149 166 172 174 182
35 1 2 11 17 22 23 26 33 36 38 40 44 48 49 55 58 70 73 76 88 89 90 108 110 111 113 121 124 128 133 135 136 137 138 142 144 162 170 174 179
36 2 4 13 16 17 20 29 31 34 35 40 47 54 58 69 72 73 80 88 97 100 104 106 114 117 128 132 133 135 171 174 175 176 177 179
37 2 10 19 21 23 24 31 34 41 47 59 60 66 75 77 85 90 97 103 107 112 113 116 130 133 141 143 152 158 166 170 178 181
38 8 15 21 28 35 41 45 47 50 55 58 71 72 74 90 97 99 105 106 107 121 123 134 140 143 153 158 169 171 180
39 0 1 4 7 11 15 27 29 31 34 40 46 60 65 71 73 78 84 90 94 98 99 106 112 115 124 135 136 140 154 158 162 165 166 171 175 182
40 5 9 10 15 20 25 34 35 36 39 46 48 50 57 60 63 65 68 79 81 92 96 106 108 112 113 116 122 126 129 136 138 139 143 145 154 156 157 159 163 166 167 169 172 178 180
41 4 11 12 15 16 26 29 37 38 44 45 46 51 52 59 60 63 73 76 81 91 92 93 110 118 119 120 122 124 125 134 147 149 150 155 158 159 165 166 169 173 174 178
42 0 7 11 24 27 29 31 32 58 62 65 77 79 90 92 96 113 115 122 123 124 130 132 136 138 143 146 147 153 158 160 164 166 168 172 174 180 181 182
43 14 21 32 53 55 59 63 65 67 68 75 84 87 94 105 111 117 118 119 120 127 132 141 147 152 155 169
44 5 7 9 15 17 25 26 28 29 35 41 50 58 64 65 68 71 77 78 93 97 104 109 112 115 117 118 121 124 128 134 144 146 147 149 154 158 159 167 169
45 5 8 17 25 29 31 38 41 52 61 62 69 72 74 77 80 81 84 86 87 94 95 119 120 121 122 136 145 153 168 173 174 180
46 1 4 5 6 9 11 16 20 21 22 23 29 30 32 39 40 41 53 59 65 68 69 72 77 78 80 89 90 93 101 103 104 106 107 110 116 124 125 129 131 132 140 147 152 158 163 172 177 178 179 180 182
47 4 6 8 9 16 17 20 27 36 37 38 63 67 84 87 99 102 106 110 119 122 126 138 150 167 173 175 178 179 181
48 5 6 8 10 29 30 35 40 49 51 58 59 60 71 74 78 83 99 103 108 120 124 134 136 137 141 143 148 149 157 160 161 163 167 170 174 176 177 180 182
49 0 13 17 19 26 29 32 33 35 48 50 54 55 64 66 71 87 104 110 122 136 147 148 149 154 155 167 168 170
50 9 10 11 16 21 23 26 28 29 38 40 44 49 53 72 79 80 83 95 97 100 106 113 114 116 125 131 147 156 158 159 164 169 176 181 182
51 5 8 10 11 15 22 26 28 34 41 48 54 55 62 75 77 78 83 84 94 96 98 99 101 115 116 119 137 140 149 151 153 159 166 172 179 181 182 183
52 1 7 12 17 23 24 32 34 41 45 57 58 59 64 66 78 86 90 92 93 96 97 110 112 113 115 116 135 140 144 147 157 162 163 168 169 170 177 178 179 182
53 2 11 13 15 18 24 31 43 46 50 56 59 66 74 78 81 82 103 109 112 114 119 129 130 141 142 143 146 148 150 151 165 169
54 13 16 32 36 49 51 57 67 68 69 73 83 105 107 108 110 124 128 129 133 140 141 148 150 154 156 166 172 177 179 182
55 4 22 27 29 33 35 38 43 49 51 68 71 75 83 88 94 100 102 103 104 106 110 114 118 122 123 133 134 138 146 166 171 180 181 182
56 1 4 6 10 11 32 33 53 57 61 66 73 91 100 104 112 113 118 119 124 128 132 135 136 143 144 153 159 160 167 178 182
57 10 14 16 17 22 40 52 54 56 70 72 85 88 116 125 130 131 137 143 152 157 165 171 172
58 9 12 19 29 31 35 36 38 42 44 48 52 68 75 78 80 82 84 90 102 105 111 120 125 126 135 140 142 147 152 153 158 164 181 182 183
59 3 5 6 13 17 37 41 43 46 48 52 53 61 87 89 91 98 100 103 112 116 118 119 124 126 132 137 141 147 155 164 168 172 173 179 180
60 3 9 10 12 14 22 34 37 39 40 41 48 65 70 82 91 92 108 111 113 120 122 126 127 134 157 158 162 168 169 173 176 180 181
61 3 19 24 28 45 56 59 69 74 78 89 91 93 98 104 114 119 121 131 139 142 150 163 164 165 169 175 176 177 179
62 1 2 3 5 12 14 22 24 27 29 42 45 51 68 85 93 100 103 109 110 111 112 116 118 119 120 123 126 128 140 145 148 149 163 166 173 175 178
63 4 11 25 27 28 32 33 34 40 41 43 47 64 68 72 74 91 95 96 102 110 112 116 117 130 134 143 148 151 158 159 160 162 183
64 3 6 7 11 15 17 21 22 27 44 49 52 63 70 91 99 101 102 107 110 112 113 120 124 133 134 137 147 149 151 158 161 165
65 9 10 15 22 24 26 30 32 39 40 42 43 44 46 60 70 72 74 79 81 82 92 93 98 100 101 121 123 139 143 147 150 151 158 161 164 174 175 179
66 1 4 6 13 14 15 19 20 37 49 52 53 56 75 84 89 91 94 103 112 118 119 125 129 134 140 153 159 166 172 179 180
67 8 14 26 27 29 43 47 54 70 71 77 93 102 107 108 110 125 128 139 140 163 164 166 168 174 179
68 1 4 11 25 27 32 40 43 44 46 54 55 58 62 63 70 73 84 100 107 123 124 125 128 141 148 149 155 165 166 173 179
69 4 12 23 24 27 30 36 45 46 54 61 75 84 85 88 94 96 101 104 105 106 107 113 115 124 134 135 137 150 152 159 161 171
70 2 9 14 15 18 24 35 57 60 64 65 67 68 74 82 86 87 95 96 114 117 121 126 131 132 149 152 153 166 179
71 7 8 13 16 28 32 38 39 44 48 49 55 67 77 78 80 85 86 89 90 94 99 100 103 104 105 106 107 109 114 119 122 124 126 141 152 153 155 169 176 179
72 8 16 36 38 45 46 50 57 63 65 75 76 88 90 92 94 96 98 104 110 113 127 134 141 143 144 150 158 159 160 163 168 169 172 175 178 179 182
73 2 7 10 17 18 29 35 36 39 41 54 56 68 78 86 89 100 109 118 121 122 124 131 148 163 165 168 169 171 176
74 3 14 23 30 33 38 45 48 53 61 63 65 70 79 92 96 103 105 115 116 124 128 133 136 138 145 155 160 162 175 180 182
75 1 3 13 16 18 19 21 22 28 30 32 37 43 51 55 58 66 69 72 85 89 104 123 125 142 160 163 168 180
76 9 17 23 25 28 30 31 32 35 41 72 79 80 81 84 87 93 94 95 100 105 106 111 112 123 126 129 135 138 160 162 163 166 168 169 170 174 181 182
77 20 22 25 37 42 44 45 46 51 67 71 79 89 107 115 124 127 128 129 136 146 148 162 166 169 171 174 175 180 182
78 7 15 24 25 28 33 39 44 46 48 51 52 53 58 61 71 73 82 89 90 96 99 104 107 114 123 137 180
79 4 16 21 24 28 40 42 50 65 74 76 77 84 104 105 109 111 112 114 126 127 135 146 153 155 156 158 159 167 179
80 4 19 36 45 46 50 58 71 76 83 88 89 95 110 111 115 124 130 136 144 147 154 157 172 174 179 180 181
81 9 12 20 29 32 40 41 45 53 65 76 93 120 125 129 133 152 163 168 171 177 179
82 3 8 10 13 16 19 20 24 31 53 58 60 65 70 78 93 96 98 104 116 136 140 142 150 158 163 164 166 182
83 2 4 7 14 17 20 34 48 50 51 54 55 80 86 87 91 94 95 102 108 114 118 125 143 146 147 149 156 158 165 167 171 172 176 178
84 3 7 10 19 20 22 31 39 43 45 47 51 58 66 68 69 76 79 85 87 89 96 99 100 101 109 112 117 119 127 137 138 139 141 151 153 159 167 179 183
85 3 19 29 32 33 37 57 62 69 71 75 84 89 91 98 103 105 106 114 116 126 132 134 137 146 156 160 162 163 168 169 170 180 182
86 1 7 11 18 19 25 28 45 52 70 71 73 83 89 95 97 99 103 110 126 128 131 132 141 149 151 160 161 164 173 177 183
87 2 9 16 22 24 32 43 45 47 49 59 70 76 83 84 92 95 100 102 103 108 116 123 129 141 142 145 157 161 162 175 180
88 2 21 23 32 34 35 36 55 57 69 72 80 90 103 109 120 122 133 142 145 150 160 172 173 177
89 3 20 23 29 35 46 59 61 66 71 73 75 77 78 80 84 85 86 92 100 103 105 113 117 126 127 135 137 140 153 155 170 180
90 3 4 6 9 14 22 29 32 35 37 38 39 42 46 52 58 71 72 78 88 100 111 119 121 125 128 133 134 140 143 148 153 177 183
91 0 11 13 14 19 25 29 41 56 59 60 61 63 64 66 83 85 94 95 111 113 115 118 124 128 132 138 144 147 149 151 155 159 160 169 172 178
92 0 13 24 25 30 40 41 42 52 60 65 72 74 87 89 93 97 99 105 111 112 119 121 132 137 140 144 151 153 155 160 168 169 172 173 178
93 4 9 12 15 16 20 30 41 44 46 52 61 62 65 67 76 81 82 92 104 110 133 138 140 142 143 150 151 154 157 158 159 165 166 167 173 174 177 179 182
94 11 22 26 32 39 43 45 51 55 66 69 71 72 76 83 91 106 107 108 110 117 119 121 132 139 140 142 143 149 151 166 168 169
95 0 6 7 8 11 12 15 20 24 31 32 45 50 63 70 76 80 83 86 87 91 112 118 123 124 136 138 140 144 149 151 156 164 165 166 179
96 10 11 19 22 40 42 51 52 63 69 70 72 74 78 82 84 100 111 116 118 125 130 159 175
97 6 25 27 36 37 38 44 50 52 86 92 101 110 120 122 126 128 130 134 148 150 158 175 181 182
98 5 6 15 16 20 22 24 25 26 28 34 39 51 59 61 65 72 82 85 108 110 111 112 124 130 133 138 147 154 164 166 174 177 179
99 0 6 11 12 22 25 28 38 39 47 48 51 64 71 78 84 86 92 104 106 113 118 121 129 131 132 140 148 150 160 163 164 172 180 181 183
100 1 4 6 8 13 15 28 31 34 36 50 55 56 59 62 65 68 71 73 76 84 87 89 90 96 104 105 112 117 127 137 153 171 174 181 182
101 5 6 9 10 11 20 23 28 30 46 51 64 65 69 84 97 103 117 118 126 133 136 138 150 161 170 171 173 175 178
102 2 4 12 24 47 55 58 63 64 67 83 87 104 122 127 139 146 161 163 166 174 179
103 0 2 5 6 10 11 19 23 28 37 46 48 53 55 59 62 66 71 74 85 86 87 88 89 101 109 110 114 115 116 122 125 126 127 129 131 142 146 148 154 161 164 175 181
104 20 23 24 28 36 44 46 49 55 56 61 69 71 72 75 78 79 82 93 99 100 102 107 109 112 115 116 128 132 147 148 149 151 152 157 158 170 171 175 182 183
105 5 6 10 16 17 19 22 28 38 43 54 58 69 71 74 76 79 85 89 92 100 108 109 120 121 137 140 143 148 152 158 160 163 181
106 2 3 14 18 21 29 30 34 36 38 39 40 46 47 50 55 69 71 76 85 94 99 113 116 125 129 134 142 144 146 153 155 164 177
107 0 1 7 8 29 33 37 38 46 54 64 67 68 69 71 77 78 94 104 110 115 117 123 153 162 176 180
108 3 4 7 20 30 32 35 40 48 54 60 67 83 87 94 98 105 109 112 133 138 140 143 146 151 161 162 168 176 182
109 6 20 24 27 32 44 53 62 71 73 79 84 88 103 104 105 108 110 115 119 120 122 126 131 136 137 150 153 156 169 170
110 7 13 16 23 27 32 33 34 35 41 46 47 49 52 54 55 62 63 64 67 72 80 86 93 94 97 98 103 107 109 114 116 117 119 120 122 124 128 129 135 137 146 162 178
111 3 7 8 11 17 20 23 29 33 35 43 58 60 62 76 79 80 90 91 92 96 98 118 122 124 128 137 142 150 154 158 174
112 1 5 11 14 15 29 37 39 40 44 52 53 56 59 62 63 64 66 76 79 84 92 95 98 100 104 108 118 125 127 143 153 159 166 173 179 181
113 2 9 10 11 16 18 22 24 25 33 35 37 40 42 50 52 56 60 64 69 72 89 91 99 106 120 125 126 135 139 146 149 150 155 159 161 163 165 166 168
114 10 16 20 22 23 27 30 36 50 53 55 61 70 71 78 79 83 85 103 110 121 133 134 135 139 141 150 152 155 182
115 8 12 13 17 20 21 25 26 30 31 39 42 44 51 52 69 74 77 80 91 103 104 107 109 118 122 129 135 141 149 153 160 166 168 170 179 181 182
116 0 2 3 4 25 27 37 40 46 50 51 52 57 59 62 63 74 82 85 87 96 103 104 106 110 124 127 134 146 148 157 160 165 168 176 180
117 7 14 17 36 43 44 63 70 84 89 94 100 101 107 110 134 143 148 153
118 0 2 4 9 10 14 15 17 19 20 24 29 32 41 43 44 55 56 59 62 66 73 83 91 95 96 99 101 111 112 115 125 126 133 138 145 148 155 156 163 169
119 0 4 7 14 15 31 41 43 45 47 51 53 56 59 61 62 66 71 84 90 92 94 109 110 120 121 125 127 128 129 134 135 136 146 149 150 151 152 156 163 167 172 177 181
120 14 16 18 20 22 31 41 43 45 48 58 60 62 64 81 88 97 105 109 110 113 119 125 127 129 135 146 148 158 167 168 169 174 181 183
121 0 2 7 8 9 13 15 35 38 44 45 61 65 70 73 90 92 94 99 105 114 119 127 131 135 143 144 152 155 157 159 178
122 6 17 23 26 27 40 41 42 45 47 49 55 60 71 73 88 97 102 103 109 110 111 115 124 135 140 155 159 160 162 163 171 183
123 11 14 18 23 25 29 30 38 42 55 62 65 68 75 76 78 87 95 107 127 128 135 139 144 146 150 152 156 161 167 171 175 178
124 2 9 14 16 27 34 35 39 41 42 44 46 48 54 56 59 64 68 69 71 73 74 77 80 91 95 98 110 111 116 122 125 126 132 138 145 151 154 157 165
125 8 11 16 19 20 22 34 41 46 50 57 58 66 67 68 75 81 83 90 96 103 106 112 113 118 119 120 124 132 133 143 158 161 167 172 177 182
126 2 9 18 21 22 24 28 40 47 58 59 60 62 70 71 76 79 85 86 89 97 101 103 109 113 118 124 131 140 143 144 153 154 158 159 161 168 173 182
127 0 3 6 8 12 13 18 33 43 60 72 77 79 84 89 100 102 103 112 116 119 120 121 123 133 134 137 138 143 161 162 167 168 172 180
128 1 3 6 15 18 20 31 32 35 36 44 54 56 62 67 68 74 77 86 90 91 97 104 110 111 119 123 131 141 142 143 146 147 149 156 157 163 164 168 171 177
129 1 12 21 33 40 46 53 54 66 76 77 81 87 99 103 106 110 115 119 120 130 132 140 145 157 159 170 176
130 4 15 20 24 28 31 37 42 53 57 63 80 96 97 98 129 136 153 155 158 164 172 178 182
131 0 6 7 8 17 19 23 31 33 46 50 57 61 70 73 86 99 103 109 121 126 128 132 134 146 150 152 154 155 165 170 176 177 178
132 0 9 32 33 36 42 43 46 56 59 70 85 86 91 92 94 99 104 124 125 129 131 134 138 139 142 143 146 152 155 159 169 173 181
133 2 5 9 10 14 19 20 24 35 36 37 54 55 64 74 81 88 90 93 98 101 108 114 118 125 127 139 142 146 154 157 169 170 175 176 177 179 180
134 1 2 6 14 22 25 30 38 41 44 48 55 60 63 64 66 69 72 85 90 97 106 114 116 117 119 127 131 132 137 148 160 163 173 174 175 182
135 0 3 5 6 13 21 26 30 31 35 36 39 52 56 58 69 76 79 89 110 113 114 115 119 120 121 122 123 138 144 158 162 169 177 181
136 7 10 19 21 26 31 35 39 40 42 45 48 49 56 74 77 80 82 95 101 109 119 130 143 146 150 157 166 172 177 180 181 182
137 3 9 24 28 35 48 51 57 59 64 69 78 84 85 89 92 100 105 109 110 111 127 134 139 143 146 155 162 173 177 183
138 4 15 20 24 35 40 42 47 55 74 76 84 91 93 95 98 101 108 118 124 127 132 135 153 156 159 160 166 169 170 172 178 180
139 2 5 10 15 23 27 40 61 65 67 84 94 102 113 114 123 132 133 137 142 147 162 180 181 182
140 4 6 11 16 21 29 33 38 39 46 51 52 54 58 62 66 67 82 89 90 92 93 94 95 99 105 108 122 126 129 151 153 155 158 165 166 169 171 173 175
141 2 11 13 18 22 25 37 43 48 53 54 59 68 71 72 84 86 87 114 115 128 144 160 163 170
142 2 3 16 17 20 23 27 28 32 33 35 53 58 61 75 82 87 88 93 94 103 106 111 128 132 133 139 145 148 149 154 156 158 159 161 166 170 175 179 183
143 1 4 12 23 25 28 33 37 38 40 42 48 53 56 57 63 65 72 83 90 93 94 105 108 112 117 121 125 126 127 128 132 136 137 144 145 147 150 152 155 175 176
144 1 7 9 13 14 16 17 25 28 30 32 34 35 44 52 56 72 80 91 92 95 106 121 123 126 135 141 143 145 146 151 160 166 170 171
145 2 7 16 25 32 40 45 62 74 87 88 118 124 129 142 143 144 157 158 159 162 163 167 170 173 180 181
146 10 11 13 24 34 42 44 53 55 77 79 83 85 102 103 106 108 110 113 116 119 120 123 128 131 132 133 136 137 144 150 155 156 157 162 166 174 183
147 15 23 32 41 42 43 44 46 49 50 52 58 59 64 65 80 83 91 98 104 128 139 143 150 154 157 165 166 171 174 176 179
148 12 18 20 27 48 49 53 54 62 63 68 73 77 90 97 99 103 104 105 116 117 118 120 134 142 149 155 156 160 166 169 174 182
149 4 8 16 21 22 24 25 34 41 44 48 49 51 62 64 68 70 83 86 91 94 95 104 113 115 119 128 142 148 150 154 159 162 163 167 178 181
150 13 23 32 33 41 47 53 54 61 65 69 72 82 88 93 97 99 101 109 111 113 114 119 123 131 136 143 146 147 149 152 153 159 165 166 175
151 2 10 11 15 16 19 22 30 51 53 63 64 65 84 86 91 92 93 94 95 104 108 119 124 140 144 152 159 160 172 183
152 0 1 4 11 19 21 24 26 28 33 37 43 46 57 58 69 70 71 81 104 105 114 119 121 123 131 132 143 150 151 154 156 163 172 173 174
153 19 22 23 29 38 42 45 51 56 58 66 70 71 79 84 89 90 92 100 106 107 109 112 115 117 126 130 138 140 150 157 160 167 169 173 182
154 0 18 19 22 26 27 32 39 40 44 49 54 80 93 98 103 111 124 126 131 133 142 147 149 152 157 161 168 175 180 183
155 4 23 31 41 43 49 59 68 71 74 79 89 91 92 106 113 114 118 121 122 130 131 132 137 140 143 146 148 162 166 176 177 180
156 2 8 13 20 22 24 33 40 50 54 79 83 85 95 109 118 119 123 128 138 142 146 148 152 163 164 165 176
157 3 6 25 26 30 31 40 48 52 57 60 80 87 93 104 116 121 124 128 129 133 136 145 146 147 153 154 159 167 173 174 177 183
158 0 13 15 17 24 37 38 39 41 42 44 46 50 58 60 63 64 65 72 79 82 83 93 97 104 105 111 120 125 126 130 135 140 142 145 162 163 167 170 177 178 179 182
159 0 15 17 18 26 31 33 40 41 44 50 51 56 63 66 69 72 79 84 91 93 96 112 113 121 122 126 129 132 138 142 145 149 150 151 157 161 168 172 180
160 0 4 5 31 42 48 56 63 72 74 75 76 85 86 88 91 92 99 105 115 116 122 134 138 141 144 148 151 153 161 169 170 172 183
161 10 13 21 22 24 28 30 31 33 48 64 65 69 86 87 101 102 103 108 113 123 125 126 127 142 154 159 160 164 171 173
162 0 3 6 9 12 20 22 24 28 35 39 52 60 63 74 76 77 85 87 107 108 110 122 127 135 137 139 145 146 149 155 158 173
163 3 13 17 18 21 29 40 46 48 52 61 62 67 72 73 75 76 81 82 85 99 102 105 113 118 119 122 128 134 141 145 149 152 156 158 179
164 1 4 9 18 28 32 42 50 58 59 61 65 67 82 86 95 98 99 103 106 128 130 156 161 166 169 178 179 183
165 2 11 12 16 19 39 41 53 57 61 64 68 73 83 93 95 113 116 124 131 140 147 150 156 170 176
166 16 32 33 34 37 39 40 41 42 51 54 55 62 66 67 68 70 76 77 82 93 94 95 98 102 112 113 115 136 138 140 142 144 146 147 148 150 155 164 174 177 181
167 5 6 7 11 24 28 40 44 47 48 49 56 79 83 84 93 119 120 123 125 127 145 149 153 157 158 168 170 175 176
168 4 9 12 14 28 42 45 49 52 59 60 67 72 73 75 76 81 85 92 94 108 113 115 116 120 126 127 128 154 159 167 169 170 172 177 180
169 0 1 9 10 16 18 22 29 32 38 40 41 43 44 50 52 53 60 61 71 72 73 76 77 85 91 92 94 109 118 120 132 133 135 138 140 148 153 160 164 168 170 180
170 0 4 18 24 25 29 35 37 48 49 52 76 85 89 101 104 109 115 129 131 133 138 141 142 144 145 158 160 165 167 168 169 175
171 3 6 15 17 24 26 36 38 39 55 57 69 73 77 81 83 100 101 104 122 123 128 140 144 147 161 183
172 1 5 14 17 21 23 27 31 32 34 40 42 46 51 54 57 59 66 72 80 83 88 91 92 99 119 125 127 130 136 138 151 152 159 160 168 175 177
173 1 4 8 11 22 41 45 47 59 60 62 68 86 88 92 93 101 112 126 132 134 137 140 145 152 153 157 161 162 178
174 2 5 7 13 14 18 24 30 34 35 36 41 42 45 48 65 67 76 77 80 93 98 100 102 111 120 134 146 147 148 152 157 166 178
175 5 6 13 14 18 20 36 39 47 61 62 65 72 74 77 87 96 97 101 103 104 123 133 134 140 142 143 150 154 167 170 172
176 1 5 9 16 23 26 27 30 36 48 50 60 61 71 73 83 107 108 116 129 131 133 143 147 155 156 165 167 178 183
177 1 2 7 12 15 16 27 30 36 46 48 52 54 61 81 86 88 90 93 98 106 119 125 128 131 133 135 136 137 155 157 158 166 168 172 179
178 2 6 8 12 19 21 22 23 25 26 31 37 40 41 46 47 52 56 62 72 83 91 92 101 110 121 123 130 131 138 149 158 164 173 174 176
179 0 2 8 20 24 26 35 36 46 47 51 52 54 59 61 65 66 67 68 70 71 72 79 80 81 84 93 95 98 102 112 115 133 142 147 158 163 164 177
180 22 28 38 40 42 45 46 48 55 59 60 66 74 75 77 78 80 85 87 89 99 107 116 127 133 136 138 139 145 154 155 159 168 169 182
181 6 9 12 25 32 33 37 42 47 50 51 55 58 60 76 80 97 99 100 103 105 112 115 119 120 132 135 136 139 145 149 166
182 2 3 5 8 14 25 30 34 39 42 46 48 50 51 52 54 55 56 58 72 74 76 77 82 85 93 97 100 104 108 114 115 125 126 130 134 136 139 148 153 158 180 183
183 3 15 18 26 31 51 58 63 84 86 90 99 104 120 122 137 142 146 151 154 157 160 164 171 176 182
