76 479
0 8 10 11 19 34 49 53 57 60 65 67
1 8 10 18 23 24 25 30 47 52 54 58 60 67 68 71
2 5 10 16 17 26 27 30 31 36 38 49 54 63 64 66
3 12 19 22 33 34 38 40 42 56 57 58 72 75
4 5 19 34 43 50 62 66 68
5 2 4 7 13 19 24 25 35 38 39 40 46 48 57 59 61 71 72
6 13 22 23 35 49 54 55 56 63 73 75
7 5 10 12 17 28 36 37 42 49 59 63 64 70 72 74
8 0 1 18 34 37 42 43 48 54 58 59 64 67 68 69 74
9 20 36 50 64 74
10 0 1 2 7 13 20 27 29 30 34 41 44 49 54 60 63 64
11 0 12 14 19 20 22 35 48 57 60 62
12 3 7 11 15 19 23 25 26 30 33 38 43 53 72 74 75
13 5 6 10 19 20 22 26 48 52 53 60 71 72
14 11 17 20 23 25 39 49 50 53 75
15 12 17 22 26 30 31 33 37 44 47 48
16 2 22 23 35 36 42 55 56 72
17 2 7 14 15 36 37 39 41 51 69 73
18 1 8 22 31 42 44 46 48 56
19 0 3 4 5 11 12 13 29 34 36 46 53 61 66 71 72 73
20 9 10 11 13 14 34 36 46 47 69
21 25 27 31 39 45 50 51 52 57 62 67 69 71 74
22 3 6 11 13 15 16 18 35 44 55 60 70 73 75
23 1 6 12 14 16 25 27 28 35 43 47 50 56 61 62 72 73
24 1 5 29 32 35 38 61
25 1 5 12 14 21 23 26 34 40 49 50 52 65 66 69
26 2 12 13 15 25 43 49 50 52 54 56 57 64 69 73
27 2 10 21 23 30 37 45 46 55 56 57 59 62 66 68 71
28 7 23 45 47 58 63 64 72 74
29 10 19 24 35 45 47 48 52 53 57 63 64 67 69 70 72
30 1 2 10 12 15 27 31 33 37 47 49 74
31 2 15 18 21 30 35 45 49 53 57 66 71 73
32 24 39 43 60 61 63 67 69 72 73
33 3 12 15 30 34 38 59 69 72 73
34 0 3 4 8 10 19 20 25 33 36 49 68
35 5 6 11 16 22 23 24 29 31 44 55 56 62 63 65 68 71 72 75
36 2 7 9 16 17 19 20 34 43 52 54 62 65 73
37 7 8 15 17 27 30 39 41 47 53 56 68 71
38 2 3 5 12 24 33 39 50 58 61 63 67 68
39 5 14 17 21 32 37 38 42 43 46 54 58 61 64 66 72 73
40 3 5 25 45 50 55 60 73
41 10 17 37 48 62 64
42 3 7 8 16 18 39 46 47 48 49 50 52 57 61 62 67 70
43 4 8 12 23 26 32 36 39 48 49 56 59 63 64 74 75
44 10 15 18 22 35 46 52 54 56 75
45 21 27 28 29 31 40 50 67 68 70
46 5 18 19 20 27 39 42 44 52 57 73
47 1 15 20 23 28 29 30 37 42 68
48 5 8 11 13 15 18 29 41 42 43 57
49 0 2 6 7 10 14 25 26 30 31 34 42 43 51 56 58 62 64 72 75
50 4 9 14 21 23 25 26 38 40 42 45 55 57
51 17 21 49 53 61 73
52 1 13 21 25 26 29 36 42 44 46 54 55 61 70 72 73
53 0 12 13 14 19 29 31 37 51 57 58 61 67 68 72 74 75
54 1 2 6 8 10 26 36 39 44 52 56 57
55 6 16 22 27 35 40 50 52 67 70
56 3 6 16 18 23 26 27 35 37 43 44 49 54 57 75
57 0 3 5 11 21 26 27 29 31 42 46 48 50 53 54 56 66 67
58 1 3 8 28 38 39 49 53 67 75
59 5 7 8 27 33 43 62 68 70
60 0 1 10 11 13 22 32 40 74
61 5 19 23 24 32 38 39 42 51 52 53 64 73
62 4 11 21 23 27 35 36 41 42 49 59 73
63 2 6 7 10 28 29 32 35 38 43 64 69
64 2 7 8 9 10 26 28 29 39 41 43 49 61 63 65 67 68
65 0 25 35 36 64 75
66 2 4 19 25 27 31 39 57 68 72 73
67 0 1 8 21 29 32 38 42 45 53 55 57 58 64
68 1 4 8 27 34 35 37 38 45 47 53 59 64 66 70
69 8 17 20 21 25 26 29 32 33 63
70 7 22 29 42 45 52 55 59 68
71 1 5 13 19 21 27 31 35 37
72 3 5 7 12 13 16 19 23 28 29 32 33 35 39 49 52 53 66
73 6 17 19 22 23 26 31 32 33 36 39 40 46 51 52 61 62 66
74 7 8 9 12 21 28 30 43 53 60
75 3 6 12 14 22 35 43 44 49 53 56 58 65
