37 159
0 2 3 4 10 11 13 24 25 26 33 35
1 4 6 10 11 13 15 23 33
2 0 6 9 15 18 19 20 29 34
3 0 6 7 8 12 16 18 21 26 28 31
4 0 1 10 15 18 19 20
5 9 13 19 23 32
6 1 2 3 9 10 17 18 25 29 30 36
7 3 8 9 12 25 26 27 32
8 3 7 9 11 24
9 2 5 6 7 8 13 16 19 20 22 25 27 30 31 35 36
10 0 1 4 6 11 13 17 19 20 23 28 32 36
11 0 1 8 10 20 22 25 29 30 31 36
12 3 7 15 18 28 36
13 0 1 5 9 10 14 15 17 22 33
14 13 26 28
15 1 2 4 12 13 16 17 19 22 24 31 33 34 35
16 3 9 15 24 26 31
17 6 10 13 15 21 24 25 27 36
18 2 3 4 6 12 22 26 33 35
19 2 4 5 9 10 15 20 22 24 28
20 2 4 9 10 11 19 21 25 26 29 30 35
21 3 17 20 23 27 31 34
22 9 11 13 15 18 19 24 27 35
23 1 5 10 21 33
24 0 8 15 16 17 19 22 27 30 31 32 33 36
25 0 6 7 9 11 17 20 32 35
26 0 3 7 14 16 18 20 34 36
27 7 9 17 21 22 24 32
28 3 10 12 14 19 29 31
29 2 6 11 20 28
30 6 9 11 20 24 32
31 3 9 11 15 16 21 24 28
32 5 7 10 24 25 27 30 34
33 0 1 13 15 18 23 24 34
34 2 15 21 26 32 33 36
35 0 9 15 18 20 22 25
36 6 9 10 11 12 17 24 26 34
