167 1511
0 23 30 33 36 40 66 76 90 92 99 101 108 109 119 134 140 149 154 158 162
1 10 14 16 22 37 43 63 69 114 115 125 127 136 148 163
2 13 17 24 26 33 38 45 49 50 76 79 93 95 102 120 123 138 141 143 144 147 158 161 165
3 19 24 35 49 71 76 80 94 105 111 125 134 135 154 158 166
4 9 15 17 24 31 40 50 55 66 78 79 101 120 129 137 141 143 155 161
5 6 30 60 63 68 71 82 83 92 98 126 131 144 157 161
6 5 7 32 48 62 65 68 70 94 102 107 108 123 128 129 147
7 6 20 34 35 62 63 64 70 83 91 94 105 119 123 130 139 146 155 156
8 52 54 55 57 66 67 76 79 82 83 96 100 126 127 133 147 149 159 166
9 4 44 45 55 57 63 64 72 98 105 115 130 131 145
10 1 23 27 43 54 62 69 76 83 94 101 109 120 130 132 139 141 145 154 162
11 15 19 25 28 33 50 54 66 72 96 103 112 114 116 124 126 127 149 159
12 17 20 22 29 36 44 50 51 68 72 84 90 103 111 114 130 137 142 149 156 165
13 2 16 37 39 59 60 64 65 69 86 88 112 120 122 131 132 139 140 159
14 1 28 31 38 42 46 47 58 64 79 81 91 106 108 115 120 135 140 148 159
15 4 11 55 56 62 65 78 110 125 129 130 161 163
16 1 13 19 25 33 35 42 49 60 62 96 104 106 112 117 121 132 135 149 161
17 2 4 12 19 22 37 41 53 54 63 73 81 84 101 104 112 135 146 160
18 23 28 63 71 81 98 129 153 157
19 3 11 16 17 20 29 51 58 78 91 93 113 122 123 124 129 131 152 163 166
20 7 12 19 22 42 56 65 77 79 88 89 100 108 122 131 137 151 157 164
21 50 66 70 72 78 84 86 88 89 104 106 108 111 129 147 150 151
22 1 12 17 20 30 49 51 53 58 59 63 77 85 100 112 149 156 166
23 0 10 18 30 34 44 51 52 54 55 62 73 86 90 106 114 116 119 144 163
24 2 3 4 27 33 46 60 64 73 75 81 85 86 98 116 121 127 137 140 152
25 11 16 31 42 45 60 68 86 90 103 112 139 149 152 159
26 2 27 38 39 53 54 57 58 59 60 66 78 79 117 124 131 141 143 154
27 10 24 26 29 38 50 53 68 71 86 103 111 120 124 139 143 151 154 157
28 11 14 18 39 42 66 70 89 109 118 140
29 12 19 27 45 55 69 75 109 112 120 129 133 149 153 157 165
30 0 5 22 23 32 47 56 76 77 79 81 99 110 112 121 122 145 147
31 4 14 25 47 55 56 62 84 97 102 104 108 111 115 117 130 134 147
32 6 30 37 42 49 51 61 64 68 75 93 103 107 111 140 143
33 0 2 11 16 24 44 55 60 82 89 94 103 107 127 132 145 150 163
34 7 23 38 43 65 90 106 128 158 162
35 3 7 16 36 58 60 71 75 79 81 84 117 125 158 163
36 0 12 35 37 50 61 73 90 92 93 120 125 136 138 143 147 150
37 1 13 17 32 36 38 55 66 71 79 80 81 103 114 142 144 147 153
38 2 14 26 27 34 37 50 59 64 66 111 115 122 125 127 149 155 157
39 13 26 28 48 57 58 67 80 86 92 95 104 109 115 122 125 134 155 158 164
40 0 4 45 58 104 117 118 132 137 150 160
41 17 50 62 69 74 91 98 113 123 142 145 149 153 166
42 14 16 20 25 28 32 45 50 68 71 72 80 82 90 98 106 121 132 137 150 157 159
43 1 10 34 47 49 68 69 70 83 84 87 95 97 100 132 134 144 146 158 161
44 9 12 23 33 51 56 63 66 72 76 81 87 99 101 113 117 124 126 127 138 141 156 158
45 2 9 25 29 40 42 65 80 113 134 141 142 148 164
46 14 24 69 78 87 90 93 112 113 116 122 148 149 157
47 14 30 31 43 57 67 85 97 110 118 126 132 148 153
48 6 39 58 59 73 76 80 91 115 134 137 142 165
49 2 3 16 22 32 43 61 109 116 120 124 128 130 152 158
50 2 4 11 12 21 27 36 38 41 42 52 53 64 71 79 115 125 137 141 142 147 148 157 159 166
51 12 19 22 23 32 44 55 57 58 63 64 69 80 84 87 97 110 119 124 133 136 142 145 146 147 148 166
52 8 23 50 70 78 92 94 96 98 105 120 131 137 144 159 162 164
53 17 22 26 27 50 55 59 64 75 85 87 94 104 107 127 130 143 144 148 153 160 162
54 8 10 11 17 23 26 80 81 84 89 91 92 98 106 111 112 122 131 139 146
55 4 8 9 15 23 29 31 33 37 51 53 60 69 79 83 84 92 99 110 111 116 134 146 151 165
56 15 20 30 31 44 61 65 72 82 83 92 94 95 101 105 109 112 127 128 141 152 162 164
57 8 9 26 39 47 51 66 69 80 90 103 110 115 131 141 147 154
58 14 19 22 26 35 39 40 48 51 62 93 102 111 114 115 121 127 128 135 155 156
59 13 22 26 38 48 53 60 64 69 71 80 85 110 115 123 124 129 145 158 164
60 5 13 16 24 25 26 33 35 55 59 83 90 98 112 137 150 154
61 32 36 49 56 81 98 142 147 149 150 154
62 6 7 10 15 16 23 31 41 58 73 88 90 94 101 102 107 112 117 119 122 130 141 151 153
63 1 5 7 9 17 18 22 44 51 90 103 107 128 150
64 7 9 13 14 24 32 38 50 51 53 59 71 84 85 87 92 94 111 112 122 123 129 135 137 138 139 157 158
65 6 13 15 20 34 45 56 66 79 84 98 102 108 114 121 136 142 151 152
66 0 4 8 11 21 26 28 37 38 44 57 65 72 87 88 90 125 133 135 141 149 150 158 161 162
67 8 39 47 71 102 106 117 132 133 150 153 159
68 5 6 12 25 27 32 42 43 69 80 92 93 105 113 142 154 159
69 1 10 13 29 41 43 46 51 55 57 59 68 77 94 104 123 151 155 157 164
70 6 7 21 28 43 52 78 79 89 108 119 121 123 124 131 139 142 156 166
71 3 5 18 27 35 37 42 50 59 64 67 79 88 94 101 109 117 135 139 141 144 146
72 9 11 12 21 42 44 56 66 82 92 100 108 110 115 125 126 128 135 139 143 153 166
73 17 23 24 36 48 62 74 77 80 83 92 99 114 142 144 151 165
74 41 73 75 82 122 129 133 136 163
75 24 29 32 35 53 74 83 93 119 123 128 129 132 159 161 165
76 0 2 3 8 10 30 44 48 78 81 86 89 94 107 116 124 133 137 144 148 162
77 20 22 30 69 73 78 84 85 93 96 114 144 160
78 4 15 19 21 26 46 52 70 76 77 80 90 103 105 112 118 120 157
79 2 4 8 14 20 26 30 35 37 50 55 65 70 71 85 92 96 97 106 120 127 136 138 153
80 3 37 39 42 45 48 51 54 57 59 68 73 78 84 85 94 112 115 119 122 124 134 154
81 14 17 18 24 30 35 37 44 54 61 76 88 111 131 139 141 149 156
82 5 8 33 42 56 72 74 83 88 100 113 118 119 129 137 142 154 156 161 163
83 5 7 8 10 43 55 56 60 73 75 82 86 100 116 119 120 132 134 144 150
84 12 17 21 31 35 43 51 54 55 64 65 77 80 91 94 96 100 103 109 111 125 127 133 137 147 161
85 22 24 47 53 59 64 77 79 80 87 91 93 96 99 125 134 141 157 158 162
86 13 21 23 24 25 27 39 76 83 87 108 110 131 150 153 155
87 43 44 46 51 53 64 66 85 86 90 103 122 151 155 165
88 13 20 21 62 66 71 81 82 94 104 105 124 133 156 163
89 20 21 28 33 54 70 76 121 129 145 156 157 158 162 164
90 0 12 23 25 34 36 42 46 57 60 62 63 66 78 87 91 123 141 150 154 162
91 7 14 19 41 48 54 84 85 90 92 95 103 108 112 120 129 134 135 136 138 155 159 163 165
92 0 5 36 39 52 54 55 56 64 68 72 73 79 91 95 100 110 130 132 137 141 162
93 2 19 32 36 46 58 68 75 77 85 111 120 122 124 131 164 165
94 3 6 7 10 33 52 53 56 62 64 69 71 76 80 84 88 103 117 120 122 138 147 150 161 163
95 2 39 43 56 91 92 106 114 116 122 133 145 163
96 8 11 16 52 77 79 84 85 103 129 132 133 135 166
97 31 43 47 51 79 103 104 107 110 140 147 153 158
98 5 9 18 24 41 42 52 54 60 61 65 106 118 139 140 142 157 161 164
99 0 30 44 55 73 85 107 108 122 137 143 154
100 8 20 22 43 72 82 83 84 92 109 124 131 158 162
101 0 4 10 17 44 56 62 71 105 108 111 115 116 137 143 163
102 2 6 31 58 62 65 67 127
103 11 12 25 27 32 33 37 57 63 78 84 87 91 94 96 97 110 132 139 151 156
104 16 17 21 31 39 40 53 69 88 97 124 132 135 138 147 156 162 166
105 3 7 9 52 56 68 78 88 101 115 128 129 153 157 163 164
106 14 16 21 23 34 42 54 67 79 95 98 110 115 117 120 134 142 146 166
107 6 32 33 53 62 63 76 97 99 114 116 118 143 148 151 154 158
108 0 6 14 20 21 31 65 70 72 86 91 99 101 110 114 124 126 127 129 138 158 159 160
109 0 10 28 29 39 49 56 71 84 100 124 126 127 130 148 155
110 15 30 47 51 55 57 59 72 86 92 97 103 106 108 118 125 138 148 151 162
111 3 12 21 27 31 32 38 54 55 58 64 81 84 93 101 113 130 135 141 147 154 160 164
112 11 13 16 17 22 25 29 30 46 54 56 60 62 64 78 80 91 122 128 154 164 166
113 19 41 44 45 46 68 82 111 118 129 138 141 159 160 162 165
114 1 11 12 23 37 58 65 73 77 95 107 108 124 129 142 160
115 1 9 14 31 38 39 48 50 57 58 59 72 80 101 105 106 126 127 128 134 138 150 156 159
116 11 23 24 46 49 55 76 83 95 101 107 132 153 158 166
117 16 26 31 35 40 44 62 67 71 94 106 120 121 135 138 139 140 145 165
118 28 40 47 78 82 98 107 110 113 127 137 138 146 158 165
119 0 7 23 51 62 70 75 80 82 83 132 155
120 2 4 10 13 14 27 29 36 49 52 78 79 83 91 93 94 106 117 121 144 147
121 16 24 30 42 58 65 70 89 117 120 156
122 13 19 20 30 38 39 46 54 62 64 74 80 87 93 94 95 99 112 123 152
123 2 6 7 19 41 59 64 69 70 75 90 122 147 149 150 154 156
124 11 19 26 27 44 49 51 59 70 76 80 88 93 100 104 108 109 114 130 137 138 147 150 153 163
125 1 3 15 35 36 38 39 50 66 72 84 85 110 133 146 150
126 5 8 11 44 47 72 108 109 115 137 149 154 161
127 1 8 11 24 33 38 44 53 56 58 79 84 102 108 109 115 118 134 143 145 148 151
128 6 34 49 56 58 63 72 75 105 112 115 142 143 153
129 4 6 15 18 19 21 29 59 64 74 75 82 89 91 96 105 108 113 114 132 136 144 156
130 7 9 10 12 15 31 49 53 62 92 109 111 124 131 134 136 140 145
131 5 9 13 19 20 26 52 54 57 70 81 86 93 100 130 155
132 10 13 16 33 40 42 43 47 67 75 83 92 96 103 104 116 119 129 143 145 146
133 8 29 51 66 67 74 76 84 88 95 96 125 151 163 165
134 0 3 31 39 43 45 48 55 80 83 85 91 106 115 127 130 139 140 142 152 162
135 3 14 16 17 58 64 66 71 72 91 96 104 111 117 139 143 150
136 1 36 51 65 74 79 91 129 130 140 142 148
137 4 12 20 24 40 42 48 50 52 60 64 76 82 84 92 99 101 118 124 126 139 154 160 163
138 2 36 44 64 79 91 94 104 108 110 113 115 117 118 124 155 159 164
139 7 10 13 25 27 54 64 70 71 72 81 98 103 117 134 135 137 160
140 0 13 14 24 28 32 97 98 117 130 134 136 142 159 166
141 2 4 10 26 44 45 50 56 57 62 66 71 81 85 90 92 111 113 146 149 150 166
142 12 37 41 45 48 50 51 61 65 68 70 73 82 98 106 114 128 134 136 140 166
143 2 4 26 27 32 36 53 72 99 101 107 127 128 132 135 145 151 152 153 154
144 2 5 23 37 43 52 53 71 73 76 77 83 120 129 152 159 160
145 9 10 30 33 41 51 59 89 95 117 127 130 132 143 147 149 152 153 164
146 7 17 43 51 54 55 71 106 118 125 132 141 161
147 2 6 8 21 30 31 36 37 50 51 57 61 84 94 97 104 111 120 123 124 145 154 163
148 1 14 45 46 47 50 51 53 76 107 109 110 127 136 149 157 164
149 0 8 11 12 16 22 25 29 38 41 46 61 66 81 123 126 141 145 148
150 21 33 36 40 42 60 61 63 66 67 83 86 90 94 115 123 124 125 135 141 155 163
151 20 21 27 55 62 65 69 73 87 103 107 110 127 133 143 156
152 19 24 25 49 56 65 122 134 143 144 145
153 18 29 37 41 47 53 62 67 72 79 86 97 105 116 124 128 143 145
154 0 3 10 26 27 57 60 61 68 80 82 90 99 107 111 112 123 126 137 143 147 155 160 161 162 163 165
155 4 7 38 39 58 69 86 87 91 109 119 131 138 150 154 163
156 7 12 22 44 58 70 81 82 88 89 103 104 115 121 123 129 151 165
157 5 18 20 27 29 38 42 46 50 64 69 78 85 89 98 105 148 158 160 161 164 166
158 0 2 3 34 35 39 43 44 49 59 64 66 85 89 97 100 107 108 116 118 157 166
159 8 11 13 14 25 42 50 52 67 68 75 91 108 113 115 138 140 144
160 17 40 53 77 108 111 113 114 137 139 144 154 157 164
161 2 4 5 15 16 43 66 75 82 84 94 98 126 146 154 157
162 0 10 34 52 53 56 66 76 85 89 90 92 100 104 110 113 134 154
163 1 15 19 23 33 35 74 82 88 91 94 95 101 105 124 133 137 147 150 154 155
164 20 39 45 52 56 59 69 89 93 98 105 111 112 138 145 148 157 160
165 2 12 29 48 55 73 75 87 91 93 113 117 118 133 154 156
166 3 8 19 22 41 50 51 70 72 96 104 106 112 116 140 141 142 157 158
