108 802
0 11 20 21 24 26 29 35 43 46 56 60 80 102 106
1 29 34 43 50 56 60 76 81 84 99 106
2 15 20 24 27 46 51 58 72 75 76 78 79 85 86 93 104 107
3 17 31 40 81 83 85 87 89 92 94 99
4 5 10 13 14 16 35 45 55 57 64 69 74 87 92 96 100
5 4 13 27 29 31 35 42 62 71 93 100 107
6 7 11 13 20 30 33 41 45 50 52 56 64 70 73 84 88 91 103
7 6 13 16 33 34 43 44 50 55 58 71 72 73 76 78 91 106
8 13 42 44 55 63 66 75 77 80 86 87 89 92 94 104 107
9 10 17 24 26 42 44 54 55 64 75 78 79 94 95 99
10 4 9 28 29 32 38 48 58 63 76 79 80 85 91 92 93 97 105
11 0 6 16 30 33 45 46 48 49 51 54 62 71 78 85 86 100 107
12 13 24 29 31 33 38 48 49 58 59 68 69 70 80 89 94 98
13 4 5 6 7 8 12 29 34 43 58 76 84 88 89 107
14 4 16 20 22 25 50 51 61 63 64 65 66 68 79 80 89 93 102
15 2 20 23 35 42 48 50 56 74 81 86 87 93 94 101 107
16 4 7 11 14 28 51 73 85 88 94 104
17 3 9 32 42 52 54 66 84 88 89 92 93 95 104 105
18 19 26 50 54 55 64 66 69 74 80 88 91 93 96 103 105
19 18 24 28 33 34 44 49 54 61 79 82 90 92 104 105
20 0 2 6 14 15 34 40 58 63 69 72 74 77 95 96 101 104
21 0 23 39 41 45 53 55 57 72 79 87 94 102
22 14 29 37 40 57 62 76 77 86 90 92 93 100 101 103 106
23 15 21 29 34 66 71 73 77 84 90 91 98 102 106
24 0 2 9 12 19 37 47 58 59 65 70 77 85 97 103 107
25 14 45 46 47 59 72 76 80 81 85 95 105 106
26 0 9 18 28 46 55 59 60 63 64 67 74 95 96 100 104 105
27 2 5 46 67 74 83 84 87 89 93 104
28 10 16 19 26 34 38 48 62 66 68 71 78 92 97
29 0 1 5 10 12 13 22 23 32 33 45 46 51 52 58 59 74 78 85 87 96 98 106
30 6 11 36 52 54 55 59 61 66
31 3 5 12 39 44 73 77 88 89 103 106 107
32 10 17 29 37 48 77 79 107
33 6 7 11 12 19 29 38 43 45 50 59 66 70 81 104
34 1 7 13 19 20 23 28 46 48 89 91 99
35 0 4 5 15 40 48 49 59 74 85
36 30 40 59 64 69 90 91 106
37 22 24 32 38 39 42 54 76 79 84 88 100
38 10 12 28 33 37 39 43 44 48 56 67 69 80 92 93 102
39 21 31 37 38 40 46 49 60 66 68 81 83 90 96 107
40 3 20 22 35 36 39 67 73 77 79 91 93 101 102 106
41 6 21 46 63 66 82 92 93 101
42 5 8 9 15 17 37 46 61 70 73 75 79 84 86 89 103
43 0 1 7 13 33 38 49 60 64 87 93 94 98 107
44 7 8 9 19 31 38 49 52 55 56 58 76 79 82 88 89 92 104
45 4 6 11 21 25 29 33 46 55 56 61 63 67 68 70 84 89 93 99 102 103
46 0 2 11 25 26 27 29 34 39 41 42 45 48 54 63 78 83 86 88 94 103 104
47 24 25 57 60 74 82 85 87 90 93 101
48 10 11 12 15 28 32 34 35 38 46 50 56 57 59 97
49 11 12 19 35 39 43 44 57 62 77 89 94 96
50 1 6 7 14 15 18 33 48 62 69 73 79 80 82 88 94
51 2 11 14 16 29 56 59 75 76 80 84 86 87 100 101 107
52 6 17 29 30 44 54 57 65 75 87 91 93 106
53 21 66 76 79 81 91 106
54 9 11 17 18 19 30 37 46 52 56 64 65 66 72 90 105
55 4 7 8 9 18 21 26 30 44 45 79 97 98 105
56 0 1 6 15 38 44 45 48 51 54 57 73 81 84 88 99 103
57 4 21 22 47 48 49 52 56 60 62 64 70 80 81 88 90 106
58 2 7 10 12 13 20 24 29 44 66 72 76 84 85 97 99
59 12 24 25 26 29 30 33 35 36 48 51 60 64 76 77 80 97
60 0 1 26 39 43 47 57 59 62 68 72 74 98 107
61 14 19 30 42 45 62 75 92 105
62 5 11 22 28 49 50 57 60 61 64 85 86 107
63 8 10 14 20 26 41 45 46 78 86 101 105
64 4 6 9 14 18 26 36 43 54 57 59 62 66 69 70 78 83 90 94 95 102
65 14 24 52 54 74 77 82 85 89 96 102 103
66 8 14 17 18 23 28 30 33 39 41 53 54 58 64 70 83 87 92 97 102
67 26 27 38 40 45 72 87 90 93 96 101 103 105
68 12 14 28 39 45 60 69 71 86 87 92 97 107
69 4 12 18 20 36 38 50 64 68 80 83 96 106 107
70 6 12 24 33 42 45 57 64 66 96 104
71 5 7 11 23 28 68 74 77 80 87 101
72 2 7 20 21 25 54 58 60 67 87 90 95
73 6 7 16 23 31 40 42 50 56 87 92 101 104 107
74 4 15 18 20 26 27 29 35 47 60 65 71 77 82 84 96 102
75 2 8 9 42 51 52 61 85 99 106
76 1 2 7 10 13 22 25 37 44 51 53 58 59 77 90 95 98 103
77 8 20 22 23 24 31 32 40 49 59 65 71 74 76 82 86 90 99 103 106
78 2 7 9 11 28 29 46 63 64 84 89 97 101
79 2 9 10 14 19 21 32 37 40 42 44 50 53 55 102 105
80 0 8 10 12 14 18 25 38 50 51 57 59 69 71 84 85 91 96 101 102 103
81 1 3 15 25 33 39 53 56 57 87 104 107
82 19 41 44 47 50 65 74 77 89 90 94 98 99 102
83 3 27 39 46 64 66 69 94 100 102
84 1 6 13 17 23 27 37 42 45 51 56 58 74 78 80 91 93 99 107
85 2 3 10 11 16 24 25 29 35 47 58 62 65 75 80 87
86 2 8 11 15 22 42 46 51 62 63 68 77 91 103 105 107
87 3 4 8 15 21 27 29 43 47 51 52 66 67 68 71 72 73 81 85 95 101 103
88 6 13 16 17 18 31 37 44 46 50 56 57 101
89 3 8 12 13 14 17 27 31 34 42 44 45 49 65 78 82 90
90 19 22 23 36 39 47 54 57 64 67 72 76 77 82 89 94 107
91 6 7 10 18 23 34 36 40 52 53 80 84 86 100
92 3 4 8 10 17 19 22 28 38 41 44 61 66 68 73 96 98
93 2 5 10 14 15 17 18 22 27 38 40 41 43 45 47 52 67 84
94 3 8 9 12 15 16 21 43 46 49 50 64 82 83 90 98 107
95 9 17 20 25 26 64 72 76 87 101 106
96 4 18 20 26 29 39 49 65 67 69 70 74 80 92 99 105
97 10 24 28 48 55 58 59 66 68 78
98 12 23 29 43 55 60 76 82 92 94 103 104
99 1 3 9 34 45 56 58 75 77 82 84 96 100 105
100 4 5 11 22 26 37 51 83 91 99 104 105
101 15 20 22 40 41 47 51 63 67 71 73 78 80 87 88 95
102 0 14 21 23 38 40 45 64 65 66 74 79 80 82 83
103 6 18 22 24 31 42 45 46 56 65 67 76 77 80 86 87 98
104 2 8 16 17 19 20 26 27 33 44 46 70 73 81 98 100 105
105 10 17 18 19 25 26 54 55 61 63 67 79 86 96 99 100 104 106
106 0 1 7 22 23 25 29 31 36 40 52 53 57 69 75 77 95 105
107 2 5 8 11 13 15 24 31 32 39 43 51 60 62 68 69 73 81 84 86 90 94
