1486 3172
0 2 4 21 22 23 29 31 37 38 47 50 61 62 69 71 75 76 77 78 84 97 101 103 130 134 136 145 157 192 194 248 250 259 263 276 278 280 328 351 352 364 369 382 396 407 414 418 422 426 430 443 445 450 456 463 465 468 469 471 495 505 512 514 519 526 538 539 543 548 578 584 605 636 637 655 656 657 660 661 663 685 692 698 701 703 712 734 735 738 748 751 789 794 795 799 800 802 810 811 813 814 816 827 831 833 868 896 897 908 910 911 912 967 974 976 978 1030 1039 1041 1046 1048 1062 1065 1080 1092 1093 1094 1095 1103 1106 1119 1128 1129 1130 1131 1160 1163 1173 1184 1188 1196 1208 1219 1230 1232 1233 1259 1261 1266 1276 1295 1296 1301 1303 1326 1385 1398 1403 1416 1428 1445 1464
1 657
2 0 63 101
3 1175
4 0
5 161
6 55 542
7 63 585
8 63
9 80 136 810
10 63 274 1190
11 101
12 145 1190
13 63 442 789
14 63 1190
15 810
16 289 1176
17 63 274
18 351 1090
19 63
20 84 1175
21 0 382 981 1176
22 0 145 328 470
23 0 512 1190
24 467 491
25 63 101 188 189 636
26 103
27 101 274
28 101
29 0 63 145
30 1175
31 0 587 810 1403
32 145
33 101 456
34 471 1175
35 1035
36 101
37 0 63
38 0 145 799
39 623
40 51 407
41 498 734
42 351 660
43 145
44 145 194 699 1040 1190
45 810
46 491 810
47 0
48 799 1060
49 63 259 407
50 0 152 491 810
51 40 63 145 194 259 871 905 1026 1190 1222 1227
52 63 101 178 382 407 636
53 63 78 367
54 63 145
55 6 101 106 407 471 658 818 829
56 799
57 84 103 1175
58 289 1175
59 810
60 452 612 613 975 983
61 0 145
62 0 799
63 2 7 8 10 13 14 17 19 25 29 37 49 51 52 53 54 67 72 73 79 81 83 101 103 110 118 139 143 178 182 184 188 197 213 251 261 353 358 359 372 415 417 447 468 482 486 516 523 542 585 618 634 660 664 688 691 745 805 807 810 830 850 859 1035 1040 1068 1069 1090 1106 1111 1175 1176 1190 1216 1235 1328
64 810
65 408 521 546 547 549
66 130 413
67 63 101 636
68 471
69 0 97 101 145 152 194 206 248 265 325 344 355 382 407 471 515 597 681 754 799 895 926 1031 1064 1256 1286 1306 1417 1419
70 810
71 0
72 63 78
73 63 101 191 259 365
74 259 799
75 0
76 0 145 714 1085
77 0 328
78 0 53 72 79 88 97 101 103 130 145 194 251 259 285 369 382 403 407 456 471 513 712 734 789 795 876 1020 1063 1066 1101 1120 1154 1253 1262 1301 1304 1370 1384 1387 1397 1432 1446 1448 1451 1456
79 63 78 746
80 9
81 63 101 584
82 359
83 63 806
84 0 20 57 101 259 382 541 647
85 153
86 88
87 407
88 78 86 101 382 407 471 657 1190
89 121
90 152
91 491
92 189
93 712
94 103
95 128 745 812
96 743
97 0 69 78 101 103 119 127 136 145 146 163 181 206 248 259 263 265 282 292 294 295 296 309 328 340 351 352 369 382 407 429 431 437 443 451 463 469 471 505 510 526 538 540 614 657 685 810
98 103 178
99 101
100 101
101 0 2 11 25 27 28 33 36 52 55 63 67 69 73 78 81 84 88 97 99 100 103 109 110 118 127 130 136 139 143 145 178 194 204 248 259 263 276 277 285 328 334 351 352 359 369 382 407 409 417 422 435 442 443 451 452 453 454 466 469 471 472 481 500 505 513 514 517 526 531 538 543 581 584 604 636 637 657 659 674 680 685 691 700 701 724 725 729 734 735 745 755 761 799 806 810 850 885 1061 1069 1106 1175 1176 1190 1455
102 712
103 0 26 57 63 78 94 97 98 101 136 145 194 200 248 276 285 286 328 382 407 471 799
104 810
105 289 1175
106 55 542
107 810
108 464 745
109 101 219
110 63 101 382 636 975 983
111 113
112 152
113 111 152
114 152
115 411
116 152
117 152
118 63 101 162 282 471 975 1190
119 97 597 943 1315
120 810
121 89 128 145 165 167 745 1278
122 202 204
123 471 810
124 145
125 145 975
126 260
127 97 101 152 153 194 276 297 407 471 799
128 95 121 140 145 164 166 174 175 194 368 471 654 734 1113
129 810
130 0 66 78 101 145 194 382 413 471
131 175 176
132 194 711
133 153
134 0
135 145 491
136 0 9 97 101 103 194 248 276 407 471 669 799 810
137 290 370
138 548
139 63 101 382 407 1069
140 128 476
141 810
142 145
143 63 101 636
144 259
145 0 12 22 29 32 38 43 44 51 54 61 69 76 78 97 101 103 121 124 125 128 130 135 142 146 147 148 150 169 170 171 173 189 194 205 248 249 250 259 262 263 265 268 274 278 279 280 304 317 318 321 328 340 351 352 366 367 369 376 377 382 394 396 401 403 407 409 414 422 427 443 445 446 449 451 461 463 464 465 469 470 471 472 474 476 484 487 488 491 493 502 506 514 526 528 529 531 538 543 544 547 548 553 561 578 579 580 584 585 586 591 594 616 629 636 637 656 661 663 667 671 673 676 677 682 685 689 690 694 695 696 697 698 701 703 711 718 719 720 721 722 724 727 730 731 732 734 735 738 743 744 747 748 751 752 755 770 787 788 791 792 794 797 798 799 801 803 804 808 816 817 819 825 827 828 829 833 834 838 844 872 873 876 879 892 894 900 902 903 904 906 907 914 915 916 918 920 921 925 974 979 983 998 1021 1023 1024 1025 1027 1028 1030 1032 1034 1035 1036 1038 1039 1041 1043 1046 1049 1050 1052 1054 1059 1060 1067 1070 1074 1078 1079 1080 1081 1082 1083 1084 1085 1086 1087 1089 1092 1093 1095 1102 1104 1105 1115 1124 1133 1135 1136 1137 1138 1141 1142 1145 1156 1161 1163 1164 1167 1170 1174 1181 1182 1188 1191 1196 1197 1198 1199 1201 1202 1207 1210 1213 1214 1217 1219 1220 1223 1225 1226 1228 1230 1231 1233 1237 1239 1242 1243 1246 1248 1249 1250 1252 1254 1255 1256 1260 1266 1268 1270 1272 1273 1275 1279 1282 1285 1286 1287 1290 1292 1295 1296 1297 1298 1299 1300 1302 1303 1305 1306 1307 1308 1311 1312 1314 1325 1327 1328 1330 1332 1336 1338 1341 1342 1343 1344 1346 1347 1350 1352 1355 1356 1357 1359 1361 1364 1366 1367 1373 1378 1380 1382 1383 1384 1385 1386 1387 1388 1389 1393 1396 1401 1402 1405 1407 1408 1410 1411 1413 1415 1417 1418 1419 1420 1422 1423 1424 1427 1428 1429 1431 1432 1433 1434 1439 1441 1442 1443 1444 1446 1448 1449 1450 1451 1453 1458 1459 1460 1461 1462 1464 1466 1468 1470 1471 1472 1473 1474 1475 1477 1478 1479 1483
146 97 145 148 178 198 201 202 243 265 267 287 293 359 381 409 420 423 427 437 439 511 517 591 596 601 609 624 759 765 767 945 985 987 989 1319
147 145 328 560
148 145 146 293
149 1093 1295
150 145 194 382 470 471 735 1110 1122 1354
151 439
152 50 69 90 112 113 114 116 117 127 154 177 223 224 226 228 230 231 233 234 242 471
153 85 127 133
154 152 229
155 290
156 443
157 0
158 776 975
159 319
160 212
161 5 287 614 734 975
162 118 319
163 97
164 128
165 121
166 128 194 745
167 121
168 171
169 145 170 476 707 998
170 145 169 171 707 1112
171 145 168 170 172 464 476 707 723 726 832 890 1113 1264
172 171 745
173 145 194 250 444 707 745 753 878 1037 1146
174 128 909 1147
175 128 131
176 131 745
177 152
178 52 63 98 101 146 181 406 437 629 691 734 745 810 859 975 1069 1190
179 290
180 290
181 97 178 427 924
182 63 806
183 290
184 63 585
185 975 983
186 469
187 379 382 407 471 568 569 571 661 734 839 999 1015
188 25 63 189
189 25 92 145 188 216 407 684 1436
190 471
191 73
192 0
193 500
194 0 44 51 69 78 101 103 127 128 130 132 136 145 150 166 173 248 259 263 265 266 268 271 274 275 276 280 318 321 328 340 348 351 352 358 369 376 382 396 401 407 410 411 426 435 443 450 455 456 458 459 463 469 471 472 476 493 495 497 503 505 506 507 509 513 514 517 518 524 525 526 528 531 533 537 538 539 543 547 548 553 561 572 584 585 618 629 636 637 640 645 646 647 648 649 657 663 666 668 676 682 685 693 694 695 696 697 706 711 716 733 734 735 738 742 750 751 769 770 789 794 799 806 809 810 812 815 867 875 876 891 899 901 904 906 907 914 917 925 1021 1034 1039 1043 1053 1056 1066 1071 1072 1078 1079 1080 1081 1083 1084 1091 1092 1093 1094 1095 1100 1101 1102 1118 1119 1121 1138 1154 1157 1163 1165 1170 1171 1177 1183 1185 1188 1189 1210 1224 1232 1233 1279 1292 1295 1329 1343 1347 1348 1350 1356 1357 1362 1364 1377 1379 1381 1382 1387 1393 1402 1414 1420 1422 1442 1459 1467 1474 1478
195 471 616 952
196 624
197 63 471
198 146 265 276 316 359 398 617
199 810
200 103 587
201 146
202 122 146 775 785
203 265 276 287 397 427 437 604 605 614 775 970 1315
204 101 122 264 471 620 783 942 975 983
205 145 513
206 69 97 287 292 605 614 941
207 265 280 287 359 428 433 602 605 614 774 940
208 319
209 212
210 319
211 253 319
212 160 209 252 254 313
213 63 806
214 220 248
215 248 266
216 189 248 266 1089
217 248 736
218 245 248
219 109 248 447 509
220 214 1194
221 619
222 799 876
223 152
224 152
225 810
226 152 810
227 810
228 152
229 154
230 152
231 152
232 810
233 152 810
234 152
235 297
236 297
237 297
238 297
239 297
240 297
241 297
242 152
243 146 359 384 385 386 387 388 389 390 391 392 393 597 630 992 1316
244 810
245 218 489
246 799
247 248 775
248 0 69 97 101 103 136 145 194 214 215 216 217 218 219 247 259 276 351 369 407 443 471 513 514 517 526 680 685 735
249 145 734
250 0 145 173 471 812
251 63 78 1190
252 212
253 211
254 212 319
255 319
256 319
257 428
258 260
259 0 49 51 73 74 78 84 97 101 144 145 194 248 276 279 328 356 369 378 382 395 407 484 553 585 605 661 685 799 830 914 997 1017 1021 1033 1038 1041 1104 1111 1115 1193 1205 1220 1247 1353
260 126 258 359 440
261 63 799 1326
262 145
263 0 97 101 145 194 328 349 382 407 471 799
264 204
265 69 97 145 146 194 198 203 207 267 276 290 292 348 359 360 370 407 420 427 437 439 596 599 601 605 607 609 621 623 626 628 631 642 735 765 772 777 786 925 947 950 976 990
266 194 215 216 799
267 146 265 359 597 605 619
268 145 194 538 582
269 789
270 799
271 194 471 724
272 290 296
273 469 676
274 10 17 27 145 194 520 659 887 1162
275 194
276 0 101 103 127 136 194 198 203 248 259 265 328 351 352 471 618 657
277 101 403
278 0 145
279 145 259 1190
280 0 145 194 207 407 418 430 471 526 799 1440
281 359
282 97 118 362 945
283 478
284 994
285 78 101 103
286 103
287 146 161 203 206 207 348 357 370 383 396 422 435 436 591 597 599 604 605 614 623 631 642 764 936
288 359 734
289 16 58 105 514 638 678 688
290 137 155 179 180 183 265 272 763 975
291 382 799
292 97 206 265 409 427
293 146 148 437 511 605
294 97
295 97 597
296 97 272 607 944
297 127 235 236 237 238 239 240 241
298 975 983
299 319
300 319
301 314 319
302 799
303 789
304 145 657
305 584
306 700
307 1195
308 581
309 97 382 1067
310 879
311 879 1363
312 319
313 212
314 301
315 925
316 198
317 145
318 145 194 644 1175
319 159 162 208 210 211 254 255 256 299 300 301 312 320 324 618 975
320 319
321 145 194 1426
322 415 416 636 805
323 799
324 319
325 69 1152
326 327 373 1154
327 326 1154
328 0 22 77 97 101 103 145 147 194 259 263 276 329 330 337 338 339 340 341 342 344 346 347 351 352 355 382 406 407 408 422 435 443 469 471 472 505 512 513 514 517 543 550 551 558 559 560 562 565 574 642 657 735 841 845 847
329 328 406
330 328 331 335 340 406 535 564 863 1004
331 330 406
332 406
333 406 564 841
334 101 406
335 330 345 406
336 406
337 328 553 844 1312
338 328 340 462 563 863 1002
339 328 340 553 844 1003
340 97 145 194 328 330 338 339 342 344 347 382 407 408 471 535 550 556 557 558 560 562 565 570 734 841 845 864
341 328 552 553 844
342 328 340
343 406
344 69 328 340 355 1003
345 335
346 328
347 328 340 574
348 194 265 287 514 606 614 735
349 263
350 469
351 0 18 42 97 101 145 194 248 276 328 382 407 471 519 531 578 663 672 682 694 695 734 799 809 822 881 907 1024 1025 1075 1078 1079 1080 1081 1082 1100 1119 1124 1133 1135 1139 1143 1148 1166 1169 1180 1195 1263 1268 1271 1272 1279 1330 1344 1406 1423 1437 1441 1470
352 0 97 101 145 194 276 328 382 407 471 799 1342
353 63
354 455 466 787 1116
355 69 328 344
356 259 407 514
357 287
358 63 194 448 799
359 63 82 101 146 198 207 243 260 265 267 281 288 597 734 925 975
360 265 995
361 605 974 975 983
362 282
363 596 1107
364 0 1040
365 73
366 145 811
367 53 145 665
368 128 737
369 0 78 97 101 145 194 248 259 370 371 382 407 471 644 645 646 647 648 649 651 652 734 799 820
370 137 265 287 369 437 604 614
371 369
372 63 681
373 326 1154
374 547
375 471
376 145 194 920
377 145
378 259
379 187 838 851
380 799 890 919 1146 1147 1187 1264
381 146
382 0 21 52 69 78 84 88 97 101 103 110 130 139 145 150 187 194 259 263 291 309 328 340 351 352 369 407 409 412 422 427 435 443 451 463 469 470 471 472 500 504 505 512 513 514 526 538 539 543 547 553 573 577 584 604 605 618 636 637 642 643 656 657 661 674 676 685 691 700 701 724 729 734 735 738 755 761 799 810 837 882 885 920
383 287
384 243
385 243
386 243
387 243
388 243
389 243
390 243
391 243
392 243
393 243
394 145 619
395 259 601
396 0 145 194 287 471 597 601 605 614 782 946 966 990
397 203
398 198 605 614
399 597 811
400 517 597
401 145 194 471 637 1061 1144
402 657 1190
403 78 145 277
404 1190
405 407 686 734
406 178 328 329 330 331 332 333 334 335 336 343 564 734 975
407 0 40 49 52 55 69 78 87 88 97 101 103 127 136 139 145 187 189 194 248 259 263 265 280 328 340 351 352 356 369 382 405 409 412 421 422 435 443 451 463 469 470 471 472 473 483 487 500 510 512 513 514 517 526 538 543 553 581 591 604 605 618 637 642 657 674 676 680 685 700 701 705 724 729 734 735 738 741 761 794 799 810 837 844 870 871 874 877 882 885 904 1039 1043 1142 1166 1177 1214 1222 1226 1229 1236 1240 1249 1285 1295 1360 1372 1389 1392
408 65 328 340 661
409 101 145 146 292 382 407 611 614 618 755 971 973 1322
410 194 799
411 115 194
412 382 407 735
413 66 130 1108 1190
414 0 145
415 63 322
416 322
417 63 101
418 0 280 785 936
419 517 618 971
420 146 265
421 407 922
422 0 101 145 287 328 382 407 437 471 600 614 799
423 146 511 980 982 1322
424 440 959
425 756
426 0 194 437 471 605 614 624 765 778 960
427 145 146 181 203 265 292 382 431 432 437 591 597 608 621 633 760 770 772 799 923 966 975 976
428 207 257
429 97
430 0 280 928 947 1321
431 97 427 759
432 427 629 953 980
433 207 632
434 811
435 101 194 287 328 382 407 437 614 799 955
436 287 597 614 761
437 97 146 178 203 265 293 370 422 426 427 435 597 601 605 606 618 627 775 786 811 924 925 927 929 956 961 974 990
438 625
439 146 151 265 597
440 260 424
441 604 776
442 13 101 789
443 0 97 101 145 156 194 248 328 382 407 471 488 581 629 791 799 908 990 1034 1039 1136 1344 1481
444 173
445 0 145 635
446 145 755 1218
447 63 219 509
448 358
449 145 676
450 0 194 471
451 97 101 145 382 407 471 508
452 60 101
453 101
454 101 563
455 194 354
456 0 33 78 194 1040
457 792 1040
458 194 799 849
459 194
460 722
461 145 1040
462 338
463 0 97 145 194 382 407 471 512 635 674 701 1171
464 108 145 171 726 919 1016 1152
465 0 145
466 101 354
467 24 810
468 0 63
469 0 97 101 145 186 194 273 328 350 382 407 471 609 700 734 799 893 922 1059 1107 1158 1174 1184 1208 1282 1454
470 22 145 150 382 407 734 735
471 0 34 55 68 69 78 88 97 101 103 118 123 127 128 130 136 145 150 152 187 190 194 195 197 204 248 250 263 271 276 280 328 340 351 352 369 375 382 396 401 407 422 426 443 450 451 463 469 472 475 480 487 488 503 510 512 513 514 522 526 530 533 538 543 547 553 561 570 577 584 586 590 601 624 653 657 665 674 675 680 685 699 700 704 709 711 735 738 743 744 769 776 794 797 799 802 846 869 877 899 900 904 906 916 925 1017 1020 1043 1066 1075 1092 1093 1094 1100 1101 1109 1118 1125 1133 1144 1150 1162 1174 1175 1176 1178 1179 1183 1184 1200 1202 1211 1212 1218 1223 1232 1234 1238 1241 1247 1262 1265 1295 1310 1312 1314 1329 1333 1334 1335 1350 1387 1407 1421 1435 1467 1469 1471 1476
472 101 145 194 328 382 407 471
473 407 487 545
474 145 799
475 471 799 816
476 140 145 169 171 194 588 654 666 707 737 753 832 1264
477 515 860
478 283 743
479 480
480 471 479 547
481 101
482 63 483 681
483 407 482
484 145 259 799
485 690 1190
486 63 1190
487 145 407 471 473 527 715
488 145 443 471
489 245 721
490 528 711 799
491 24 46 50 91 135 145 595
492 799
493 145 194
494 500 572
495 0 194
496 836 837
497 194
498 41 737
499 500 572
500 101 193 382 407 494 499 734 735 1012 1014
501 542 789
502 145 674
503 194 471
504 382 534 568
505 0 97 101 194 328 382 700
506 145 194 1408
507 194
508 451 531 799
509 194 219 447
510 97 407 471 1118
511 146 293 423
512 0 23 328 382 407 463 471 799
513 78 101 194 205 248 328 382 407 471 540 712 795 799 896 912 913 1062 1128 1325
514 0 101 145 194 248 289 328 348 356 382 407 471 572 786 799 893 963
515 69 477
516 63 585
517 101 146 194 248 328 400 407 419 552 576 597 614 618 627 686 762 773 784 932 935 938
518 194
519 0 351 637
520 274
521 65 735
522 471 799
523 63 585
524 194 574 794
525 194
526 0 97 101 145 194 248 280 382 407 471 583 717 799 1107 1168 1212 1217
527 487 545
528 145 194 490
529 145
530 471
531 101 145 194 351 508 1179 1400
532 636 657 675
533 194 471
534 504
535 330 340
536 690 1116
537 194 802 1404
538 0 97 101 145 194 268 382 407 471 882
539 0 194 382 1245
540 97 513
541 84
542 6 63 106 501 818 1190
543 0 101 145 194 328 382 407 471 799 862 974 1031 1034 1352 1366 1401
544 145 799
545 473 527 715 1190
546 65 549 574 734
547 65 145 194 374 382 471 480
548 0 138 145 194 1000 1010
549 65 546 837
550 328 340 844
551 328 552 555 561
552 341 517 551
553 145 194 259 337 339 341 382 407 471 558 559 565 841 845
554 557
555 551
556 340
557 340 554
558 328 340 553
559 328 553 844
560 147 328 340 843 845
561 145 194 471 551 562
562 328 340 561 1003
563 338 454
564 330 333 406 863
565 328 340 553
566 576
567 838
568 187 504 838
569 187 838
570 340 471
571 187 866
572 194 494 499 514 734 735 799 1012
573 382 1007 1008 1009
574 328 347 524 546
575 735 799 849
576 517 566
577 382 471
578 0 145 351
579 145 776 1019
580 145
581 101 308 407 443 635 735
582 268
583 526
584 0 81 101 145 194 305 382 471 790 872 889 1118 1224 1269 1337
585 7 63 145 184 194 259 516 523 799
586 145 471 1066
587 31 200 810
588 476 734
589 724 1192
590 471 823 898 1190
591 145 146 287 407 427 614
592 594
593 594
594 145 592 593
595 491
596 146 265 363
597 69 119 243 267 287 295 359 396 399 400 427 436 437 439 517 600 604 605 608 610 614 623 735 755 760 762 773 785 923 933 937 945 949 953 958 968 984 985 1324
598 978 979
599 265 287 614 811 927
600 422 597 756 984
601 146 265 395 396 437 471 757 758 765 782 799 950 990
602 207 604 974
603 952 975 983
604 101 203 287 370 382 407 441 597 602 609 614 629 729 760 766 775 811 923 927 949 957 960 968 970 972
605 0 203 206 207 259 265 267 287 293 361 382 396 398 407 426 437 597 614 623 775 929 956 985
606 348 437
607 265 296 974
608 427 597 976
609 146 265 469 604 614 734 949 977 1320
610 597 614 772
611 409 758
612 60
613 60
614 97 161 203 206 207 287 348 370 396 398 409 422 426 435 436 517 591 597 599 604 605 609 610 618 623 629 642 735 765 773 775 811 927 936 963 966 974 976 990
615 619
616 145 195
617 198
618 63 194 276 319 382 407 409 419 437 517 614 1319
619 221 267 394 615 734
620 204
621 265 427
622 768 930 976
623 39 265 287 597 605 614 653 767
624 146 196 426 471
625 438 734 939 959 965 1318
626 265
627 437 517
628 265
629 145 178 194 432 443 604 614 735 982 993
630 243
631 265 287 771
632 433
633 427
634 63 1190
635 445 463 581
636 0 25 52 67 101 110 143 145 194 322 382 532 691 706 724 755 799 812 863
637 0 101 145 194 382 401 407 519 687 727 746 869 1199 1386
638 289 1176
639 706 711
640 194 1116
641 653
642 265 287 328 382 407 614 735
643 382 644 882
644 318 369 643 667 692 728 828 862 1117 1228 1365 1447
645 194 369
646 194 369
647 84 194 369 796
648 194 369
649 194 369
650 882
651 369
652 369
653 471 623 641 674 838 1058 1281
654 128 476 1187
655 0
656 0 145 382
657 0 1 88 97 101 194 276 304 328 382 402 407 471 532 680 735 802 1149 1358
658 55
659 101 274
660 0 42 63
661 0 145 187 259 382 408 786 799 808 837 838
662 799
663 0 145 194 351 1088
664 63 1176
665 367 471
666 194 476 734
667 145 644
668 194 1254
669 136
670 810
671 145
672 351 1123
673 145
674 101 382 407 463 471 502 653
675 471 532
676 145 194 273 382 407 449 1204 1395
677 145
678 289 1175
679 792
680 101 248 407 471 657
681 69 372 482
682 145 194 351 1358 1373
683 690
684 189 799
685 0 97 101 145 194 248 259 382 407 471 707 728 799 868 1365
686 405 517
687 637 1215
688 63 289 1176
689 145 1212
690 145 485 536 683 1261
691 63 101 178 382 636
692 0 644 734 799
693 194 1140
694 145 194 351
695 145 194 351
696 145 194
697 145 194
698 0 145 1372
699 44 471
700 101 306 382 407 469 471 505 755 799 1191 1279
701 0 101 145 382 407 463
702 1154
703 0 145 799
704 471 799
705 407 735 893
706 194 636 639
707 169 170 171 173 476 685 734
708 917 1029 1047 1126
709 471 711 1149
710 1134
711 132 145 194 471 490 639 709 728 737 749 918 1156 1405 1409 1453 1477
712 0 78 93 102 513 1106 1151 1438
713 719 1116
714 76 1190
715 487 545
716 194 1142
717 526 740
718 145
719 145 713
720 145
721 145 489
722 145 460
723 171 734 737
724 101 145 271 382 407 589 636 755 799
725 101
726 171 464
727 145 637 799
728 644 685 711 799
729 101 382 407 604 735
730 145 799
731 145 799
732 145
733 194 799
734 0 41 78 101 128 145 161 178 187 194 249 288 340 351 359 369 382 405 406 407 469 470 500 546 572 588 609 619 625 666 692 707 723 737 770 772 776 799 837 844 904 916 919 927 936 1006 1011 1152 1307 1368
735 0 101 145 150 194 248 265 328 348 382 407 412 470 471 500 521 572 575 581 597 614 629 642 657 705 729 748 799 812 837 858 1023 1107 1172 1244
736 217
737 368 476 498 711 723 734 890
738 0 145 194 382 407 471 755 826
739 799
740 717
741 407
742 194 1392
743 96 145 471 478
744 145 471
745 63 95 101 108 121 166 172 173 176 178 909 1069 1073 1098 1099 1257
746 79 637
747 145
748 0 145 735
749 711 1120
750 194 799
751 0 145 194
752 145
753 173 476
754 69
755 101 145 382 409 446 597 636 700 724 738 773 885
756 425 600 770
757 601 972
758 601 611
759 146 431
760 427 597 604 967
761 101 382 407 436 893
762 517 597 765
763 290
764 287
765 146 265 426 601 614 762 945 1321
766 604 976
767 146 623 779
768 622 990
769 194 471 799 993
770 145 194 427 734 756 968
771 631 996 1160
772 265 427 610 734
773 517 597 614 755
774 207
775 202 203 247 437 604 605 614 783 944
776 158 441 471 579 734
777 265 924 990
778 426
779 767 934
780 932
781 936 990
782 396 601 1013
783 204 775
784 517
785 202 418 597
786 265 437 514 661
787 145 354
788 145
789 0 13 78 194 269 303 442 501 799 821 822 1045 1076
790 584
791 145 443
792 145 457 679 1294
793 799
794 0 145 194 407 471 524 799
795 0 78 513
796 647
797 145 471 799 885
798 145 885
799 0 38 48 56 62 69 74 101 103 127 136 145 194 222 246 259 261 263 266 270 280 291 302 323 351 352 358 369 380 382 407 410 422 427 435 443 458 469 471 474 475 484 490 492 508 512 513 514 522 526 543 544 572 575 585 601 636 661 662 684 685 692 700 703 704 724 727 728 730 731 733 734 735 739 750 769 789 793 794 797 810 824 826 835 867 869 874 877 883 885 899 901 904 906 916 1001 1006 1017 1018 1032 1036 1051 1052 1057 1064 1066 1085 1086 1092 1093 1094 1096 1097 1100 1103 1114 1118 1121 1125 1132 1134 1140 1143 1149 1159 1162 1168 1169 1170 1178 1179 1186 1193 1194 1200 1209 1211 1215 1221 1223 1224 1233 1234 1238 1239 1241 1244 1245 1250 1265 1267 1270 1274 1275 1277 1280 1281 1283 1284 1291 1292 1293 1302 1308 1310 1311 1313 1331 1333 1334 1339 1340 1341 1345 1353 1355 1369 1371 1374 1375 1379 1381 1390 1391 1394 1395 1399 1402 1406 1413 1414 1421 1425 1438 1445 1452 1457 1462 1463 1465 1475
800 0
801 145
802 0 471 537 657 1122 1253
803 145
804 145 828
805 63 322 1190
806 83 101 182 194 213 1022 1151 1251
807 63
808 145 661
809 194 351 1259
810 0 9 15 31 45 46 50 59 63 64 70 97 101 104 107 120 123 129 136 141 178 194 199 225 226 227 232 233 244 382 407 467 587 670 799 871
811 0 366 399 434 437 599 604 614 924 958 1317
812 95 194 250 636 735 1112
813 0
814 0
815 194 1190
816 0 145 475 1057 1173
817 145
818 55 542
819 145
820 369
821 789 882
822 351 789
823 590 882
824 799
825 145
826 738 799
827 0 145
828 145 644 804
829 55 145
830 63 259 1175
831 0
832 171 476
833 0 145
834 145
835 799
836 496 859
837 382 407 496 549 661 734 735
838 145 379 567 568 569 653 661 839 840 852 853 854 855 856 857 999
839 187 838
840 838
841 328 333 340 553 842
842 841
843 560 864
844 145 337 339 341 407 550 559 734
845 328 340 553 560
846 471
847 328
848 861 1011
849 458 575 861 1011
850 63 101 997 1069
851 379 862 1005
852 838
853 838
854 838
855 838
856 838
857 838
858 735 862
859 63 178 836 1069
860 477
861 848 849
862 543 644 851 858
863 330 338 564 636 1002 1069
864 340 843
865 1244
866 571
867 194 799
868 0 685
869 471 637 799 885
870 407 1082
871 51 407 810
872 145 584
873 145
874 407 799
875 194
876 78 145 194 222 1349
877 407 471 799
878 173
879 145 310 311
880 1154
881 351 1019
882 382 407 538 643 650 821 823 1163
883 799
884 900 1053
885 101 382 407 755 797 798 799 869 901 1017 1075 1100 1109 1162 1178 1179 1211 1247 1311 1375
886 1062 1397
887 274
888 1116 1484
889 584
890 171 380 737
891 194
892 145
893 469 514 705 761 1092
894 145 1092
895 69
896 0 513
897 0
898 590
899 194 471 799
900 145 471 884 1114
901 194 799 885
902 145
903 145
904 145 194 407 471 734 799 905
905 51 904
906 145 194 471 799
907 145 194 351 1465
908 0 443
909 174 745
910 0
911 0
912 0 513
913 513
914 145 194 259
915 145
916 145 471 734 799
917 194 708
918 145 711
919 380 464 734
920 145 376 382
921 145
922 421 469
923 427 597 604 974
924 181 437 777 811
925 145 194 265 315 359 437 471
926 69 941 962
927 437 599 604 614 734 994
928 430
929 437 605 974 990 1317
930 622
931 940
932 517 780
933 597
934 779 964
935 517
936 287 418 614 734 781 966 969
937 597 988
938 517
939 625
940 207 931
941 206 926
942 204 970
943 119 954
944 296 775
945 146 282 597 765
946 396
947 265 430
948 1107
949 597 604 609 974
950 265 601
951 970
952 195 603
953 432 597
954 943
955 435
956 437 605
957 604
958 597 811
959 424 625
960 426 604
961 437 962
962 926 961
963 514 614
964 934 991
965 625
966 396 427 614 936 990 996
967 0 760
968 597 604 770
969 936 973
970 203 604 942 951 990
971 409 419
972 604 757
973 409 969
974 0 145 361 437 543 602 607 614 923 929 949 1323
975 60 110 118 125 158 161 178 185 204 290 298 319 359 361 406 427 603
976 0 265 427 608 614 622 766
977 609
978 0 598
979 145 598
980 423 432
981 21
982 423 629
983 60 110 145 185 204 298 361 603 1190
984 597 600
985 146 597 605
986 987
987 146 986
988 937
989 146
990 265 396 437 443 601 614 768 777 781 929 966 970 1324
991 964 1157
992 243
993 629 769
994 284 927
995 360
996 771 966
997 259 850
998 145 169
999 187 838
1000 548
1001 799
1002 338 863
1003 339 344 562
1004 330
1005 851
1006 734 799
1007 573
1008 573
1009 573
1010 548
1011 734 848 849
1012 500 572
1013 782
1014 500
1015 187
1016 464
1017 259 471 799 885
1018 799
1019 579 881
1020 78 471
1021 145 194 259
1022 806
1023 145 735
1024 145 351
1025 145 351
1026 51 1227
1027 145
1028 145
1029 708
1030 0 145 1040
1031 69 543
1032 145 799
1033 259
1034 145 194 443 543
1035 35 63 145 1190 1229
1036 145 799
1037 173
1038 145 259
1039 0 145 194 407 443
1040 44 63 364 456 457 461 1030 1055 1116 1190 1258 1289 1294 1351
1041 0 145 259
1042 1154
1043 145 194 407 471
1044 1190
1045 789
1046 0 145
1047 708 1134
1048 0
1049 145
1050 145
1051 799
1052 145 799
1053 194 884
1054 145
1055 1040
1056 194
1057 799 816
1058 653 1359
1059 145 469
1060 48 145 1190
1061 101 401
1062 0 513 886
1063 78
1064 69 799
1065 0
1066 78 194 471 586 799
1067 145 309
1068 63
1069 63 101 139 178 745 850 859 863
1070 145
1071 194
1072 194 1077
1073 745
1074 145
1075 351 471 885 1309
1076 789 1482
1077 1072
1078 145 194 351
1079 145 194 351
1080 0 145 194 351 1404
1081 145 194 351 1480
1082 145 351 870
1083 145 194
1084 145 194
1085 76 145 799 1194
1086 145 799 1163
1087 145
1088 663
1089 145 216
1090 18 63 1123
1091 194
1092 0 145 194 471 799 893 894 1368 1376
1093 0 145 149 194 471 799 1335
1094 0 194 471 799 1415
1095 0 145 194 1246 1430
1096 799
1097 799
1098 745
1099 745
1100 194 351 471 799 885 1485
1101 78 194 471
1102 145 194
1103 0 799
1104 145 259
1105 145
1106 0 63 101 712
1107 363 469 526 735 948
1108 413 1109
1109 471 885 1108
1110 150
1111 63 259
1112 170 812
1113 128 171
1114 799 900
1115 145 259
1116 354 536 640 713 888 1040
1117 644
1118 194 471 510 584 799
1119 0 194 351
1120 78 749
1121 194 799
1122 150 802
1123 672 1090
1124 145 351
1125 471 799
1126 708
1127 1233
1128 0 513
1129 0
1130 0
1131 0
1132 799
1133 145 351 471
1134 710 799 1047
1135 145 351
1136 145 443
1137 145
1138 145 194
1139 351
1140 693 799
1141 145
1142 145 407 716
1143 351 799
1144 401 471
1145 145
1146 173 380
1147 174 380
1148 351
1149 657 709 799
1150 471
1151 712 806 1190
1152 325 464 734
1153 1176
1154 78 194 326 327 373 702 880 1042 1190 1203
1155 1190
1156 145 711
1157 194 991
1158 469
1159 799
1160 0 771
1161 145
1162 274 471 799 885
1163 0 145 194 882 1086
1164 145
1165 194 1206
1166 351 407
1167 145
1168 526 799
1169 351 799
1170 145 194 799
1171 194 463
1172 735
1173 0 816
1174 145 469 471
1175 3 20 30 34 57 58 63 101 105 318 471 678 830 1190
1176 16 21 63 101 471 638 664 688 1153 1190
1177 194 407
1178 471 799 885
1179 471 531 799 885
1180 351
1181 145 1189
1182 145
1183 194 471
1184 0 469 471
1185 194
1186 799
1187 380 654
1188 0 145 194
1189 194 1181
1190 10 12 14 23 44 51 63 88 101 118 178 251 279 402 404 413 485 486 542 545 590 634 714 805 815 983 1035 1040 1044 1060 1151 1154 1155 1175 1176 1251 1288 1363 1412
1191 145 700
1192 589
1193 259 799
1194 220 799 1085
1195 307 351
1196 0 145
1197 145
1198 145
1199 145 637
1200 471 799
1201 145
1202 145 471
1203 1154
1204 676
1205 259
1206 1165
1207 145
1208 0 469
1209 799
1210 145 194
1211 471 799 885
1212 471 526 689
1213 145
1214 145 407
1215 687 799
1216 63
1217 145 526
1218 446 471
1219 0 145
1220 145 259
1221 799
1222 51 407
1223 145 471 799
1224 194 584 799
1225 145
1226 145 407
1227 51 1026
1228 145 644
1229 407 1035
1230 0 145
1231 145
1232 0 194 471 1418
1233 0 145 194 799 1127
1234 471 799
1235 63
1236 407
1237 145 1329
1238 471 799
1239 145 799
1240 407
1241 471 799
1242 145
1243 145
1244 735 799 865
1245 539 799
1246 145 1095
1247 259 471 885 1309
1248 145
1249 145 407
1250 145 799
1251 806 1190
1252 145
1253 78 802
1254 145 668
1255 145
1256 69 145
1257 745
1258 1040
1259 0 809
1260 145
1261 0 690
1262 78 471
1263 351 1429
1264 171 380 476
1265 471 799
1266 0 145
1267 799
1268 145 351
1269 584
1270 145 799
1271 351
1272 145 351
1273 145
1274 799
1275 145 799
1276 0
1277 799
1278 121
1279 145 194 351 700
1280 799
1281 653 799
1282 145 469
1283 799
1284 799
1285 145 407
1286 69 145
1287 145
1288 1190
1289 1040
1290 145
1291 799
1292 145 194 799
1293 799 1349
1294 792 1040
1295 0 145 149 194 407 471 1450
1296 0 145
1297 145
1298 145
1299 145
1300 145
1301 0 78
1302 145 799
1303 0 145
1304 78
1305 145
1306 69 145
1307 145 734
1308 145 799
1309 1075 1247
1310 471 799
1311 145 799 885
1312 145 337 471
1313 799
1314 145 471
1315 119 203
1316 243
1317 811 929
1318 625
1319 146 618
1320 609
1321 430 765
1322 409 423
1323 974
1324 597 990
1325 145 513
1326 0 261
1327 145
1328 63 145
1329 194 471 1237
1330 145 351
1331 799
1332 145
1333 471 799
1334 471 799
1335 471 1093
1336 145
1337 584
1338 145
1339 799
1340 799
1341 145 799
1342 145 352
1343 145 194
1344 145 351 443
1345 799
1346 145
1347 145 194
1348 194
1349 876 1293
1350 145 194 471
1351 1040
1352 145 543
1353 259 799
1354 150
1355 145 799
1356 145 194 1454
1357 145 194
1358 657 682
1359 145 1058
1360 407
1361 145
1362 194 1374 1394
1363 311 1190
1364 145 194
1365 644 685
1366 145 543
1367 145
1368 734 1092
1369 799
1370 78
1371 799
1372 407 698
1373 145 682
1374 799 1362
1375 799 885
1376 1092
1377 194
1378 145
1379 194 799
1380 145
1381 194 799
1382 145 194
1383 145
1384 78 145
1385 0 145
1386 145 637
1387 78 145 194 471
1388 145
1389 145 407
1390 799
1391 799
1392 407 742
1393 145 194
1394 799 1362
1395 676 799
1396 145
1397 78 886
1398 0
1399 799
1400 531
1401 145 543
1402 145 194 799
1403 0 31
1404 537 1080
1405 145 711
1406 351 799
1407 145 471
1408 145 506
1409 711
1410 145
1411 145
1412 1190
1413 145 799
1414 194 799
1415 145 1094
1416 0
1417 69 145
1418 145 1232
1419 69 145
1420 145 194
1421 471 799
1422 145 194
1423 145 351
1424 145
1425 799
1426 321
1427 145
1428 0 145
1429 145 1263
1430 1095
1431 145
1432 78 145
1433 145
1434 145
1435 471
1436 189
1437 351
1438 712 799
1439 145
1440 280
1441 145 351
1442 145 194
1443 145
1444 145
1445 0 799
1446 78 145
1447 644
1448 78 145
1449 145
1450 145 1295
1451 78 145
1452 799
1453 145 711
1454 469 1356
1455 101
1456 78
1457 799
1458 145
1459 145 194
1460 145
1461 145
1462 145 799
1463 799
1464 0 145
1465 799 907
1466 145
1467 194 471
1468 145
1469 471
1470 145 351
1471 145 471
1472 145
1473 145
1474 145 194
1475 145 799
1476 471
1477 145 711
1478 145 194
1479 145
1480 1081
1481 443
1482 1076
1483 145
1484 888
1485 1100
