1621 7079
0 1 2 4 5 6 7 11 12 13 14 15 16 17 18 19 21 22 24 25 26 27 28 29 36 38 40 41 42 45 46 48 51 61 62 65 86 134 240
1 0 2 5 6 7 11 12 13 14 15 17 18 19 21 22 24 25 26 27 28 38 40 41 45 46 47 48 51 61 62 65 86 134 240
2 0 1 4 5 6 7 8 11 12 13 14 15 16 17 18 19 20 21 22 23 24 25 26 27 28 29 36 38 39 40 41 42 45 46 48 51 61 62 65 86 134 240
3 4 5 6 8 9 10 11 12 13 14 15 16 17 18 19 20 23 25 26 27 28 29 36 37 39 40 41 42 51 84 89 98 142 143 155 195
4 0 2 3 5 6 8 9 10 11 12 13 14 15 16 17 18 19 20 23 25 26 27 28 29 36 37 39 40 41 42 51 84 89 98 142 143 155 195
5 0 1 2 3 4 6 7 8 9 10 11 12 13 14 15 16 17 18 19 20 21 22 23 24 25 26 27 28 29 36 37 38 39 40 41 42 45 51 61 62 67 86 98 134
6 0 1 2 3 4 5 7 8 9 10 11 12 13 14 15 16 17 18 19 20 21 22 23 24 25 26 27 28 29 36 37 38 39 40 41 42 45 46 51 61 62 86 98 134
7 0 1 2 5 6 11 12 13 14 15 17 18 19 21 22 24 25 26 27 28 38 40 41 42 45 46 47 48 51 61 62 65 86 134 240
8 2 3 4 5 6 9 10 11 12 13 14 15 16 17 18 19 20 23 25 26 27 28 29 36 37 39 40 41 42 51 84 89 98 142 143 155 195
9 3 4 5 6 8 10 11 12 13 14 15 16 17 18 20 23 26 29 36 37 39 40 41 42 51 84 89 98 143 195
10 3 4 5 6 8 9 11 12 13 14 15 16 17 18 19 20 23 25 26 27 29 36 37 39 40 41 42 51 84 89 98 143 195
11 0 1 2 3 4 5 6 7 8 9 10 12 13 14 15 16 17 18 19 20 21 22 23 24 25 26 27 28 29 36 37 38 39 40 41 42 45 51 61 62 67 84 86 98 134
12 0 1 2 3 4 5 6 7 8 9 10 11 13 14 15 16 17 18 19 20 21 22 23 24 25 26 27 28 29 36 37 38 39 40 41 42 45 51 53 54 61 62 67 84 86 98 134 573 874
13 0 1 2 3 4 5 6 7 8 9 10 11 12 14 15 16 17 18 19 20 21 22 23 24 25 26 27 28 29 36 37 38 39 40 41 42 45 51 54 61 62 67 84 86 98 134
14 0 1 2 3 4 5 6 7 8 9 10 11 12 13 15 16 17 18 19 20 21 22 23 24 25 26 27 28 29 36 37 38 39 40 41 42 51 53 54 61 62 67 84 86 98 134
15 0 1 2 3 4 5 6 7 8 9 10 11 12 13 14 16 17 18 19 20 21 22 23 24 25 26 27 28 29 36 37 38 39 40 41 42 45 51 54 84 86 98 134 195 573
16 0 2 3 4 5 6 8 9 10 11 12 13 14 15 17 18 19 20 23 25 26 27 28 29 36 37 39 40 41 42 51 84 89 98 134 142 143 155 195
17 0 1 2 3 4 5 6 7 8 9 10 11 12 13 14 15 16 18 19 20 21 22 23 24 25 26 27 28 29 36 37 39 40 41 42 51 53 54 84 86 89 98 134 143 195
18 0 1 2 3 4 5 6 7 8 9 10 11 12 13 14 15 16 17 19 20 21 22 23 24 25 26 27 28 29 36 37 39 40 41 42 51 84 86 98 134 143 195
19 0 1 2 3 4 5 6 7 8 10 11 12 13 14 15 16 17 18 20 21 22 23 24 25 26 27 28 29 36 38 39 40 41 42 45 46 48 51 61 62 67 86 134 240
20 2 3 4 5 6 8 9 10 11 12 13 14 15 16 17 18 19 23 25 26 27 28 29 36 37 39 40 41 42 51 54 84 89 98 134 143 195
21 0 1 2 5 6 7 11 12 13 14 15 17 18 19 22 23 24 25 26 27 28 36 38 40 41 45 48 51 61 62 66 67 86 134 163
22 0 1 2 5 6 7 11 12 13 14 15 17 18 19 21 24 25 26 27 28 36 38 40 41 45 47 48 51 54 61 62 66 67 86 134 163 1359
23 2 3 4 5 6 8 9 10 11 12 13 14 15 16 17 18 19 20 21 25 26 27 28 29 36 37 39 40 41 42 51 84 89 98 143 195
24 0 1 2 5 6 7 11 12 13 14 15 17 18 19 21 22 25 26 27 28 36 38 39 40 41 42 45 46 47 48 51 61 62 65 67 86 122 134 240
25 0 1 2 3 4 5 6 7 8 10 11 12 13 14 15 16 17 18 19 20 21 22 23 24 26 27 28 29 36 38 39 40 41 42 45 46 48 51 61 62 66 67 86 134 240 573
26 0 1 2 3 4 5 6 7 8 9 10 11 12 13 14 15 16 17 18 19 20 21 22 23 24 25 27 28 29 36 37 38 39 40 41 42 51 84 86 98
27 0 1 2 3 4 5 6 7 8 10 11 12 13 14 15 16 17 18 19 20 21 22 23 24 25 26 28 29 36 38 39 40 41 42 45 46 48 51 61 62 66 67 86 134 240 573
28 0 1 2 3 4 5 6 7 8 11 12 13 14 15 16 17 18 19 20 21 22 23 24 25 26 27 29 36 38 39 40 41 42 45 46 48 51 61 62 86 134 573
29 0 2 3 4 5 6 8 9 10 11 12 13 14 15 16 17 18 19 20 23 25 26 27 28 36 37 39 40 41 42 51 84 89 98 143 195
30 31 32 33 55 56 57 58 74 75 82 85 87 88 108 235 751
31 30 32 33 55 56 58 74 75 85 87 88 95 108 235 751
32 30 31 33 49 50 55 56 58 81 82 87 88 95 101 108 123 132 178 179 180 186 205 377 435
33 30 31 32 49 50 55 56 57 58 71 81 82 85 87 88 95 101 108 123 132 178 179 180 186 205 235 377 435 674
34 35 47 48 61 63 64 66 103 122 146 229 392 460 776
35 34 47 48 63 64 122 146 229 392 460
36 0 2 3 4 5 6 8 9 10 11 12 13 14 15 16 17 18 19 20 21 22 23 24 25 26 27 28 29 37 39 40 41 42 51 54 67 84 86 98 134
37 3 4 5 6 8 9 10 11 12 13 14 15 16 17 18 20 23 26 29 36 39 41 42 84 89 98 143 195
38 0 1 2 5 6 7 11 12 13 14 15 19 21 22 24 25 26 27 28 40 41 45 46 47 48 51 61 62 65 86 122 134 240 573
39 2 3 4 5 6 8 9 10 11 12 13 14 15 16 17 18 19 20 23 24 25 26 27 28 29 36 37 40 41 42 51 54 84 89 98 143 195
40 0 1 2 3 4 5 6 7 8 9 10 11 12 13 14 15 16 17 18 19 20 21 22 23 24 25 26 27 28 29 36 38 39 41 42 45 51 54 61 62 84 86 98 134 573 874
41 0 1 2 3 4 5 6 7 8 9 10 11 12 13 14 15 16 17 18 19 20 21 22 23 24 25 26 27 28 29 36 37 38 39 40 42 45 51 84 86 98 134 142 143 195
42 0 2 3 4 5 6 7 8 9 10 11 12 13 14 15 16 17 18 19 20 23 24 25 26 27 28 29 36 37 39 40 41 51 54 84 86 89 98 134 195
43 44 52 91 92 115 199 454 654 856 887
44 43 52 91 92 115 199 408 454 856 887 1365
45 0 1 2 5 6 7 11 12 13 15 19 21 22 24 25 27 28 38 40 41 46 47 48 51 61 62 65 86 134 573 633
46 0 1 2 6 7 19 24 25 27 28 38 45 47 48 61 62 65 86 103 134 633
47 1 7 22 24 34 35 38 45 46 48 61 62 64 65 66 67 86 103 122 146 229 240 460 755 776
48 0 1 2 7 19 21 22 24 25 27 28 34 35 38 45 46 47 61 62 65 66 86 103 122 134 229 240 1136
49 32 33 50 81 82 101 123 131 132 149 178 186 239 377 521 1031
50 32 33 49 81 82 87 101 123 131 132 149 178 179 180 186 239 377 521 883 1031
51 0 1 2 3 4 5 6 7 8 9 10 11 12 13 14 15 16 17 18 19 20 21 22 23 24 25 26 27 28 29 36 38 39 40 41 42 45 54 61 62 67 84 86 98 134 163
52 43 44 92 115 199 408 409
53 12 14 17 54 84 134
54 12 13 14 15 17 20 22 36 39 40 42 51 53 67 84 134
55 30 31 32 33 56 57 58 70 71 74 75 78 79 85 87 88 90 95 180 235 308 377 435
56 30 31 32 33 55 57 58 70 71 74 75 85 87 88 90 95 235
57 30 33 55 56 70 71 74 75 78 79 85 90 95 235 354 376 377 435 451
58 30 31 32 33 55 56 75 81 82 85 87 88 95 108 123 178 179 435
59 60 156 157 220 455 1140 1383
60 59 146 157 455 1406
61 0 1 2 5 6 7 11 12 13 14 19 21 22 24 25 27 28 34 38 40 45 46 47 48 51 62 65 66 67 86 103 122 134 163 229 382 573 581 633 737
62 0 1 2 5 6 7 11 12 13 14 19 21 22 24 25 27 28 38 40 45 46 47 48 51 61 65 66 67 86 134 163 1136
63 34 35 64 66 146 220 229 388 392 460 1157 1485
64 34 35 47 63 66 146 220 229 332 392 460 1136
65 0 1 2 7 24 38 45 46 47 48 61 62 86 103
66 21 22 25 27 34 47 48 61 62 63 64 67 163 229
67 5 11 12 13 14 19 21 22 24 25 27 36 47 51 54 61 62 66 86 122 163 240 1359
68 69 83 183 215 451 600 625 681 1179
69 68 78 79 83 137 183 215 321 355 448 449 451 600 625 681 1019 1179 1198
70 55 56 57 71 74 79 95 272 376 377 1033
71 33 55 56 57 70 272 376 377 498 674
72 73 74 90 198 401 451
73 72 90 197 198 338 401 643
74 30 31 55 56 57 70 72 75 85 90 95 235
75 30 31 55 56 57 58 74 85 88 90 648 751 1041
76 77 80 151 303 304 736
77 76 80 151
78 55 57 69 79 176 308 448 451
79 55 57 69 70 78 308 377 448 451 1272
80 76 77 151 334 835
81 32 33 49 50 58 82 88 95 101 123 131 132 178 179 186 235 377 787
82 30 32 33 49 50 58 81 88 95 101 108 123 131 132 178 179 180 186 235 370 377 787
83 68 69 183 215 343 448 600 681 704 1019
84 3 4 8 9 10 11 12 13 14 15 16 17 18 20 23 26 29 36 37 39 40 41 42 51 53 54 134 195
85 30 31 33 55 56 57 58 74 75 88 90 235 751
86 0 1 2 5 6 7 11 12 13 14 15 17 18 19 21 22 24 25 26 27 28 36 38 40 41 42 45 46 47 48 51 61 62 65 67 122 134 240
87 30 31 32 33 50 55 56 58 88 95 123
88 30 31 32 33 55 56 58 75 81 82 85 87 108 123 178 179 180 205 235
89 3 4 8 9 10 16 17 20 23 29 37 39 42 143 155 195
90 55 56 57 72 73 74 75 85 198 435 648
91 43 44 92 116 199 408 409 454 655 887 1422
92 43 44 52 91 116 199 408 409
93 94 99 100 124 162 168 171 172 173 204 208 216 217 248 250 514 588 740 771 945
94 93 99 100 124 162 168 171 172 173 190 191 204 208 216 217 248 250 259 318 361 410 444 457 462 465 622 740 945
95 31 32 33 55 56 57 58 70 74 81 82 87 123 180 235 308 377 435 1033
96 97 154 301 402 529 539 560 786 1023 1025
97 96 118 154 167 184 185 224 231 242 284 285 299 301 302 366 402 478 528 529 570 576 632 749 786 813 955 1023 1034 1108 1170 1336 1417 1519
98 3 4 5 6 8 9 10 11 12 13 14 15 16 17 18 20 23 26 29 36 37 39 40 41 42 51 142 143 195
99 93 94 100 124 130 162 168 172 173 190 204 208 213 216 250 252 303 311 318 334 361 462 502 740 757 771 966
100 93 94 99 124 162 164 165 173 204 208 216 318 334 347 361 530 740 966
101 32 33 49 50 81 82 123 131 132 178 180 186 205 239 377 787 1031 1271
102 103 146 160 229 392 460
103 34 46 47 48 61 65 102 146 160 229 460 755 776 1097
104 105 106 107 117 118 119 125 126 135 136 139 147 148 153 168 172 177 181 182 191 193 194 200 204 206 207 210 221 222 225 227 228 232 234 236 237 238 241 246 247 257 258 269 270 273 274 277 278 283 286 289 290 296 299 302 316 320 322 323 336 342 345 348 353 355 356 383 389 396 400 406 407 410 411 444 447 450 456 457 459 474 475 479 487 492 503 510 516 533 564 570 574 604 620 638 657 658 670 690 756 758 761 797 826 873 909 926 970 1007 1361
105 104 106 107 113 114 117 118 119 135 136 137 138 139 145 147 167 177 181 182 183 192 196 200 207 211 212 221 222 227 228 230 231 232 233 234 236 237 241 242 247 268 269 274 277 278 283 286 290 296 299 301 302 316 320 345 346 353 363 367 383 389 396 402 416 421 440 441 450 456 459 463 478 487 497 503 553 570 571 585 591 597 602 611 638 649 657 658 668 690 763 772 826 829 869 920 926 975 1013 1059 1405
106 104 105 107 136 141 177 221 236 237 238 246 257 277 289 290 299 302 326 383 456 510 553 570 619 756 826 955
107 104 105 106 114 117 118 119 135 136 137 139 153 167 174 177 181 182 200 207 221 222 228 232 233 236 237 238 241 246 247 257 273 274 277 278 283 289 290 296 299 300 302 320 322 323 326 327 344 345 348 355 383 389 396 412 416 450 456 474 492 510 533 538 552 564 572 585 626 634 657 658 670 675 756 759 826 850 867 926 1080 1361
108 30 31 32 33 58 82 88 178 180
109 110 144 306 378 544 627 641 642 779 804 987 1119 1345
110 109 264 306 544 642 760 779 847 987 1043 1051 1345
111 112 825 882 913 1064 1244
112 111 1064 1244
113 105 114 135 138 145 192 196 211 233 283 389 463 468 480 497 829 898 1126 1425
114 105 107 113 135 145 182 183 192 196 211 233 278 283 327 345 389 468 469 1126 1355
115 43 44 52 454 654 856 887
116 91 92 188 189 868 968
117 104 105 107 118 135 137 174 177 181 182 200 201 221 223 225 238 246 256 283 289 295 299 302 314 315 316 320 336 355 363 450 456 491 535 538 591 750 826 867 890 920 1020 1104 1372
118 97 104 105 107 117 119 125 126 135 140 141 166 167 174 177 181 200 201 221 223 224 225 247 256 257 277 289 296 299 300 301 302 314 315 316 319 320 322 327 336 341 342 355 363 383 402 412 433 450 456 458 459 463 479 492 497 513 533 538 552 566 570 594 602 656 657 684 693 738 750 786 797 799 826 859 867 890 920 955 979 1059 1104 1137 1291 1455
119 104 105 107 118 135 136 138 139 167 177 181 196 211 212 231 234 241 242 274 277 288 299 301 302 367 402 440 459 497 504 570 602 611 680 769 772 1013 1084 1216
120 121 127 1203
121 120 127 1203
122 24 34 35 38 47 48 61 67 86 240
123 32 33 49 50 58 81 82 87 88 95 101 132 178 179 180 186 205 239 377
124 93 94 99 100 126 130 133 162 165 168 173 193 204 208 213 216 217 226 252 317 318 334 361 439 500 530 588 796
125 104 118 126 153 168 190 191 204 226 257 258 319 323 333 336 361 364 406 411 444 492 530 533 603 622 639 684 690 695 712 859 861 1208 1248
126 104 118 124 125 130 133 152 153 190 191 200 204 226 245 252 257 258 270 293 294 319 323 326 336 361 406 411 427 438 439 444 465 481 492 530 533 574 593 594 684 712 859 861 872 1046 1606
127 120 121
128 129 493 1296
129 128 542 1611
130 99 124 126 133 168 173 193 204 213 226 252 254 293 294 317 326 334 335 336 411 427 500 502 588 796 876 958 1181
131 49 50 81 82 101 132 149 178 186 239 370 521
132 32 33 49 50 81 82 101 123 131 149 150 178 179 186 239 377 922
133 124 126 130 168 173 190 191 193 217 226 245 252 258 293 294 317 335 336 411 500 514 588 593 1324
134 0 1 2 5 6 7 11 12 13 14 15 16 17 18 19 20 21 22 24 25 27 28 36 38 40 41 42 45 46 48 51 53 54 61 62 84 86 240 1136
135 104 105 107 113 114 117 118 119 136 137 138 139 144 145 167 177 181 182 183 192 196 200 211 212 221 233 234 256 268 278 281 283 286 288 299 316 327 345 355 363 389 390 396 402 416 421 426 440 441 456 463 468 472 480 497 503 511 556 568 571 585 602 611 649 657 663 697 775 778 829 898 926 1103 1425
136 104 105 106 107 119 135 137 177 182 183 215 222 231 238 316 372 383 389 390 403 459 480 649 658 1127 1129 1400 1408
137 69 105 107 117 135 136 139 177 182 183 211 212 222 268 316 321 355 356 375 389 390 391 480 571 649 916 975
138 105 113 119 135 139 177 196 212 367 417 463 497 571 637
139 104 105 107 119 135 137 138 167 177 181 196 207 212 222 236 268 274 277 299 302 389 396 440 463 487 497 585 602 634 637 638 649 668 769 775 829 1180
140 118 141 174 175 256 284 305 315 402 445 477 507 513 539 701 721 731 905 1008 1372
141 106 118 140 174 175 200 225 246 256 284 289 305 315 322 394 412 445 450 479 507 537 551 555 558 640 721 777 927 1008 1603
142 3 4 8 16 41 98 143 195 417 418 1064
143 3 4 8 9 10 16 17 18 20 23 29 37 39 41 89 98 142 155 195
144 109 135 145 196 255 256 281 402 504 571 730 1384 1435
145 105 113 114 135 144 182 183 196 221 256 278 281 282 283 327 383 402 416 450 556 571 572 662 701 730 1440
146 34 35 47 60 63 64 102 103 229 392 460
147 104 105 148 181 206 228 247 259 274 286 289 353 360 389 407 447 457 459 611 614 658 746 886 1039 1297 1418
148 104 147 153 172 177 191 194 206 228 247 257 274 289 299 302 323 348 349 353 405 407 447 459 658 852 873 886 934 935 937 942 1027 1162 1505
149 49 50 131 132 150 178 370 922
150 132 149 178 370 891 892 922
151 76 77 80
152 126 153 214 226 248 289 319 323 361 406 438 1114
153 104 107 125 126 148 152 168 172 181 190 191 214 226 247 257 270 289 299 302 319 323 349 361 364 405 406 411 439 444 447 450 457 462 481 486 574 594 602 621 670 675 695 758 764 786 873 1005 1114 1169
154 96 97 560 842 961 1023 1108 1228
155 3 4 8 16 89 143
156 59 157
157 59 60 156
158 159
159 158 881 1605
160 102 103 161 229 381 382 423 460 581 624 815 1096 1097 1136 1157
161 160 263 379 381 382 423 424 569 612 633 815 915 1187
162 93 94 99 100 124 168 173 190 204 208 248 250 252 271 294 303 311 318 334 361 462 500 530 534 740 807 966
163 21 22 51 61 62 66 67 737 1136
164 100 165 208 347
165 100 124 164 208 347
166 118 167 224 288 299 302 315 585 635 996 1311
167 97 105 107 118 119 135 139 166 196 211 212 222 223 224 230 231 242 265 277 288 292 299 301 302 315 346 362 363 369 374 394 402 440 458 478 563 570 585 589 635 649 653 668 727 770 772 826 869 888 957 996 1059 1266 1311 1318 1472
168 93 94 99 104 124 125 130 133 153 162 171 172 173 190 191 193 194 204 206 210 216 217 226 248 250 252 258 270 311 318 323 336 349 400 406 410 411 439 444 447 457 462 465 514 588 620 638 676 677 745 757 771 807 945 1258
169 170 187 464 501 517 541
170 169 187 464 501 517
171 93 94 168 172 173 206 208 216 259 410 447 457 462 473 676 1234 1335 1380
172 93 94 99 104 148 153 168 171 173 190 191 204 206 207 208 216 228 257 259 274 323 405 444 447 457 462 465 474 481 757 942 959 1159 1234 1380
173 93 94 99 100 124 130 133 162 168 171 172 190 191 204 208 216 217 226 244 250 251 252 258 294 317 318 330 331 336 361 447 462 465 481 518 574 588 807 945 1234 1340
174 107 117 118 140 141 175 221 225 256 284 285 300 301 305 314 315 320 322 327 363 394 395 402 445 450 477 513 535 538 539 552 591 750 955 1008 1444 1455 1533
175 140 141 174 256 281 285 305 507 1193 1463
176 78
177 104 105 106 107 117 118 119 135 136 137 138 139 148 181 183 194 200 206 207 222 228 234 236 247 268 274 282 286 289 290 299 302 353 355 356 389 456 459 463 482 571 611 626 637 638 658 717 756 970 1425
178 32 33 49 50 58 81 82 88 101 108 123 131 132 149 150 179 180 239 370 922
179 32 33 50 58 81 82 88 123 132 178 180 205
180 32 33 50 55 82 88 95 101 108 123 178 179 205 235 239 377 787
181 104 105 107 117 118 119 135 139 147 153 177 210 221 227 228 232 234 241 247 261 269 273 274 277 283 286 290 296 302 342 389 396 407 444 450 457 459 463 487 497 516 570 602 611 638 657 658 790 797 926 975 1183
182 104 105 107 114 117 135 136 137 145 183 192 200 211 215 222 238 268 278 283 316 327 345 355 363 389 390 396 403 426 440 450 456 472 480 538 556 585 591 653 697 701 829 975 1180
183 68 69 83 105 114 135 136 137 145 177 182 192 211 215 222 268 278 281 298 316 355 363 383 389 390 403 425 426 468 469 480 571 572 625 662 663 697 735 973 1197
184 97 185 333 478 570 632 690 813 875 918 955 1025 1108 1132 1278 1282 1298
185 97 184 302 333 478 632 936 1108 1132 1336 1423 1489
186 32 33 49 50 81 82 101 123 131 132 239 377 922
187 169 170
188 116 189 582 1035
189 116 188 582 910 938 1035
190 94 99 125 126 133 153 162 168 172 173 191 204 216 226 245 249 252 257 258 323 336 361 405 462 481 492 757 807 941
191 94 104 125 126 133 148 153 168 172 173 190 204 226 251 252 258 323 336 349 361 406 411 444 462 465 481 492 588 676 677 1251 1324 1380
192 105 113 114 135 182 183 209 211 215 268 278 283 327 345 363 390 403 426 468 480 697 735 829 973 1073 1126
193 104 124 130 133 168 194 200 225 245 246 270 294 335 336 427 434 514 588 620 677 876 1221
194 104 148 168 177 193 200 228 236 238 245 246 269 270 289 323 336 397 406 407 466 479 503 588 619 620 670 756 807 860 895 909 970 1505
195 3 4 8 9 10 15 16 17 18 20 23 29 37 39 41 42 84 89 98 142 143
196 105 113 114 119 135 138 139 144 145 167 211 212 234 278 283 345 346 363 402 403 417 421 440 441 468 497 511 829 1126 1196
197 73 198 208 330 337 338 354 376 401 650 1349
198 72 73 90 197 338 354 376 401
199 43 44 52 91 92 408 409 655
200 104 105 107 117 118 126 135 141 177 182 193 194 201 225 226 228 232 238 245 246 247 257 258 278 289 293 294 299 300 315 316 326 327 336 342 355 356 406 411 416 427 434 450 456 459 479 514 533 535 554 626 693 697 702 709 711 712 750 763 778 867 876 890 894 975 1020 1135 1405
201 117 118 200 225 232 245 246 293 294 300 326 329 336 427 518 586 607 626 711 876 1135
202 203 1260
203 202 1260
204 93 94 99 100 104 124 125 126 130 162 168 172 173 190 191 213 216 248 249 250 270 323 334 335 361 439 444 457 462 465 466 500 502 588 757 758
205 32 33 88 101 123 179 180 235 239 377
206 104 147 148 168 171 172 177 207 236 247 289 290 353 356 400 447 457 564 658 677 717 756 912 959 1335
207 104 105 107 139 172 177 206 227 236 237 241 247 273 274 290 353 447 457 564 658 746 912 1335
208 93 94 99 100 124 162 164 165 171 172 173 197 216 217 318 330 337 338 361 530 966 1340
209 192 210 234 268 283 410 482 1234
210 104 168 181 209 283 336 341 410 1234
211 105 113 114 119 135 137 167 182 183 192 196 212 233 238 283 288 298 316 345 363 390 421 440 441 468 472 480 497 512 538 556 585 591 683 725 829 898 926 1014 1103
212 105 119 135 137 138 139 167 196 211 230 233 288 316 391 422 442 443 463 468 472 480 497 567 571 635 649 668 683 888 898 1092 1161
213 99 124 130 204 214 252 303 304 317 361 1169 1585
214 152 153 213 252 289 317 361 439 462 1154
215 68 69 83 136 182 183 192 278 343 383 697 759 970 973 1379
216 93 94 99 100 124 168 171 172 173 190 204 208 217 1234
217 93 94 124 133 168 173 208 216 318 588
218 219 1578
219 218 455 1136
220 59 63 64 455 460 493 630
221 104 105 106 107 117 118 135 145 174 181 236 257 269 277 289 296 299 300 320 322 327 341 355 383 402 412 450 538 552 570 572 657 797 826 1343 1361
222 104 105 107 136 137 139 167 177 182 183 238 295 363 374 389 390 403 480 495 759 826 853 854 970 1180
223 117 118 167 224 230 257 302 315 374 394 395 432 433 458 563 826 845 998 1105 1354 1393
224 97 118 166 167 223 230 288 301 315 395 402 563 589 770 799 1163 1214 1239 1314
225 104 117 118 141 174 193 200 201 238 246 256 289 293 295 316 320 329 336 375 411 456 479 503 510 535 537 593 613 656 711 739 750 824 850 867 930 947 1020 1113 1221 1307 1453
226 124 125 126 130 133 152 153 168 173 190 191 200 270 294 342 361 406 411 427 439 444 500 574 1046
227 104 105 181 207 228 241 261 262 273 286 342 353 389 396 400 444 463 473 474 1555
228 104 105 107 147 148 172 177 181 194 200 227 241 245 246 247 274 278 286 323 336 342 353 389 405 407 450 465 474 516 592 604 626 670 677 759 826 926 1229 1408
229 34 35 47 48 61 63 64 66 102 103 146 160 392 460 581 737 776 1136
230 105 167 212 223 224 231 242 301 315 316 362 395 402 432 459 529 563 599 649 715 722 753 773 957 975 1059 1125
231 97 105 119 136 167 230 242 288 298 316 359 367 369 374 390 403 445 459 480 495 529 535 680 686 1076
232 104 105 107 181 200 201 233 241 286 326 327 336 344 365 366 396 426 444 450 453 456 463 515 533 592 626 638 657 675 702 790 798 867 926 1034
233 105 107 113 114 135 211 212 232 261 281 283 286 298 344 365 366 389 396 422 426 443 453 463 491 497 592 634 675 702 725 743 790 926 997 1138 1161
234 104 105 119 135 177 181 196 209 290 353 459 602 611
235 30 31 33 55 56 57 74 81 82 85 88 95 180 205 787
236 104 105 106 107 139 177 194 206 207 221 237 247 269 289 290 302 353 383 416 450 670 717 756 970 1007 1080
237 104 105 106 107 207 236 269 289 290 383 450 456 619 620
238 104 106 107 117 136 182 194 200 211 222 225 246 295 316 336 343 348 375 456 459 475 510 535 537 711 739 850 947 1221 1252
239 49 50 101 123 131 132 178 180 186 205 922 1031
240 0 1 2 7 19 24 25 27 38 47 48 67 86 122 134
241 104 105 107 119 181 207 227 228 232 273 286 336 365 383 444 463 515 516 604 626 638 675 790 1361
242 97 105 119 167 230 231 277 301 302 359 367 478 570 602 657 798 1013 1265
243 244
244 173 243 318
245 126 133 190 193 194 200 201 228 246 258 293 294 326 336 518 592 626 747 791 876
246 104 106 107 117 141 193 194 200 201 225 228 238 245 257 258 289 293 326 336 343 426 445 450 503 537 594 693 697 747 759 766 791 826 867 925 926 947 1040 1178 1581
247 104 105 107 118 147 148 153 177 181 200 206 207 228 236 257 274 289 290 299 322 323 400 447 457 570 657 658 670 761 797 1007 1105
248 93 94 152 162 168 204 249 250 252 271 334 361 439 462 465 481 534 588 695 907
249 190 204 248 361 385 465 466 481 588 907
250 93 94 99 162 168 173 204 248 251 252 260 303 311 349 361 447 462 534 588 807 1159 1493
251 173 191 250 349 350 361 447 462 534 588 1159
252 99 124 126 130 133 162 168 173 190 191 213 214 248 250 271 293 294 303 311 317 334 335 361 411 439 446 462 500 534 588 607 807 1273 1493
253 254 287 586 944
254 130 253 287 317 326 415 586 613 702 808 876 943 958 1582
255 144 256 456 671
256 117 118 135 140 141 144 145 174 175 225 255 281 284 285 291 305 320 327 328 402 416 445 456 461 476 477 503 504 507 513 554 558 572 577 663 671 701 730 979 1111 1372
257 104 106 107 118 125 126 148 153 172 190 200 221 223 246 247 258 260 274 277 289 299 300 302 319 322 323 348 355 356 383 405 412 414 459 533 537 552 574 594 632 658 670 690 738 873 1265
258 104 125 126 133 168 173 190 191 200 245 246 257 293 323 330 331 336 348 350 405 444 481 492 518 574 594 807 941 1297
259 94 147 171 172 260 331 457
260 250 257 259
261 181 227 233 262 273 286 389 473 474 790 991 1274
262 227 261 286 790
263 161 264 371 378 381 424 488 569 595 612 694 696 914 1018 1021 1187
264 110 263 371 378 417 526 569 595 612 642 696 847 1021 1050
265 167 266 617 752 773 1026 1060 1099 1285 1311 1318 1346 1433
266 265 773 1026 1060 1098 1350 1574
267 268 425 463 482 638
268 105 135 137 139 177 182 183 192 209 267 283 295 316 355 363 390 425 426 463 482 571 586 638 734 735 775 829
269 104 105 181 194 221 236 237 270 290 416 450 503 620 758
270 104 126 153 168 193 194 204 226 269 427 438 439 758
271 162 248 252 294 334 361 452 462 530 807 1133
272 70 71 499 674 1118
273 104 107 181 207 227 241 261 274 299 353 389 492 675 852
274 104 105 107 119 139 147 148 172 177 181 207 228 247 257 273 277 299 302 353 389 447 459 553 658 717 852 886 1013 1162 1183 1265
275 276 667 783 967 1300 1469 1564
276 275 708 1145 1286 1564
277 104 105 106 107 118 119 139 167 181 221 242 257 274 296 299 301 302 320 345 363 440 450 492 495 538 553 570 602 634 635 649 668 690 797 869
278 104 105 107 114 135 145 182 183 192 196 200 215 228 281 283 327 341 342 344 345 363 383 396 416 440 450 585 697 709 979 1073 1080
279 280 706
280 279 367 570 706
281 135 144 145 175 183 233 256 278 282 291 327 343 344 365 366 383 416 426 445 709 778 926 997 1246 1370
282 145 177 281 343 383 456 626 1193 1370 1619
283 104 105 107 113 114 117 135 145 181 182 192 196 209 210 211 233 268 278 286 327 342 344 345 363 389 396 421 425 426 441 453 463 482 491 497 638 702 735 926
284 97 140 141 174 256 285 289 305 456 507 513 528 529 550 558 640 777 893 899 905 927 928 955 1011 1045 1170 1303 1369 1488
285 97 174 175 256 284 302 305 402 416 445 456 461 476 478 507 513 528 529 558 568 576 577 640 661 679 730 773 778 841 842 905 944 955 965 977 1034 1209
286 104 105 135 147 177 181 227 228 232 233 241 261 262 283 290 353 365 389 396 407 421 463 473 474 487 516 626 970 1013 1405 1555
287 253 254 317 415 586
288 119 135 166 167 211 212 224 231 298 309 366 369 402 440 461 472 504 512 524 538 556 562 601 649 653 773 778 888 1415 1472
289 104 106 107 117 118 141 147 148 152 153 177 194 200 206 214 221 225 236 237 246 247 257 284 290 293 299 300 302 320 322 323 348 355 356 397 412 439 447 456 459 479 486 503 510 537 570 574 594 619 632 658 670 717 733 738 739 749 761 786 798 875 995
290 104 105 106 107 177 181 206 207 234 236 237 247 269 286 289 353 428 456 503 553 570 658 717 746 761 995
291 256 281 292 325 327 363 441 445 476 568 653 663 668 698 750 775 864 869 1182
292 167 291 440 513 568 668 750 772 869
293 126 130 133 200 201 225 245 246 252 258 289 294 317 326 336 350 411 446 479 593 606 607 632 710 747 777 798 917 1015
294 126 130 133 162 173 193 200 201 226 245 252 271 293 317 318 326 336 350 406 415 427 574 607 613 619 620 807 876 917 1133 1273 1304
295 117 222 225 238 268 316 320 363 375 475 510 656 739 850 947 1102
296 104 105 107 118 181 221 277 299 450 602 797 826 859
297 298 939
298 183 211 231 233 288 297 316 328 369 445 468 480 556 662 683 701 725 778
299 97 104 105 106 107 117 118 119 135 139 148 153 166 167 177 200 221 247 257 273 274 277 289 296 300 301 302 319 323 402 450 552 602 658 670 675 714 772 797 935 1095
300 107 118 174 200 201 221 257 289 299 326 366 412 450 552 594 632 675 684 750 808 859 894 943
301 96 97 105 118 119 167 174 224 230 242 277 299 302 315 394 395 402 433 440 478 570 591 668 750 786 798 813 816 955 1237
302 97 104 105 106 107 117 118 119 139 148 153 166 167 177 181 185 223 236 242 257 274 277 285 289 299 301 315 319 322 323 364 384 397 402 404 416 433 450 459 478 486 510 513 529 552 553 570 593 602 603 611 640 690 733 739 764 769 775 786 798 813 909 935 990 1088 1601
303 76 99 162 213 250 252 304 311 334 361 534
304 76 213 303 311 534
305 140 141 174 175 256 284 285 328 445 461 476 513 519 558 679 777 795 809 841 905 978 1009 1128 1170 1243
306 109 110 307 310 642
307 306
308 55 78 79 95 451
309 288 310 562 1091
310 306 309 1339
311 99 162 168 250 252 303 304 334 335 945
312 313 1449
313 312 380 578 605 1610
314 117 118 174 315 322 394 395 432 433 445 476 513 693 749 797 826 841 845 908 997 1530
315 117 118 140 141 166 167 174 200 223 224 230 301 302 314 316 322 394 395 402 432 433 445 476 477 478 507 529 535 556 563 570 601 632 693 773 778 826 908 918 930 955 957 975 1135 1256
316 104 105 117 118 135 136 137 182 183 200 211 212 225 230 231 238 268 295 298 315 355 363 375 390 391 426 456 475 535 556 563 571 611 735 824 920 926 930 975 986 1104
317 124 130 133 173 213 214 252 254 287 293 294 326 411 427 514 586 607 876 943 958 1251 1294
318 94 99 100 124 162 168 173 208 217 244 294 807
319 118 125 126 152 153 257 299 302 323 364 384 406 450 481 492 552 695 786 813 1088 1095 1169
320 104 105 107 117 118 174 221 225 256 277 289 295 322 327 341 363 402 450 456 479 538 656 712 733 786 867 955 1221 1243
321 69 137 355 1198
322 104 107 118 141 174 221 247 257 289 302 314 315 320 323 397 412 413 414 503 558 632 670 733 738 758 786 797 826 845 908 918 1045 1113
323 104 107 125 126 148 152 153 168 172 190 191 194 204 228 247 257 258 289 299 302 319 322 384 397 405 406 447 450 466 670 757 797 873 1248
324 325 1356
325 291 324
326 106 107 126 130 200 201 232 245 246 254 293 294 300 317 327 344 427 450 453 492 531 533 552 586 592 594 603 607 626 675 702 709 808 876 943 955 1083 1123 1146 1307
327 107 114 118 135 145 174 182 192 200 221 232 256 278 281 283 291 320 326 341 344 345 366 416 426 440 450 453 456 533 538 552 572 657 701 702 709 712 890 972 1191
328 256 298 305 329 445 519 554 555 636 644 666 678 679 698 701 778 794 795 809 823 870 897 944 971 986 1111 1193 1409
329 201 225 328 343 426 456 555 777 897 1020
330 173 197 208 258 331 376 594
331 173 258 259 330 594
332 64 392 1136
333 125 184 185 621 813 907 935 936 1132 1207 1312
334 80 99 100 124 130 162 204 248 252 271 303 311 361 462 500 502 740 1584
335 130 133 193 204 252 311 465 466 500 502 588
336 104 117 118 125 126 130 133 168 173 190 191 193 194 200 201 210 225 228 232 238 241 245 246 258 293 294 400 406 410 411 427 444 474 492 515 516 518 574 588 592 626 638 677 763 867 894 992 1079 1251 1297 1430
337 197 208 338 401 1349
338 73 197 198 208 337 401 643 1349
339 340 1100
340 339 521 575 674 883 1031
341 118 210 221 278 320 327 342 344 450 453 979 1080
342 104 118 181 200 226 227 228 278 283 341 396 406 450 473 497 592 638
343 83 215 238 246 281 282 329 426 445 537 555 704 766 897 1197 1288 1351
344 107 232 233 278 281 283 326 327 341 365 426 450 453 515 697 709 979
345 104 105 107 114 135 182 192 196 211 277 278 283 327 346 363 396 440 512 538 601 697 1355 1361
346 105 167 196 345 396 480 635 653 852 1129 1302
347 100 164 165
348 104 107 148 238 257 258 289 405 447 510 574 594 739 1027
349 148 153 168 191 250 251 350 444 447 452 536 593 695 798 816 821 822 936
350 251 258 293 294 349 429 452 536 537 574 606 607 741 747 798 821 1159 1324
351 352 532 759
352 351 532 1194
353 104 105 147 148 177 206 207 227 228 234 236 273 274 286 290 359 360 372 389 407 852 959 970
354 57 197 198 376 393 650 748
355 69 104 107 117 118 135 137 177 182 183 200 221 257 268 289 316 321 356 426 625 657
356 104 137 177 200 206 257 289 355 571 717
357 358 1534
358 357 540
359 231 242 353 360 852 934
360 147 353 359 372 614 844 852 934
361 94 99 100 124 125 126 152 153 162 173 190 191 204 208 213 214 226 248 249 250 251 252 271 303 334 462 481 530 534 610 695 757 807 966 1114
362 167 230 369 524 589 727 778 832 888
363 105 117 118 135 167 174 182 183 192 196 211 222 268 277 278 283 291 295 316 320 345 390 403 416 445 450 472 503 538 556 585 663 926 1014 1104 1180
364 125 153 302 319 411 593 664 695 757 813 1016
365 232 233 241 281 286 344 366 396 441 453 463 604 626 653 697 778 1270
366 97 232 233 281 288 300 327 365 402 440 476 478 653 778 955
367 105 119 138 231 242 280 402 504 602 680
368 369 526 725 1149
369 167 231 288 298 362 368 374 432 445 524 725 727 832 833 1167
370 82 131 149 150 178 1501
371 263 264 381 696 780
372 136 353 360 373 480 1039
373 372 614 848 863
374 167 222 223 231 369 375 432 478 495 563 653 715 752 826 869 1318
375 137 225 238 295 316 374 475 495 509 535 563 653 739 750 770 930 940 1074
376 57 70 71 197 198 330 354 449 650 855 1257 1344
377 32 33 49 50 55 57 70 71 79 81 82 95 101 123 132 180 186 205 674 1033 1271
378 109 263 264 379 424 488 557 595 612 627 780 817 902 1070 1187 1188
379 161 378 488 557 612 884
380 313 578 1147 1429
381 160 161 263 371 382 388 488 581 595 742 768 815 1187 1236 1367
382 61 160 161 381 388 424 581 630 742 1188 1235
383 104 105 106 107 118 136 145 183 215 221 236 237 241 257 278 281 282 403 412 450 572 662 759 826 1343 1463
384 302 319 323 385 813 1007 1084 1454
385 249 384 610 733 813
386 387
387 386 486 528 762 875 1174 1245 1332
388 63 381 382 460 581 630 1157
389 104 105 107 113 114 135 136 137 139 147 177 181 182 183 222 227 228 233 261 273 274 283 286 353 459 463 474 480 626 638 975
390 135 136 137 182 183 192 211 222 231 268 316 363 391 403 426 445 468 480 526 663 725 735 853 854 916 919 926 972 1197
391 137 212 316 390 403 468 480 526 916 933 1070
392 34 35 63 64 102 146 229 332
393 354
394 141 167 174 223 301 314 315 395 507 678 679 750 770 894
395 174 223 224 230 301 314 315 394 432 529 560 563 644 721 750 770 773 1099
396 104 105 107 135 139 181 182 227 232 233 278 283 286 342 345 346 365 473 474 487 516 585 697 1299
397 194 289 302 322 323 428 479 550 587 733 758 786 800 813 909 1045 1228 1453
398 399
399 398 744 1094 1157
400 104 168 206 227 247 336 410 444 473 564 677
401 72 73 197 198 337 338
402 96 97 105 118 119 135 140 144 145 167 174 196 221 224 230 256 285 288 299 301 302 315 320 366 367 416 440 477 504 513 570 601 602 649 686 705 772 773 786 955 979 1059 1139 1343 1499
403 136 182 183 192 196 222 231 363 383 390 391 445 480 526 556 572 662 847 853 1014 1028 1030 1355 1389
404 302 478 529 664 769 1489 1503
405 148 153 172 190 228 257 258 323 348 574 594 845 873 1248
406 104 125 126 152 153 168 191 194 200 226 294 319 323 336 342 407 411 450 465 466 593 619 712 1538
407 104 147 148 181 194 228 286 353 406 465 466 900 901 1135
408 44 52 91 92 199 409
409 52 91 92 199 408 467
410 94 104 168 171 209 210 336 400 457 745
411 104 125 126 130 133 153 168 191 200 225 226 252 293 317 336 364 406 492 514 533 586 588 593 712 798 907 943 1016 1181
412 107 118 141 221 257 289 300 322 383 658 670 693 826
413 322 414 495
414 257 322 413 495 699 873
415 254 287 294 958
416 105 107 135 145 200 236 256 269 278 281 285 302 327 363 402 441 450 503 513 568 697 775 860 909 979
417 138 142 196 264 418
418 142 417
419 420
420 419 647
421 105 135 196 211 283 286 487
422 212 233 463 1161
423 160 161 424 915
424 161 263 378 382 423 488 569 612 694 815 914 915 1096 1187
425 183 267 268 283 426 728 735
426 135 182 183 192 232 233 246 268 281 283 316 327 329 343 344 355 390 425 453 600 657 697 702 709 735 823 925 926 972 1040
427 126 130 193 200 201 226 270 294 317 326 336 514 516 531 620 876
428 290 397 486 733 758 813 1113
429 350 446 537 741 747 985 1027 1078 1079 1159 1205 1324
430 431
431 430 1474
432 223 230 314 315 369 374 395 433 563 679 693 720 845 1012 1212 1256
433 118 223 301 302 314 315 432 594 826 930 997
434 193 200 677
435 32 33 55 57 58 90 95 929 1468
436 437
437 436 1195
438 126 152 270 439
439 124 126 153 168 204 214 226 248 252 270 289 438 758 1231
440 105 119 135 139 167 182 196 211 277 278 288 292 301 327 345 366 402 441 450 504 512 538 591 653 663 772 778 909 1095 1139 1339
441 105 135 196 211 283 291 365 416 440 663 775
442 212 443
443 212 233 442 634 635 668 1210 1325
444 94 104 125 126 153 168 172 181 191 204 226 227 232 241 258 336 349 400 447 473 474 515 516 592 622 675 677
445 140 141 174 231 246 256 281 285 291 298 305 314 315 328 343 363 369 390 403 450 458 503 535 556 572 662 663 693 698 759 778 826 853 925 926 975 997 1028 1074 1149 1193 1209 1288
446 252 293 429 593 607 632 695 747 777 930 1326
447 104 147 148 153 168 171 172 173 206 207 247 250 251 274 289 323 348 349 444 457 588 745 798 942 1159 1335
448 69 78 79 83 449
449 69 376 448 474 518 625 728 1274
450 104 105 107 117 118 141 145 153 174 181 182 200 221 228 232 236 237 246 269 277 278 296 299 300 302 319 320 323 326 327 341 342 344 363 383 406 416 440 445 453 552 670 712 714 909 955 1095
451 57 68 69 72 78 79 308
452 271 349 350 536
453 232 233 283 326 327 341 344 365 426 450 491 538 702 709 808 867 890 1040
454 43 44 91 115 654 856 887
455 59 60 219 220 460 1367
456 104 105 106 107 117 118 135 177 182 200 225 232 237 238 255 256 282 284 285 289 290 316 320 327 329 503 510 571 572 591 778 850 897 919 955 979 1343 1404 1424
457 94 104 147 153 168 171 172 181 204 206 207 247 259 410 447 462 465 588
458 118 167 223 445
459 104 105 118 119 136 147 148 177 181 200 230 231 234 238 257 274 289 302 389 528 537 551 553 570 611 658 920 975 1013
460 34 35 47 63 64 102 103 146 160 220 229 388 455 581 1136
461 256 285 288 305 476 529 538 562 577 629 679 686 701 760 794 919 978 1077 1472 1504
462 94 99 153 162 168 171 172 173 190 191 204 214 248 250 251 252 271 334 361 457 465 502 534 588 610 740 757 771 1087 1159
463 105 113 118 135 138 139 177 181 212 227 232 233 241 267 268 283 286 365 389 422 473 487 497 592 638 675 702 790 1161
464 169 170
465 94 126 168 172 173 191 204 228 248 249 335 406 407 457 462 466 481 588
466 194 204 249 323 335 406 407 465 588 670 758 901 1615
467 409
468 113 114 135 183 192 196 211 212 298 390 391 469 480 511 512 526 829
469 114 183 468 571 683 1070
470 471
471 470
472 135 182 211 212 288 363 556 585
473 171 227 261 286 342 396 400 444 463 474 487 516 592 638 676 1190
474 104 107 172 227 228 261 286 336 389 396 444 449 473 515 516 518 592 638 1274
475 104 238 295 316 375 492 563 608 653 734 851 852 854 926 941 985 1510
476 256 285 291 305 314 315 366 461 477 513 527 538 539 562 653 661 663 679 686 701 760 770 778 841 1009 1017 1191 1339 1389
477 140 174 256 315 402 476 513 527 661 732 905 1009 1445 1586
478 97 105 167 184 185 242 285 301 302 315 366 374 404 529 563 565 603 632 634 653 727 1088 1138
479 104 118 141 194 200 225 289 293 320 397 588 632 738 798 886 906 1113
480 113 135 136 137 182 183 192 211 212 222 231 298 346 372 389 390 391 403 468 526 672 725 829 1129
481 126 153 172 173 190 191 248 249 258 319 361 465 492 695 873 941 1480
482 177 209 267 268 283 483 638 775 854 970
483 482 970
484 485 606
485 484 565 599
486 153 289 302 387 428 813 936 1573
487 104 105 139 181 286 396 421 463 473 1013
488 263 378 379 381 424 612 627 742 780 1156 1504
489 490 575 767 1081
490 489 767 1100
491 117 233 283 453 492 538 638 702 750 1040 1251
492 104 107 118 125 126 190 191 258 273 277 319 326 336 411 475 481 491 552 603 656 687 867 941 1181
493 128 220 494 581 630
494 493 846 874
495 222 231 277 374 375 413 414 496 535 563 733 1175
496 495 739 792 875
497 105 113 118 119 135 138 139 181 196 211 212 233 283 342 463 634 898
498 71 499 650 785
499 272 498 785
500 124 130 133 162 204 226 252 334 335 945 958
501 169 170 517 541 1513
502 99 130 204 334 335 462 610 796 1309
503 104 105 135 194 225 246 256 269 289 290 322 363 416 445 456 657 853 909 1221 1354
504 119 144 256 288 367 402 440 571 591 772 1120 1184 1339
505 506 707
506 505
507 140 141 175 256 284 285 315 394 558 632 679 721 773 777 1122 1123 1511
508 509 729 964
509 375 508 729 777 940 947 1004 1276
510 104 106 107 225 238 289 295 302 348 456 715 739 875 909 1332
511 135 196 468 512 672 1161
512 211 288 345 440 468 511 653 683 869
513 118 140 174 256 284 285 292 302 305 314 402 416 476 477 539 786 1512
514 93 133 168 193 200 317 411 427 588 876
515 232 241 336 344 444 474 516 518 592 603 604
516 104 181 228 241 286 336 396 427 444 473 474 515 626 894
517 169 170 501
518 173 201 245 258 336 449 474 515 677 917 992
519 305 328 666 809 1193
520 521 1081 1500
521 49 50 131 340 520 879 911
522 523
523 522
524 288 362 369 525 628 1066 1419
525 524
526 264 368 390 391 403 468 480 725
527 476 477 661 905 1053 1253
528 97 284 285 387 459 529 537 550 551 553 640 749 798 893 1012 1034 1404 1417 1535
529 96 97 230 231 284 285 302 315 395 404 461 478 528 535 560 563 566 576 640 679 685 686 773 777 893 977 1002 1003 1122 1269 1372
530 100 124 125 126 162 208 271 361 966
531 326 427 547 594 930 1294 1536 1587
532 351 352 759 1194 1440
533 104 107 118 125 126 200 232 257 326 327 411 552 638 657
534 162 248 250 251 252 303 304 361 462 621 622 695 740
535 117 174 200 225 231 238 315 316 375 445 495 529 538 591 685 693 930 1103 1231
536 349 350 452 574 622 821 822
537 141 225 238 246 257 289 343 350 429 459 528 551 717 985 1135
538 107 117 118 174 182 211 221 277 288 320 327 345 363 440 453 461 476 491 535 539 552 591 653 701 1103 1104 1191 1444
539 96 140 174 476 513 538 552 965 1512
540 358 541
541 169 501 540 1150
542 129 543 846 1296
543 542
544 109 110 595 641 642 804 972 1119 1360
545 546
546 545 1024 1198 1549
547 531
548 549
549 548 561
550 284 397 528
551 141 459 528 537 553 1012 1245
552 107 118 174 221 257 299 300 302 319 326 327 450 492 533 538 539 594 675 867
553 105 106 274 277 290 302 459 528 551 568 570 690
554 200 256 328 555 666 678 693 1111 1357
555 141 328 329 343 554 766 897 1242
556 135 145 182 211 288 298 315 316 363 403 445 472 778 897 975 986 1149
557 378 379 1072
558 141 256 284 285 305 322 507 632 927 1011 1111 1319
559 560 1026 1099 1167
560 96 154 395 529 559 679 977 1026 1098 1099 1194 1375
561 549 950
562 288 309 461 476 679 760 1017 1213
563 167 223 224 230 315 316 374 375 395 432 475 478 495 529 635 653 722 750 770 852 1099 1132 1333
564 104 107 206 207 400 658 756 1335
565 478 485 566 603 792 906 930 1137 1317
566 118 529 565 1003 1137
567 212
568 135 285 291 292 416 553 869
569 161 263 264 424 612 633 694 1117
570 97 104 105 106 118 119 167 181 184 221 242 247 277 280 289 290 301 302 315 402 459 553 601 619 690 746 749 761 797 826 955 957 1007 1084 1105
571 105 135 137 138 144 145 177 183 212 268 316 356 456 469 504 572 637 683 897 973 1425
572 107 145 183 221 256 327 383 403 445 456 571 662 663 850 1243
573 12 15 25 27 28 38 40 45 61 737 874
574 104 126 153 173 226 257 258 289 294 336 348 350 405 536 594 621 670 695 807 821 845 1083 1135 1304
575 340 489
576 97 285 529 577
577 256 285 461 576 905
578 313 380 605
579 580 1144 1186 1399
580 579 618 687 1283 1399
581 61 160 229 381 382 388 460 493 1156
582 188 189
583 584
584 583 614 615 1257
585 105 107 135 139 166 167 182 211 278 363 396 472 775
586 201 253 254 268 287 317 326 411 876 1040
587 397 758 1087 1238
588 93 124 130 133 168 173 191 193 194 204 217 248 249 250 251 252 335 336 411 447 457 462 465 466 479 514 677 1493
589 167 224 362 590 668 1014
590 589 847 1014
591 105 117 174 182 211 301 440 456 504 535 538 739 920
592 228 232 233 245 326 336 342 444 463 473 474 515 626 638 675 702
593 126 133 225 293 302 349 364 406 411 446 606 710 711 712 777 798 816 867 936 1016 1332 1459 1566
594 118 126 153 246 257 258 289 300 326 330 331 348 405 433 531 552 574 603 859 873 941 1480 1568
595 263 264 378 381 544 596 642 742 804 974 1070
596 595 1156
597 105 598 1073
598 597 672 673 680
599 230 485 669 792 1332
600 68 69 83 426 625 1075
601 288 315 345 402 570 843
602 105 118 119 135 139 153 181 234 242 277 296 299 302 367 402 775 786
603 125 302 326 478 492 515 565 594 687 743 859 990 1181
604 104 228 241 365 515
605 313 578
606 293 350 484 593 690 710 743 777 798 1108 1174 1175 1205 1326
607 201 252 293 294 317 326 350 446 943
608 475 609 653 1575
609 608
610 361 385 462 502 956 1087
611 105 119 135 147 177 181 234 302 316 459 763
612 161 263 264 378 379 424 488 569 633 742 817 1188
613 225 254 294
614 147 360 373 584 615 950 976 1039
615 584 614 1470
616 617
617 265 616 1060 1277 1428 1529
618 580 1154
619 106 194 237 289 294 406 570 620
620 104 168 193 194 237 269 294 427 619 677 1405
621 153 333 534 574 622 807 821 1561
622 94 125 444 534 536 621 1202
623 624 703 737 1235
624 160 623 703 737
625 68 69 183 355 449 600 1446
626 107 177 200 201 228 232 241 245 282 286 326 336 365 389 516 592 638 675 677 709 1270
627 109 378 488
628 524 810 1284
629 461 971 1112 1259 1444
630 220 382 388 493 768 1235 1367
631 632
632 97 184 185 257 289 293 300 315 322 446 478 479 507 558 631 738 798 906 955 1388 1556
633 45 46 61 161 569 612 817 1117
634 107 139 233 277 443 478 497 635 743
635 166 167 212 277 346 443 563 634 649 668 1325
636 328 666 841 870
637 138 139 177 571
638 104 105 139 168 177 181 232 241 267 268 283 336 342 389 463 473 474 482 491 533 592 626 1190
639 125
640 141 284 285 302 528 529 798 1168 1209 1245
641 109 544 642 974 987 1030
642 109 110 264 306 544 595 641 779 987 1119 1345 1491
643 73 338 1593
644 328 395 698 727 760 778 885 919 986 1065 1104 1275
645 646 1295 1358 1363
646 645 1295
647 420
648 75 90
649 105 135 136 137 139 167 212 230 277 288 402 635 916 1093
650 197 354 376 498
651 652
652 651 749 960 1342 1506
653 167 182 288 291 346 365 366 374 375 440 475 476 478 512 538 563 608 663 770 778 843 894
654 43 115 454 856 887 1390
655 91 199
656 118 225 295 320 492 1374
657 104 105 107 118 135 181 221 232 242 247 327 355 426 503 533 670 826 926 1361
658 104 105 107 136 147 148 177 181 206 207 247 257 274 289 290 299 412 459 564 733 738 746 761 1105
659 660 1414
660 659 736 1414
661 285 476 477 527 774 905 989 1006
662 145 183 298 383 403 445 572 927 1242 1308
663 135 183 256 291 363 390 440 441 445 476 572 653 778 1354 1389
664 364 404 665 729
665 664
666 328 519 554 636
667 275 708 946 1300 1521
668 105 139 167 212 277 291 292 301 443 589 635 750
669 599
670 104 107 153 194 228 236 247 257 289 299 322 323 412 450 466 574 657 749 759 826 1466
671 255 256
672 480 511 598 673 1442
673 598 672 780 847 884 1184 1196 1457
674 33 71 272 340 377 1118
675 107 153 232 233 241 273 299 300 326 444 463 552 592 626
676 168 171 191 473 677 942 945 1380
677 168 191 193 206 228 336 400 434 444 518 588 620 626 676
678 328 394 554 679 919 986
679 285 305 328 394 432 461 476 507 529 560 562 678 760 770 773 809 841 977 1170 1318 1375 1382
680 119 231 367 598 1437
681 68 69 83
682 683 794
683 211 212 298 469 512 571 682 725 794 921 1531
684 118 125 126 300
685 529 535 686
686 231 402 461 476 529 685 778
687 492 580 603 840 861
688 689
689 688 977
690 104 105 125 184 257 277 302 553 570 606 1059 1333
691 692 978
692 691
693 118 200 246 314 315 412 432 445 535 554 778 1212
694 263 424 569 815 1018
695 125 153 248 319 349 361 364 446 481 534 574 762 764 936 941 1114
696 263 264 371
697 135 182 183 192 200 215 246 278 344 345 365 396 416 426 759 778 1178
698 291 328 445 644 770 809 837 986 1382
699 414 700
700 699 1416
701 140 145 182 256 298 327 328 461 476 538 778 890 972 1191 1246 1537
702 200 232 233 254 283 326 327 426 453 463 491 592 709 890
703 623 624
704 83 343 1070
705 402
706 279 280
707 505 708 889 1255 1507
708 276 667 707 828 946 963 980 984 993 1171 1495
709 200 278 281 326 327 344 426 453 626 702 1063 1083 1370
710 293 593 606 711
711 200 201 225 238 593 710 750 871 894
712 125 126 200 320 327 406 411 450 593 867 955 1498
713 714 1169
714 299 450 713
715 230 374 510 957
716 717 1054
717 177 206 236 274 289 290 356 537 716 959
718 719 889
719 718 727 827 1077
720 432 871 1571
721 140 141 395 507 940 947 1173 1342
722 230 563 770
723 724
724 723 886
725 211 233 298 368 369 390 480 526 683 1197
726 727
727 167 362 369 478 644 719 726 1058 1065 1409
728 425 449 734
729 508 509 664 840
730 144 145 256 285 1119 1343
731 140 732 830 905 1004 1010 1101 1438
732 477 731 830 1101 1268 1347 1597
733 289 302 320 322 385 397 428 495 658 738 786 873 1113 1159
734 268 475 728 735
735 183 192 268 283 316 390 425 426 734 926 1565
736 76 660
737 61 163 229 573 623 624 776
738 118 257 289 322 479 632 658 733 739
739 225 238 289 295 302 348 375 496 510 591 738 875 906 947 990
740 93 94 99 100 162 334 462 534
741 350 429 747 992
742 381 382 488 595 612 974 1235
743 233 603 606 634 747 990 1061 1484
744 399
745 168 410 447
746 147 207 290 570 658
747 245 246 293 350 429 446 741 743 1079 1326
748 354
749 97 289 314 528 570 652 670 845 893 1228 1506 1519
750 117 118 174 200 225 291 292 300 301 375 394 395 491 563 668 711 808 894 1020 1040 1123 1181
751 30 31 75 85
752 265 374 773 951 1318 1433
753 230 754 814 1028
754 753
755 47 103 820
756 104 106 107 177 194 206 236 564
757 99 168 172 190 204 323 361 364 462 758
758 104 153 204 269 270 322 397 428 439 466 587 757 797 873 909 1007 1087
759 107 215 222 228 246 351 383 445 532 670 697 826 970
760 110 461 476 562 644 679 794 795 834 994 1112
761 104 247 289 290 570 658 995
762 387 695 875 1175
763 105 200 336 611 871
764 153 302 695
765 766
766 246 343 555 765 1185
767 489 490 1272 1344 1470
768 381 630 1235 1236 1367
769 119 139 302 404
770 167 224 375 394 395 476 563 653 679 698 722 827 930
771 93 99 168 462
772 105 119 167 292 299 402 440 504 927
773 230 265 266 285 288 315 395 402 507 529 679 752 774 830 1101
774 661 773
775 135 139 268 291 302 416 441 482 585 602 979 1080 1334
776 34 47 103 229 737
777 141 284 293 305 329 446 507 509 529 593 606 899 927 1011 1420
778 135 200 281 285 288 298 315 328 362 365 366 440 445 456 476 556 644 653 663 686 693 697 701 971 1103 1149 1193 1246 1252 1431
779 109 110 642 780 847 884
780 371 378 488 673 779 847 884 1320
781 782
782 781
783 275 784 1151 1337
784 783
785 498 499 855 1118
786 96 97 118 153 289 301 302 319 320 322 397 402 513 602 733 813 867 955 1169 1208 1516
787 81 82 101 180 235
788 789 1147 1262
789 788
790 181 232 233 241 261 262 463 957 1089 1183
791 245 246 876 1540
792 496 565 599 793 875 1002 1285
793 792 1285 1591
794 328 461 682 683 760 795 823 1504 1537
795 305 328 760 794 978 1504 1598
796 124 130 502
797 104 118 181 221 247 277 296 299 314 322 323 570 758 826
798 232 242 289 293 301 302 349 350 411 447 479 528 593 606 632 640 816 907 943 1013 1113 1453
799 118 224
800 397 801 1029
801 800 1358 1479
802 803
803 802
804 109 544 595 972
805 806 1421
806 805 868
807 162 168 173 190 194 250 252 258 271 294 318 361 574 621 917
808 254 300 326 453 750 890 943 1123 1241 1368
809 305 328 519 679 698 841 842 1287
810 628 848 986 1230 1284
811 812
812 811 1102 1444
813 97 184 301 302 319 333 364 384 385 397 428 486 786 955 1055
814 753 1433
815 160 161 381 424 694
816 301 349 593 798
817 378 612 633 1188
818 819
819 818
820 755 1090
821 349 350 536 574 621 822 936 1159
822 349 536 821 1089
823 328 426 794 1313
824 225 316 930
825 111
826 104 105 106 107 117 118 167 221 222 223 228 246 296 314 315 322 374 383 412 433 445 570 657 670 759 797 926 1007 1028
827 719 770 828 885 889 1306
828 708 827 889 980 1462
829 105 113 135 139 182 192 196 211 268 468 480 898 1425
830 731 732 773 831 1010 1263 1321 1438 1567
831 830
832 362 369 833
833 369 832 1252 1613
834 760 1053 1149 1253
835 80 836
836 835
837 698
838 839 1122
839 838
840 687 729 1368
841 285 305 314 476 636 679 809 842 925 930 944 1122
842 154 285 809 841 1023 1122
843 601 653
844 360 845
845 223 314 322 405 432 574 749 844 1265 1387
846 494 542
847 110 264 403 590 673 779 780
848 373 810 849 1252
849 848 1607
850 107 225 238 295 456 572 867 919 1049 1104 1221 1424
851 475 852 908 941 1082
852 148 273 274 346 353 359 360 475 563 851 950 996 1082 1132
853 222 390 403 445 503 854 970
854 222 390 475 482 853
855 376 785 1118
856 43 44 115 454 654
857 858
858 857
859 118 125 126 296 300 594 603
860 194 416 909
861 125 126 687 1558
862 863
863 373 862
864 291
865 866
866 865
867 107 117 118 200 225 232 246 320 336 453 492 552 593 712 786 850
868 116 806 1532
869 105 167 277 291 292 374 512 568
870 328 636
871 711 720 763 872 906
872 126 871
873 104 148 153 257 323 405 414 481 594 733 758 1231
874 12 40 494 573
875 184 289 387 496 510 739 762 792 906 930 1109 1314 1371
876 130 193 200 201 245 254 294 317 326 427 514 586 791
877 878 1247 1385
878 877 952 1247
879 521 911
880 881
881 159 880
882 111 1064 1446
883 50 340
884 379 673 779 780 914
885 644 827 889 1065
886 147 148 274 479 724
887 43 44 91 115 454 654 1390 1422
888 167 212 288 362 1158
889 707 718 827 828 885 980 1210 1482
890 117 118 200 327 453 701 702 808 1020 1104
891 150 892 896 1106
892 150 891 922
893 284 528 529 749
894 200 300 336 394 516 653 711 750
895 194 1381
896 891
897 328 329 343 456 555 556 571 1020
898 113 135 211 212 497 829
899 284 777 1122
900 407 901
901 407 466 900 1055
902 378 1366
903 904
904 903 1197
905 140 284 285 305 477 527 577 661 731 989 1331 1447
906 479 565 632 739 871 875 908 930
907 248 249 333 411 798
908 314 315 322 851 906 918 1174 1362
909 104 194 302 397 416 440 450 503 510 758 860 1095
910 189 938 1261
911 521 879
912 206 207
913 111
914 263 424 884 915 1386
915 161 423 424 914 1096 1155
916 137 390 391 649
917 293 294 518 807
918 184 315 322 908 1113 1298
919 390 456 461 644 678 850 1103 1221
920 105 117 118 316 459 591 921 926
921 683 920
922 132 149 150 178 186 239 892
923 924
924 923
925 246 426 445 841
926 104 105 107 135 181 211 228 232 233 246 281 283 316 363 390 426 445 475 657 735 826 920
927 141 284 558 662 772 777 1111 1120
928 284
929 435
930 225 315 316 375 433 446 531 535 565 770 824 841 875 906 1040 1122 1123 1233 1294 1317 1376
931 932
932 931 1579
933 391 1071
934 148 359 360 935 1079
935 148 299 302 333 934 1079 1554
936 185 333 349 486 593 695 821 1332
937 148
938 189 910 969 1130 1157 1261 1441
939 297
940 375 509 721 1478
941 190 258 475 481 492 594 695 851 947
942 148 172 447 676
943 254 300 317 326 411 607 798 808 944 1034 1144
944 253 285 328 841 943 1034 1062 1122 1368
945 93 94 168 173 311 500 676 958
946 667 708
947 225 238 246 295 509 721 739 941 1215 1477
948 949 1495 1583
949 948 1143 1543
950 561 614 852 1039
951 752
952 878
953 954 1285 1401
954 953
955 97 106 118 174 184 284 285 301 315 320 326 366 402 450 456 570 632 712 786 813 1022 1023 1034 1572
956 610
957 167 230 315 570 715 790
958 130 254 317 415 500 945
959 172 206 353 717 1198
960 652 961
961 154 960 1267 1391
962 963
963 708 962
964 508 1255
965 285 539 1120
966 99 100 162 208 361 530
967 275 1460
968 116 969 1301
969 938 968 1365 1494
970 104 177 194 215 222 236 286 353 482 483 759 853
971 328 629 778 1259
972 327 390 426 544 701 804 1063 1197
973 183 192 215 571 1379
974 595 641 742
975 105 137 181 182 200 230 315 316 389 445 459 556
976 614 1204
977 285 529 560 679 689 1269 1318
978 305 461 691 795
979 118 256 278 341 344 402 416 456 775 1343
980 708 828 889
981 982
982 981
983 984 1171 1520 1583
984 708 983 1280
985 429 475 537 1027
986 316 328 556 644 678 698 810 1020 1565
987 109 110 641 642 989 1119 1614
988 989
989 661 905 987 988 994
990 302 603 739 743
991 261 992
992 336 518 741 991 1039 1297
993 708
994 760 989
995 289 290 761
996 166 167 852 1310
997 233 281 314 433 445
998 223 999
999 998
1000 1001
1001 1000
1002 529 792 1003
1003 529 566 1002
1004 509 731
1005 153
1006 661
1007 104 236 247 384 570 758 826
1008 140 141 174 1111
1009 305 476 477
1010 731 830
1011 284 558 777 1599
1012 432 528 551
1013 105 119 242 274 286 459 487 798
1014 211 363 403 589 590
1015 293
1016 364 411 593
1017 476 562
1018 263 694
1019 69 83
1020 117 200 225 329 750 890 897 986 1032
1021 263 264
1022 955 1142
1023 96 97 154 842 955
1024 546
1025 96 184 1026 1214
1026 265 266 559 560 1025 1098 1099 1121 1166 1428 1612
1027 148 348 429 985
1028 403 445 753 826 1375
1029 800 1037
1030 403 641 1071
1031 49 50 101 239 340 1081
1032 1020
1033 70 95 377
1034 97 232 285 528 943 944 955 1108 1138
1035 188 189 1432 1502
1036 1037
1037 1029 1036
1038 1039
1039 147 372 614 950 992 1038
1040 246 426 453 491 586 750 930
1041 75 1042
1042 1041
1043 110 1044
1044 1043
1045 284 322 397
1046 126 226
1047 1048
1048 1047 1331
1049 850
1050 264
1051 110
1052 1053
1053 527 834 1052 1218 1260 1279
1054 716
1055 813 901
1056 1057 1069 1328
1057 1056 1066 1069
1058 727
1059 105 118 167 230 402 690
1060 265 266 617 1206
1061 743
1062 944 1063
1063 709 972 1062
1064 111 112 142 882
1065 644 727 885
1066 524 1057
1067 1068
1068 1067
1069 1056 1057
1070 378 391 469 595 704 1071
1071 933 1030 1070
1072 557
1073 192 278 597
1074 375 445 1075
1075 600 1074
1076 231
1077 461 719 1616
1078 429
1079 336 429 747 934 935
1080 107 236 278 341 775
1081 489 520 1031
1082 851 852
1083 326 574 709
1084 119 384 570 1310
1085 1086
1086 1085 1201
1087 462 587 610 758
1088 302 319 478
1089 790 822
1090 820
1091 309
1092 212
1093 649
1094 399 1486
1095 299 319 440 450 909 1208
1096 160 424 915 1097
1097 103 160 1096 1156
1098 266 560 1026 1099 1192 1204 1217 1539
1099 265 395 559 560 563 1026 1098
1100 339 490
1101 731 732 773 1112
1102 295 812
1103 135 211 535 538 778 919 1104 1409
1104 117 118 316 363 538 644 850 890 1103 1472
1105 223 247 570 658
1106 891
1107 1108
1108 97 154 184 185 606 1034 1107 1544
1109 875 1110 1160 1285
1110 1109 1553
1111 256 328 554 558 927 1008
1112 629 760 1101
1113 225 322 428 479 733 798 918 1590
1114 152 153 361 695
1115 1116
1116 1115
1117 569 633
1118 272 674 785 855
1119 109 544 642 730 987 1120 1559
1120 504 927 965 1119 1184
1121 1026 1124
1122 507 529 838 841 842 899 930 944
1123 326 507 750 808 930 1181
1124 1121 1125
1125 230 1124
1126 113 114 192 196
1127 136 1409
1128 305 1209
1129 136 346 480
1130 938 1131 1157 1327
1131 1130
1132 184 185 333 563 852
1133 271 294 1134
1134 1133
1135 200 201 315 407 537 574 1207
1136 48 62 64 134 160 163 219 229 332 460 1456
1137 118 565 566
1138 233 478 1034
1139 402 440
1140 59
1141 1142
1142 1022 1141 1262
1143 949 1508
1144 579 943 1399 1580
1145 276
1146 326
1147 380 788
1148 1149
1149 368 445 556 778 834 1148 1256 1389 1528
1150 541
1151 783 1152
1152 1151
1153 1154
1154 214 618 1153
1155 915
1156 488 581 596 1097
1157 63 160 388 399 938 1130 1235
1158 888 1196
1159 172 250 251 350 429 447 462 733 821 1205
1160 1109
1161 212 233 422 463 511
1162 148 274 1265
1163 224
1164 1165 1267
1165 1164
1166 1026
1167 369 559
1168 640
1169 153 213 319 713 786 1374
1170 97 284 305 679
1171 708 983 1172
1172 1171
1173 721
1174 387 606 908 1175
1175 495 606 762 1174 1594
1176 1177
1177 1176 1277
1178 246 697
1179 68 69
1180 139 182 222 363
1181 130 411 492 603 750 1123
1182 291 1471
1183 181 274 790
1184 504 673 1120 1467
1185 766
1186 579 1448
1187 161 263 378 381 424 1188
1188 378 382 612 817 1187
1189 1190
1190 473 638 1189
1191 327 476 538 701
1192 1098
1193 175 282 328 445 519 778 1425
1194 352 532 560
1195 437
1196 196 673 1158 1386
1197 183 343 390 725 904 972
1198 69 321 546 959
1199 1200
1200 1199 1464
1201 1086
1202 622
1203 120 121
1204 976 1098
1205 429 606 1159
1206 1060
1207 333 1135
1208 125 786 1095
1209 285 445 640 1128 1461
1210 443 889 1211
1211 1210
1212 432 693
1213 562
1214 224 1025
1215 947
1216 119
1217 1098 1218
1218 1053 1217
1219 1220 1473
1220 1219
1221 193 225 238 320 503 850 919
1222 1223
1223 1222
1224 1225
1225 1224
1226 1227
1227 1226
1228 154 397 749
1229 228
1230 810 1409
1231 439 535 873
1232 1233
1233 930 1232
1234 171 172 173 209 210 216
1235 382 623 630 742 768 1157
1236 381 768
1237 301
1238 587
1239 224 1240 1314
1240 1239
1241 808
1242 555 662
1243 305 320 572
1244 111 112
1245 387 551 640
1246 281 701 778
1247 877 878
1248 125 323 405
1249 1250
1250 1249
1251 191 317 336 491
1252 238 778 833 848
1253 527 834
1254 1255 1281
1255 707 964 1254
1256 315 432 1149 1436
1257 376 584
1258 168
1259 629 971
1260 202 203 1053 1609
1261 910 938
1262 788 1142 1264 1338
1263 830
1264 1262
1265 242 257 274 845 1162
1266 167 1310
1267 961 1164 1350 1378
1268 732 1465
1269 529 977
1270 365 626
1271 101 377 1272
1272 79 767 1271
1273 252 294
1274 261 449 474
1275 644
1276 509
1277 617 1177 1401
1278 184
1279 1053
1280 984
1281 1254
1282 184
1283 580
1284 628 810
1285 265 792 793 953 1109 1492
1286 276
1287 809
1288 343 445 1313
1289 1290
1290 1289
1291 118
1292 1293
1293 1292
1294 317 531 930
1295 645 646 1363
1296 128 542
1297 147 258 336 992
1298 184 918
1299 396
1300 275 667 1301
1301 968 1300
1302 346 1341 1458
1303 284
1304 294 574 1305
1305 1304
1306 827
1307 225 326
1308 662
1309 502
1310 996 1084 1266 1311
1311 166 167 265 1310
1312 333
1313 823 1288
1314 224 875 1239 1600
1315 1316
1316 1315
1317 565 930
1318 167 265 374 679 752 977 1433
1319 558
1320 780
1321 830 1434
1322 1323 1443
1323 1322
1324 133 191 350 429
1325 443 635
1326 446 606 747
1327 1130
1328 1056
1329 1330
1330 1329
1331 905 1048
1332 387 510 593 599 936
1333 563 690
1334 775
1335 171 206 207 447 564
1336 97 185
1337 783
1338 1262 1369 1407
1339 310 440 476 504 1472
1340 173 208
1341 1302
1342 652 721
1343 221 383 402 456 730 979
1344 376 767 1470
1345 109 110 642
1346 265
1347 732 1348
1348 1347
1349 197 337 338
1350 266 1267
1351 343
1352 1353
1353 1352 1509
1354 223 503 663
1355 114 345 403
1356 324
1357 554
1358 645 801
1359 22 67
1360 544
1361 104 107 221 241 345 657 1516
1362 908
1363 645 1295 1364 1483
1364 1363
1365 44 969 1406
1366 902
1367 381 455 630 768
1368 808 840 944
1369 284 1338
1370 281 282 709
1371 875
1372 117 140 256 529 1373 1394 1438 1560
1373 1372
1374 656 1169
1375 560 679 1028 1497 1592
1376 930
1377 1378
1378 1267 1377
1379 215 973
1380 171 172 191 676
1381 895
1382 679 698
1383 59
1384 144 1463
1385 877
1386 914 1196
1387 845 1487
1388 632
1389 403 476 663 1149
1390 654 887
1391 961 1392
1392 1391
1393 223
1394 1372
1395 1396
1396 1395
1397 1398
1398 1397
1399 579 580 1144
1400 136
1401 953 1277
1402 1403
1403 1402
1404 456 528
1405 105 200 286 620
1406 60 1365
1407 1338
1408 136 228
1409 328 727 1103 1127 1230
1410 1411
1411 1410
1412 1413
1413 1412
1414 659 660
1415 288
1416 700 1439
1417 97 528
1418 147
1419 524
1420 777
1421 805
1422 91 887
1423 185
1424 456 850
1425 113 135 177 571 829 1193
1426 1427
1427 1426
1428 617 1026
1429 380
1430 336
1431 778
1432 1035 1557
1433 265 752 814 1318
1434 1321
1435 144
1436 1256
1437 680
1438 731 830 1372
1439 1416 1487
1440 145 532
1441 938 1604
1442 672
1443 1322
1444 174 538 629 812
1445 477
1446 625 882
1447 905 1602
1448 1186
1449 312 1450
1450 1449
1451 1452
1452 1451
1453 225 397 798
1454 384
1455 118 174
1456 1136
1457 673
1458 1302
1459 593
1460 967
1461 1209
1462 828
1463 175 383 1384 1496
1464 1200
1465 1268
1466 670
1467 1184
1468 435
1469 275
1470 615 767 1344
1471 1182
1472 167 288 461 1104 1339
1473 1219
1474 431
1475 1476
1476 1475
1477 947
1478 940
1479 801
1480 481 594
1481 1482
1482 889 1481
1483 1363
1484 743
1485 63
1486 1094
1487 1387 1439
1488 284
1489 185 404 1490
1490 1489
1491 642
1492 1285
1493 250 252 588
1494 969
1495 708 948 1608
1496 1463
1497 1375
1498 712
1499 402
1500 520
1501 370
1502 1035
1503 404
1504 461 488 794 795
1505 148 194
1506 652 749
1507 707
1508 1143
1509 1353
1510 475
1511 507
1512 513 539
1513 501
1514 1515
1515 1514
1516 786 1361
1517 1518
1518 1517
1519 97 749
1520 983
1521 667
1522 1523
1523 1522
1524 1525
1525 1524
1526 1527
1527 1526
1528 1149
1529 617
1530 314
1531 683
1532 868
1533 174
1534 357
1535 528
1536 531
1537 701 794
1538 406
1539 1098
1540 791
1541 1542
1542 1541
1543 949
1544 1108
1545 1546
1546 1545
1547 1548
1548 1547
1549 546 1550
1550 1549
1551 1552
1552 1551
1553 1110
1554 935
1555 227 286
1556 632
1557 1432
1558 861
1559 1119
1560 1372
1561 621
1562 1563
1563 1562
1564 275 276
1565 735 986
1566 593
1567 830
1568 594
1569 1570
1570 1569
1571 720
1572 955
1573 486
1574 266
1575 608
1576 1577
1577 1576
1578 218
1579 932
1580 1144
1581 246
1582 254
1583 948 983
1584 334 1620
1585 213
1586 477
1587 531
1588 1589
1589 1588
1590 1113
1591 793
1592 1375
1593 643
1594 1175
1595 1596
1596 1595
1597 732
1598 795
1599 1011
1600 1314
1601 302
1602 1447
1603 141
1604 1441
1605 159
1606 126
1607 849
1608 1495
1609 1260
1610 313
1611 129
1612 1026
1613 833
1614 987
1615 466
1616 1077
1617 1618
1618 1617
1619 282
1620 1584
