998 5096
0 1 2 3 4 5 8 9 10 11 12 15 18 19 20 21 22 23 24 27 30 31 32 33 34 37 38 40 43 44 47 48 49 50 53 56 57 58 61 62 69 70 71 72 73 74 75 90 93 105 107 115 122 123 129 130 140 147 148 157 161 169 173 186 187 203 207 208 217 253 255 262 277 282 319 392 441 454 471
1 0 2 3 4 5 8 9 10 11 12 15 18 19 20 21 22 23 24 27 30 31 32 33 34 37 38 40 43 44 47 48 49 50 53 56 57 58 61 62 69 70 71 73 74 90 93 105 107 115 122 123 129 130 140 147 148 157 161 169 173 186 203 204 207 208 209 217 255 262 263 277 291 293 304 319 392 464 471 645
2 0 1 3 4 5 8 9 10 11 12 15 18 19 20 21 23 24 27 30 32 33 34 38 40 43 44 47 48 49 50 51 53 56 57 58 61 62 70 73 90 105 107 122 129 130 140 147 148 157 161 173 186 204 209 262 293 304 377 413 440 442
3 0 1 2 4 5 8 9 10 11 12 15 18 19 20 21 23 24 27 30 32 33 38 40 43 44 47 48 49 50 53 56 57 58 62 70 73 90 105 107 115 122 129 130 140 147 157 161 186 204 209 264 293 304 353 377 413 414 442 618
4 0 1 2 3 5 8 9 10 11 12 15 18 19 20 21 23 24 27 30 31 32 33 37 38 40 43 44 47 48 49 50 51 52 53 56 57 58 61 62 69 70 73 90 93 105 107 114 115 122 129 137 140 147 148 157 173 203 204 207 208 209 214 217 250 255 264 277 293 304 369 377 392 441 730
5 0 1 2 3 4 8 9 10 11 12 18 19 20 21 23 24 27 30 31 33 38 40 43 44 47 48 50 51 52 53 56 57 58 61 62 69 73 105 114 115 122 137 148 157 203 204 208 209 214 217 250 264 293 304 377 392 730
6 7 16 17 36 59 66 86 87 199 248 251 272 273 296 343 354 434 493 556
7 6 16 17 36 59 63 66 86 87 199 248 251 272 273 274 296 434 556 731
8 0 1 2 3 4 5 9 10 11 12 18 19 20 21 22 23 24 27 30 31 33 38 40 43 44 47 48 49 50 53 56 57 58 61 62 69 70 71 73 90 105 107 114 122 137 140 147 148 157 173 203 207 208 209 214 217 250 293 304 369 392 446 452 730
9 0 1 2 3 4 5 8 10 11 12 15 18 19 20 21 22 23 24 27 30 31 32 33 37 38 40 43 44 47 48 49 50 53 56 57 58 61 62 69 70 71 73 90 105 107 114 122 123 129 130 137 140 147 148 157 161 169 173 203 204 207 208 209 214 217 250 262 263 277 291 304 369 392 452 454
10 0 1 2 3 4 5 8 9 11 12 15 18 19 20 21 22 23 24 27 30 31 32 33 37 38 40 43 44 47 48 49 50 53 56 57 58 61 62 69 70 71 72 73 90 93 105 107 114 115 122 123 129 130 137 140 147 148 157 161 169 173 203 204 207 208 209 214 217 250 255 262 277 291 293 304 369 392 452 464 645
11 0 1 2 3 4 5 8 9 10 12 13 14 15 18 19 20 21 22 23 24 27 29 30 31 32 33 34 37 38 39 40 43 44 47 48 49 50 53 56 57 58 61 62 69 70 71 72 73 74 75 90 93 105 107 114 115 122 123 129 130 137 140 141 147 148 157 169 173 186 187 190 203 204 207 208 209 214 217 250 253 255 262 263 264 277 282 291 293 304 319 352 353 368 369 392 424 437 441 442 454 464 549 586 645 665 688 764 846 858 921 931
12 0 1 2 3 4 5 8 9 10 11 15 18 19 20 21 22 23 24 27 30 31 32 33 38 40 43 44 47 48 49 50 53 56 57 58 61 69 70 71 73 90 105 107 114 115 122 130 137 140 147 148 157 161 173 208 209 250 262 304 369 441 464 645
13 11 14 15 29 39 187 214 352 368 424
14 11 13 28 29 34 39 186 187 205 214 352 368 424
15 0 1 2 3 4 9 10 11 12 13 18 19 20 21 22 24 32 33 43 44 48 49 50 53 56 57 58 70 90 93 115 129 130 140 141 147 157 161 186 277 304 319 353 368 424 464 549
16 6 7 17 35 36 55 59 63 86 87 108 248 272 273 296 354 434 469
17 6 7 16 36 59 248 272 273 296 354 434 469
18 0 1 2 3 4 5 8 9 10 11 12 15 19 20 21 22 23 24 27 30 31 32 33 37 38 40 44 47 48 49 50 53 56 57 58 61 62 69 70 72 73 90 105 114 115 137 148 157 169 173 203 207 208 209 214 217 250 277 304 369 392
19 0 1 2 3 4 5 8 9 10 11 12 15 18 20 21 22 23 24 27 30 31 32 33 34 37 38 40 43 44 47 48 49 50 53 56 57 58 61 62 69 70 71 73 79 90 105 107 122 123 129 130 140 147 148 157 161 169 173 186 203 204 207 209 255 262 263 277 291 293 304 319 369 392 413 442 464
20 0 1 2 3 4 5 8 9 10 11 12 15 18 19 21 22 23 24 27 30 31 33 37 38 40 43 44 47 48 49 50 53 56 57 58 61 62 69 70 71 73 90 105 107 122 129 130 137 140 147 157 173 203 204 207 208 209 214 217 250 264 277 291 293 304 369 377 392
21 0 1 2 3 4 5 8 9 10 11 12 15 18 19 20 22 23 24 30 31 32 33 37 38 40 43 44 47 48 49 50 53 56 57 58 61 62 69 70 71 73 79 90 105 107 122 123 129 130 140 147 148 157 161 169 173 203 204 207 208 255 262 263 277 291 304 319 369 392 454
22 0 1 8 9 10 11 12 15 18 19 20 21 23 24 30 33 43 47 50 69 70 71 73 79 90 107 122 123 130 147 157 161 207 262 263 291 319 369 392 454
23 0 1 2 3 4 5 8 9 10 11 12 18 19 20 21 22 24 27 30 31 32 33 38 40 43 44 47 48 50 53 56 57 58 61 62 69 70 71 73 90 105 114 122 147 148 157 173 203 207 208 214 277 291 304 369 392 452
24 0 1 2 3 4 5 8 9 10 11 12 15 18 19 20 21 22 23 27 30 33 38 40 44 47 48 50 53 56 57 58 61 62 69 70 73 105 114 137 147 157 173 203 207 208 209 214 250 304 369 392
25 26 59 78 95 96 138 174 175 194 195 196 197 303 305 371 397 638
26 25 59 78 95 96 133 138 174 175 194 196 219 303 371 574 638
27 0 1 2 3 4 5 8 9 10 11 12 18 19 20 23 24 30 33 38 40 44 47 48 50 53 56 57 58 61 62 69 73 105 137 157 173 203 204 208 209 214 217 264 293 304 377 446 452
28 14 29 39 118 205 232 233 308
29 11 13 14 28 39 205 308 480
30 0 1 2 3 4 5 8 9 10 11 12 18 19 20 21 22 23 24 27 31 32 33 38 40 43 44 47 48 49 50 53 56 57 58 61 62 69 70 71 73 90 105 107 114 122 130 137 147 148 157 173 203 204 208 209 214 250 293 304
31 0 1 4 5 8 9 10 11 12 18 19 20 21 23 30 32 33 34 37 40 47 49 50 53 57 58 61 62 69 72 73 74 75 90 122 123 148 157 169 173 190 203 207 208 214 217 250 255 277
32 0 1 2 3 4 9 10 11 12 15 18 19 21 23 30 31 33 43 48 49 50 51 53 56 57 58 114 115 122 140 148 157 173 255 277 440 464
33 0 1 2 3 4 5 8 9 10 11 12 15 18 19 20 21 22 23 24 27 30 31 32 38 40 43 44 47 48 49 50 51 52 53 56 57 58 61 73 90 93 107 114 115 121 122 130 137 140 147 148 157 161 173 186 208 255 277 282 304 319 440 441 511 730 779
34 0 1 2 11 14 19 31 37 39 44 62 123 148 169 186 187 190 253 255 407 437 787
35 16 36 59 63 86 87
36 6 7 16 17 35 55 59 63 86 87 108 272
37 0 1 4 9 10 11 18 19 20 21 31 34 47 61 62 69 70 72 73 123 157 169 203 207 208 214 217 392
38 0 1 2 3 4 5 8 9 10 11 12 18 19 20 21 23 24 27 30 33 40 44 47 48 50 53 57 58 61 62 69 71 73 105 147 173 209 214 291 293 304 446 452
39 11 13 14 28 29 34 187 205 424
40 0 1 2 3 4 5 8 9 10 11 12 18 19 20 21 23 24 27 30 31 33 38 43 44 47 48 49 50 53 56 57 58 61 62 69 70 71 73 90 105 107 114 115 122 137 140 147 157 173 203 208 209 214 217 250 304 392
41 42 84 97 98 102 103 113 120 124 125 144 145 146 154 155 160 170 176 177 193 201 210 218 222 239 246 259 267 270 280 283 292 311 312 320 327 328 330 345 347 360 365 375 410 419 420 421 423 443 447 453 458 463 474 503 508 523 527 544 557 563 564 572 575 580 596 606 620 639 640 643 650 653 676 692 696 729 755 756 775 838 842 848 914 937 939 971
42 41 98 177 222 410 503
43 0 1 2 3 4 5 8 9 10 11 12 15 19 20 21 22 23 30 32 33 40 44 47 49 50 53 57 58 62 69 70 73 90 107 122 123 129 130 140 147 148 157 161 204 262 319 392
44 0 1 2 3 4 5 8 9 10 11 12 15 18 19 20 21 23 24 27 30 33 34 38 40 43 47 48 49 50 53 56 57 58 61 62 69 70 73 105 107 129 130 140 147 157 186 203 204 209 264 291 293 304 369 377 392 442
45 46
46 45
47 0 1 2 3 4 5 8 9 10 11 12 18 19 20 21 22 23 24 27 30 31 33 37 38 40 43 44 48 50 53 57 58 61 62 69 70 73 90 105 114 115 122 137 157 173 203 208 214 217 250 304 369 392
48 0 1 2 3 4 5 8 9 10 11 12 15 18 19 20 21 23 24 27 30 32 33 38 40 44 47 49 50 53 56 57 58 69 70 73 90 115 137 140 147 157 161 204 209 214 293 304 369 464
49 0 1 2 3 4 8 9 10 11 12 15 18 19 20 21 30 31 32 33 40 43 44 48 50 53 56 57 58 70 73 90 93 107 122 129 130 140 147 157 161 173 186 187 254 262 277 291 304 319 440 464 471 549 645
50 0 1 2 3 4 5 8 9 10 11 12 15 18 19 20 21 22 23 24 27 30 31 32 33 38 40 43 44 47 48 49 53 56 57 58 61 69 70 73 90 93 105 107 114 115 121 122 123 129 130 140 147 148 157 161 173 204 254 262 277 304 319 377 413 440 645
51 2 4 5 32 33 52 53 57 61 114 137 148 190 208 266 411 441 730
52 4 5 33 51 53 114 115 137 190 266 441 526 644 730 901 940
53 0 1 2 3 4 5 8 9 10 11 12 15 18 19 20 21 23 24 27 30 31 32 33 38 40 43 44 47 48 49 50 51 52 56 57 58 62 71 105 107 114 115 122 140 147 148 157 161 208 209 217 264 304 368 392 901
54 55 59 78 108 195 196 198 245 249 299 305 324 325 326 354 359 391 451 462 514 649 778 821 854 990
55 16 36 54 59 63 78 108 195 196 198 299 324 354 359 514 649
56 0 1 2 3 4 5 8 9 10 11 12 15 18 19 20 21 23 24 27 30 32 33 40 44 48 49 50 53 57 58 90 93 105 107 114 115 129 130 140 147 157 161 173 186 204 209 254 277 291 304 392 464
57 0 1 2 3 4 5 8 9 10 11 12 15 18 19 20 21 23 24 27 30 31 32 33 38 40 43 44 47 48 49 50 51 53 56 58 61 62 70 73 90 105 107 114 115 122 123 130 137 140 147 148 157 161 169 173 186 207 208 209 253 255 293 304 413
58 0 1 2 3 4 5 8 9 10 11 12 15 18 19 20 21 23 24 27 30 31 32 33 38 40 43 44 47 48 49 50 53 56 57 61 62 69 73 90 105 114 115 122 129 130 140 147 157 173 203 207 209 214 263 277 291 293 304 377 413
59 6 7 16 17 25 26 35 36 54 55 60 63 66 67 68 78 80 84 85 86 87 94 95 96 99 100 101 104 106 108 124 126 128 133 134 136 138 144 149 150 151 152 153 167 168 184 185 188 189 194 195 196 197 198 199 202 206 211 221 228 229 230 231 234 235 236 237 242 245 247 248 249 251 252 265 268 272 275 276 285 286 290 294 295 297 298 299 300 302 303 305 306 307 315 321 325 330 331 332 343 346 349 354 370 371 373 374 382 387 389 390 397 399 406 412 415 425 427 433 435 436 438 439 444 455 457 459 465 466 470 478 482 494 495 497 498 503 509 513 517 524 528 533 534 541 542 545 546 548 553 556 558 560 562 570 571 578 582 584 599 602 608 612 617 623 630 634 638 651 656 674 679 682 694 699 702 707 710 717 721 722 723 724 725 731 732 733 750 760 778 789 803 833 853 856 871 891
60 59 84 85 99 100 149 231 236 553
61 0 1 2 4 5 8 9 10 11 12 18 19 20 21 23 24 27 30 31 33 37 38 40 44 47 50 51 57 58 62 69 72 73 74 75 122 123 137 148 157 169 173 203 207 208 214 217 250 255 266 446
62 0 1 2 3 4 5 8 9 10 11 18 19 20 21 23 24 27 30 31 34 37 38 40 43 44 47 53 57 58 61 69 70 73 129 147 148 203 209 214 217 263 264 293 377 392
63 7 16 35 36 55 59 80 86 101 199 206 228 245 251 272 300 370 478 546 617
64 65 76 77 81 762
65 64 77 81 762
66 6 7 59 750
67 59 68 94 104 152 153 185 202 230 247 268 269 275 286 294 298 325 331 436 466 470 485 830 902
68 59 67 94 104 126 136 150 152 153 184 185 202 230 247 268 275 286 294 298 300 315 325 349 439 466 478 509 603 651 726
69 0 1 4 5 8 9 10 11 12 18 19 20 21 22 23 24 27 30 31 37 38 40 43 44 47 48 50 58 61 62 70 73 90 114 137 203 207 208 214 217 250 263 304 369
70 0 1 2 3 4 8 9 10 11 12 15 18 19 20 21 22 23 24 30 37 40 43 44 47 48 49 50 57 62 69 71 73 79 90 107 122 123 130 140 147 157 169 203 204 207 214 262 263 291 369 392
71 0 1 8 9 10 11 12 19 20 21 22 23 30 38 40 53 70 73 90 105 107 173 452 454 645 793
72 0 10 11 18 31 37 61 74 75 123 148 169 190 207 208 214 255 266 282
73 0 1 2 3 4 5 8 9 10 11 12 18 19 20 21 22 23 24 27 30 31 33 37 38 40 43 44 47 48 49 50 57 58 61 62 69 70 71 74 75 90 105 107 122 123 130 147 148 157 169 173 203 204 207 208 214 255 262 263 291 454
74 0 1 11 31 61 72 73 75 122 123 169 207 255 262 319
75 0 11 31 61 72 73 74 122 123 148 255
76 64 77 135 182 337 540
77 64 65 76 135 182 183 337 461 540
78 25 26 54 55 59 96 174 175 194 195 196 197 198 235 303 307 397 513 609 638
79 19 21 22 70 107 122 130 147 262 263
80 59 63 95 101 106 126 151 153 184 198 206 235 249 285 300 307 315 332 354 387 389 390 415 418 427 438 455 466 541 558 710
81 64 65
82 83 166
83 82 166
84 41 59 60 85 94 95 96 99 131 132 134 152 153 211 218 231 236 242 276 307 367 371 421 433 435 522 539 542 543 551 552 630 683
85 59 60 84 95 152 211 231 279 307 367 433 435
86 6 7 16 35 36 59 63 87 251 272 273 274
87 6 7 16 35 36 59 86 272 273 274
88 89 127 136 158 159 180 378 481 496 766
89 88 127 136 150 158 200 219 226 227 348 496 626 632 709 864
90 0 1 2 3 4 8 9 10 11 12 15 18 19 20 21 22 23 30 31 33 40 43 47 48 49 50 56 57 58 69 70 71 73 105 107 122 123 130 140 147 157 161 164 173 204 254 262 277 291 304 319 454 645
91 92 111 112 168 219 302 397 398 439 470 500 605 722
92 91 112 126 168 185 202 220 225 260 301 302 349 394 397 398 404 422 439 500 605 619 626 629 705 722
93 0 1 4 10 11 15 33 49 50 56 114 115 121 140 304 368
94 59 67 68 84 152 153 188 230 242 247 298 346 372 373 484 623
95 25 26 59 80 84 85 96 136 150 153 174 196 198 211 234 235 249 286 315 326 338 351 354 371 387 402 418 435 455 558 570 577 798
96 25 26 59 78 84 95 136 174 196 197 198 211 235 286 315 326 351 354 371 374 397 418 435 570 579 602 654 798 952
97 41 98 103 120 125 144 155 177 222 283 320 361 365 671
98 41 42 97 102 103 113 120 124 125 144 146 154 155 160 170 177 193 201 210 218 222 239 246 259 267 270 280 283 292 312 320 327 328 330 345 347 360 361 365 375 410 423 443 447 453 458 503 508 520 544 563 572 580 589 596 606 615 640 643 658 729 756 759 771 786 861 953 977
99 59 60 84 100 236 444 543 938
100 59 60 99 134 236 386 444 543 634
101 59 63 80 106 126 136 184 198 202 206 245 251 265 284 285 286 300 307 315 332 370 387 390 415 418 482 517 546 617 667 674 679
102 41 98 120 283 328 365 573
103 41 97 98 120 124 125 144 146 155 170 177 201 222 239 310 313 320 360 443 521 538 653
104 59 67 68 128 153 168 184 185 202 229 230 331
105 0 1 2 3 4 5 8 9 10 11 12 18 19 20 21 23 24 27 30 38 40 44 47 50 53 56 57 58 71 73 90 107 122 157 173 209
106 59 80 101 167 198 206 265 332 354 370 412 667 674
107 0 1 2 3 4 8 9 10 11 12 19 20 21 22 30 33 40 43 44 49 50 53 56 57 70 71 73 79 90 105 122 129 130 140 147 157 161 204 392 454 618
108 16 36 54 55 59 126 128 151 168 184 185 189 251 265 272 275 294 332 346 354 359 391 451 469 487 541 951
109 110 233 968
110 109
111 91 112 150 156 168 219 271 286 298 302 397 404 432 439 462 472 484 605
112 91 92 111 156 168 219 271 301 302 397 500 605 705 713
113 41 98 176 177 201 222 280 383
114 4 5 8 9 10 11 12 18 23 24 30 32 33 40 47 50 51 52 53 56 57 58 69 93 115 121 137 148 173 208 250 304 411 441 446 511
115 0 1 3 4 5 10 11 12 15 18 32 33 40 47 48 50 52 53 56 57 58 93 114 121 137 140 214 304 329 511 644
116 117 843
117 116
118 28 119 139 141
119 118 139 141
120 41 97 98 102 103 124 125 144 145 146 154 155 170 176 177 201 222 239 270 280 309 310 320 360 365 410 443 447 653 888
121 33 50 93 114 115 173
122 0 1 2 3 4 5 8 9 10 11 12 19 20 21 22 23 30 31 32 33 40 43 47 49 50 53 57 58 61 70 73 74 75 79 90 105 107 123 130 140 147 148 157 161 169 173 204 207 208 255 262 263 318 319 440 454 764
123 0 1 9 10 11 19 21 22 31 34 37 43 50 57 61 70 72 73 74 75 90 122 148 157 169 187 208 217 262 319 407
124 41 59 98 103 120 125 144 146 155 170 177 193 201 223 224 310 313 360 443 521 557 563 653 786 888
125 41 97 98 103 120 124 126 144 146 155 177 201 283 310 313 314 320 361 365 443 538 589 781 888
126 59 68 80 92 101 108 125 127 136 150 158 159 168 180 185 200 202 265 275 285 286 294 297 298 300 325 326 332 346 349 354 378 439 462 481 507 509 528 577 584 603 617 847 970
127 88 89 126 136 150 158 159 168 180 181 185 200 202 225 271 275 286 294 298 325 326 349 378 445 481 583 605 626 766 790 979
128 59 104 108 168 184 185 189 265 323 346 547
129 0 1 2 3 4 9 10 11 15 19 20 21 43 44 49 50 56 58 62 107 130 147 157 186 204 209 264 277 291 377 413 442 618
130 0 1 2 3 9 10 11 12 15 19 20 21 22 30 33 43 44 49 50 56 57 58 70 73 79 90 107 122 129 140 147 157 161 204 209 262 263 277 291 413 414 442 618
131 84 132 367 421 460 539
132 84 131 188 367 539 543
133 26 59 134 175 194 231 236 691
134 59 84 100 133 194 231 236
135 76 77 183 461
136 59 68 88 89 95 96 101 126 127 150 153 158 159 180 181 185 198 200 202 251 265 268 275 285 286 294 295 297 298 300 315 325 326 332 349 351 374 409 422 445 451 462 481 496 507 517 528 584 617 631 651 736 749 801
137 4 5 8 9 10 11 12 18 20 24 27 30 33 40 47 48 51 52 57 61 69 114 115 157 173 203 208 214 250 304
138 25 26 59 194 236
139 118 119 141 376 565
140 0 1 2 3 4 8 9 10 11 12 15 19 20 21 32 33 40 43 44 48 49 50 53 56 57 58 70 90 93 107 115 122 130 157 161 254 304 319 353 368
141 11 15 118 119 139 368 376
142 143 154
143 142 820
144 41 59 97 98 103 120 124 125 146 155 320 443 538
145 41 120 146 176 201 222 270 312 316 320 360 383 443 448 502 561 575 653
146 41 98 103 120 124 125 144 145 154 176 177 201 222 223 224 316 320 360 383 443 502 557 561 653 888
147 0 1 2 3 4 8 9 10 11 12 15 19 20 21 22 23 24 30 33 38 40 43 44 48 49 50 53 56 57 58 62 70 73 79 90 107 122 129 130 148 157 204 207 209 253 262 263 277 291 293 413
148 0 1 2 4 5 8 9 10 11 12 18 19 21 23 30 31 32 33 34 43 50 51 53 57 61 62 72 73 75 114 122 123 147 157 169 173 186 190 207 208 253 255 266 277 317 319 440
149 59 60 534 553
150 59 68 89 95 111 126 127 136 151 156 168 185 189 200 219 225 226 227 265 268 269 271 275 286 289 294 298 301 302 323 338 346 349 354 374 422 428 436 439 484 562 570 592 605 626 660 709 736
151 59 80 108 150 184 189 211 265 275 298 301 354 382 387 390 428 466 679 733
152 59 67 68 84 85 94 153 168 185 195 211 219 229 230 231 242 247 276 286 289 298 307 325 331 346 354 371 372 373 379 391 399 433 460 484 503 539 623 630 651 683 800
153 59 67 68 80 84 94 95 104 136 152 168 184 185 195 196 198 202 211 229 230 242 245 249 268 286 294 298 306 307 315 325 331 354 366 371 373 379 382 460 485 623 732
154 41 98 120 142 146 239 320 333 334 365
155 41 97 98 103 120 124 125 144 313 320 361 365
156 111 112 150 168 219 271 286 298 323 339 393 397 428 432 501 623 672
157 0 1 2 3 4 5 8 9 10 11 12 15 18 19 20 21 22 23 24 27 30 31 32 33 37 40 43 44 47 48 49 50 53 56 57 58 61 70 73 90 105 107 122 123 129 130 137 140 147 148 169 173 204 207 208 217 255 277 319 350 377 392 454
158 88 89 126 127 136 159 180 200 285 295 325 349 374 378 445 507 517 655 847
159 88 126 127 136 158 378 481 847
160 41 98 218 246 650 680
161 0 1 2 3 9 10 12 15 19 21 22 33 43 48 49 50 53 56 57 90 107 122 130 140 164 254 262 413 414
162 163 576 826
163 162 576
164 90 161 165 254 488
165 164 254 488
166 82 83 911
167 59 106 195 196 197 198 221 235 249 321
168 59 91 92 104 108 111 112 126 127 128 150 152 153 156 184 185 189 202 219 225 229 230 260 268 271 286 294 298 299 301 323 325 331 332 346 349 366 379 382 391 398 402 404 422 470 487 515 528 537 541 547 603 605 626 629 672
169 0 1 9 10 11 18 19 21 31 34 37 57 61 70 72 73 74 122 123 148 157 208
170 41 98 103 120 124 201 360
171 172 770
172 171 770
173 0 1 2 4 8 9 10 11 12 18 19 20 21 23 24 27 30 31 32 33 38 40 47 49 50 56 57 58 61 71 73 90 105 114 121 122 137 148 157 208 282 304 441 446
174 25 26 78 95 96 175 194 235 303 513
175 25 26 78 133 174 194 195 303 504 574 579 691
176 41 113 120 145 146 177 201 222 224 316 383 410 642 958
177 41 42 97 98 103 113 120 124 125 146 176 201 222 223 224 239 283 313 316 328 383 410 443 557 653 696 739 786
178 179 550 746
179 178 227 429 430 550
180 88 126 127 136 158 181 200 275 300 349 358 445 617 631 742 766
181 127 136 180 185 200 202 341 349 404 499 598 605
182 76 77 183 337 461 540
183 77 135 182 461 540
184 59 68 80 101 104 108 128 151 153 168 185 189 229 272 275 286 294 306 331 379 382 541 603
185 59 67 68 92 104 108 126 127 128 136 150 152 153 168 181 184 196 198 202 211 228 229 231 260 275 286 294 299 306 315 325 326 341 349 391 405 439 462 470 478 487 552 603 605 617 629 726 778 854 943
186 0 1 2 3 11 14 15 19 33 34 44 49 56 57 129 148 187 264 368 442 858
187 0 11 13 14 34 39 49 123 186 368 424
188 59 94 132 242 373
189 59 108 128 150 151 168 184 219 225 269 275 286 289 294 298 323 346 436 470 484 547 560 603 722
190 11 31 34 51 52 72 148 214 266 437 666 787
191 192 434
192 191
193 41 98 124
194 25 26 59 78 133 134 138 174 175 303 504 552
195 25 54 55 59 78 152 153 167 175 196 198 234 245 249 260 299 315 324 418 528 570 613 614 638 649 654
196 25 26 54 55 59 78 95 96 153 167 185 195 197 198 234 235 303 315 324 325 326 354 371 397 418 451 513 530
197 25 59 78 96 167 196 198 206 235 249 303 321 351 418 497 529 530 546 654
198 54 55 59 78 80 95 96 101 106 136 153 167 185 195 196 197 202 206 234 235 249 286 299 307 315 321 326 338 341 349 351 370 387 404 418 462 482 497 513 516 517 528 529 530 541 545 546 555 558 570 651 710 742 819
199 6 7 59 63 354 556
200 89 126 127 136 150 158 180 181 202 294 349 374 554 626 790 979
201 41 98 103 113 120 124 125 145 146 170 176 177 222 270 283 313 316 320 383 443 502 521 557 561 653 827
202 59 67 68 92 101 104 126 127 136 153 168 181 185 198 200 228 229 260 286 294 299 315 323 325 349 379 382 398 404 422 439 462 470 515 535 541 547 603 605 617 619 742 857
203 0 1 4 5 8 9 10 11 18 19 20 21 23 24 27 30 31 37 40 44 47 58 61 62 69 70 73 137 207 208 214 217 250 263 304 369
204 1 2 3 4 5 9 10 11 19 20 21 27 30 43 44 48 50 56 70 73 90 107 122 129 130 147 157 377
205 14 28 29 39 308
206 59 63 80 101 106 197 198 235 251 286 305 307 332 370 382 438 546 674 679 693 707 913
207 0 1 4 8 9 10 11 18 19 20 21 22 23 24 31 37 57 58 61 69 70 72 73 74 122 147 148 157 203 217 255 277 454
208 0 1 4 5 8 9 10 11 12 18 20 21 23 24 27 30 31 33 37 40 47 51 53 57 61 69 72 73 114 122 123 137 148 157 169 173 203 214 217 282 441 764
209 1 2 3 4 5 8 9 10 11 12 18 19 20 24 27 30 38 40 44 48 53 56 57 58 62 105 129 130 147 293 392
210 41 98 218
211 59 84 85 95 96 151 152 153 185 231 242 245 268 275 286 289 298 315 354 371 373 374 399 433 503 570 623 917
212 213
213 212 258 390
214 4 5 8 9 10 11 13 14 18 20 23 24 27 30 31 37 38 40 47 48 58 61 62 69 70 72 73 115 137 190 203 208 217 250 264 304 369 437 730
215 216 364
216 215 234 364 483 577
217 0 1 4 5 8 9 10 11 18 20 27 31 37 40 47 53 61 62 69 123 157 203 207 208 214 392 793
218 41 84 98 160 210 246 417 420 463 680
219 26 89 91 111 112 150 152 156 168 189 220 225 261 271 298 302 322 323 338 339 342 348 357 387 388 393 394 395 402 409 422 426 477 484 501 512 515 570 574 578 595 607 621 652 669 690 695 708 711 737 749 767 768 791 792 808 817 830 878 884 903 918 950 962 967
220 92 219 289 298 301 302 322 323 395 397 409 426 431 432 439 465 603
221 59 167 235 321 602
222 41 42 97 98 103 113 120 145 146 176 177 201 239 283 312 316 383 410 443 642 758
223 124 146 177 224 521 563 653 786
224 124 146 176 177 223 521 653 875
225 92 127 150 168 189 219 294 298 323 349 387 422 626 672
226 89 150 227 298 429 432 496 590 592 627 672 709 746 808 852 919 920 960
227 89 150 179 226 422 429 432 598 660 709
228 59 63 185 202 229 238 379 541
229 59 104 152 153 168 184 185 202 228 230 231 238 245 306 307 325 331 366 379 382 391 397 470
230 59 67 68 94 104 152 153 168 229 247 294 372
231 59 60 84 85 133 134 152 185 211 229 242 367 391 433 822 825
232 28 233 368 376 424 880
233 28 109 232 968
234 59 95 195 196 198 216 249 286 299 302 418 500 528 570 595
235 59 78 80 95 96 167 174 196 197 198 206 221 315 418 435 513 558 602 707
236 59 60 84 99 100 133 134 138 553 724
237 59 943
238 228 229 245 306 366 379 382 541 744
239 41 98 103 120 154 177 222 360 365 490
240 241
241 240
242 59 84 94 152 153 188 211 231 354 373 405 522
243 244 505 622 659
244 243 350 407
245 54 59 63 101 153 195 211 229 238 265 300 325 332 354 366 374 478 570 617 736
246 41 98 160 218
247 59 67 68 94 152 230 373 539
248 6 7 16 17 59 268 272 273 294 343 344 354 478 493 541
249 54 59 80 95 153 167 195 197 198 234 286 299 307 321 326 418 482 497 546 654 727 738
250 4 5 8 9 10 11 12 18 20 24 30 31 40 47 61 69 114 137 203 214
251 6 7 59 63 86 101 108 136 206 332 507 599
252 59 853
253 0 11 34 57 147 148 255 317
254 49 50 56 90 140 161 164 165 414 488
255 0 1 4 10 11 19 21 31 32 33 34 57 61 72 73 74 75 122 148 157 207 253 319
256 257
257 256
258 213 750 795
259 41 98
260 92 168 185 195 202 406 487 629
261 219 357
262 0 1 2 9 10 11 12 19 21 22 43 49 50 70 73 74 79 90 122 123 130 147 161 263 319
263 1 9 11 19 21 22 58 62 69 70 73 79 122 130 147 203 262 291
264 3 4 5 11 20 27 44 53 62 129 186 214 353 368 377 392
265 59 101 106 108 126 128 136 150 151 245 268 294 295 297 298 325 332 346 354 374 466 736 801
266 51 52 61 72 148 190 411 666 779 812 881
267 41 98 958
268 59 67 68 136 150 153 168 211 248 265 269 286 294 295 298 325 326 332 343 354 374 391 416 462 478 651
269 67 150 189 268 275 294 295 297 326 343 354 373 391 400 401
270 41 98 120 145 201 312 316 447
271 111 112 127 150 156 168 219 286 297 298 325 481 626 777
272 6 7 16 17 36 59 63 86 87 108 184 248 273 354 382 541
273 6 7 16 17 86 87 248 272 296 434 469 715
274 7 86 87
275 59 67 68 108 126 127 136 150 151 180 184 185 189 211 269 285 286 289 294 297 298 300 346 354 374 451 541 603
276 59 84 152 503
277 0 1 4 9 10 11 15 18 19 20 21 23 31 32 33 49 50 56 58 90 129 130 147 148 157 207
278 279
279 85 278
280 41 98 113 120 281
281 280 283 310 420 510 620 650 663 692 774 780 839 904 930 954
282 0 11 33 72 173 208 318 411 441 764
283 41 97 98 102 125 177 201 222 281 311 313 510 557 763 786 926 947
284 101 285 412 415 641 667 966
285 59 80 101 126 136 158 275 284 286 297 300 374 389 415 507 509 517 546 710
286 59 67 68 95 96 101 111 126 127 136 150 152 153 156 168 184 185 189 198 202 206 211 234 249 268 271 275 285 289 294 295 297 298 299 300 302 306 307 315 325 326 332 349 354 374 397 404 439 451 462 470 482 507 509 541 570 577 584 638 648 651
287 288
288 287
289 150 152 189 211 220 275 286 290 302 322 323 343 346 379 397 399 427 433 558 571 704 753 833 864 870 878 896
290 59 289
291 1 9 10 11 19 20 21 22 23 38 44 49 56 58 70 73 90 129 130 147 263
292 41 98
293 1 2 3 4 5 8 10 11 19 20 27 30 38 44 48 57 58 62 147 209 413
294 59 67 68 108 126 127 136 150 153 168 184 185 189 200 202 225 230 248 265 268 269 275 286 295 297 325 326 349 354 359 372 391 436 451 462 469 470 478 487 541 547 603 605 657 726 734 743 874
295 59 136 158 265 268 269 286 294 297 325 326 332 354 374 416 451 507 509 715 972
296 6 7 16 17 273 434
297 59 126 136 265 269 271 275 285 286 294 295 325 332 343 346 354 451 466 509 801 847
298 59 67 68 94 111 126 127 136 150 151 152 153 156 168 189 211 219 220 225 226 265 268 271 275 286 301 331 349 404 409 439 466 470 484 500 570 605 626 651 672 693 709 736 743 808 830 852
299 54 55 59 168 185 195 198 202 234 249 286 349 406 513 614 649 651 778 821
300 59 63 68 80 101 126 136 180 245 275 285 286 315 415 478 482 509 517 546 570 674 679 819
301 92 112 150 151 168 220 298 302 379 397 404 426 427 465
302 59 91 92 111 112 150 219 220 234 286 289 301 394 397 404 426 439 465 482 483 500 582 633 679
303 25 26 59 78 174 175 194 196 197
304 1 2 3 4 5 8 9 10 11 12 15 18 19 20 21 23 24 27 30 33 38 40 44 47 48 49 50 53 56 57 58 69 90 93 114 115 137 140 173 203 214 369
305 25 54 59 206 394 497 582 878
306 59 153 184 185 229 238 286 331 379 541 723
307 59 78 80 84 85 101 152 153 198 206 229 249 286 370 433 517 638 707 717
308 28 29 205
309 120 310 361 544 664
310 103 120 124 125 281 309 313 664 757
311 41 283 345 510
312 41 98 145 222 270 316 447 527 564
313 103 124 125 155 177 201 283 310 314 320 361 396 520 781 906
314 125 313 320 396 520 544 671 887
315 59 68 80 95 96 101 136 153 185 195 196 198 202 211 235 286 300 338 341 351 418 439 455 478 486 517 541 555 570 577 613 614 742
316 145 146 176 177 201 222 270 312 383 443 448 502 561 575 642
317 148 253 318 407 440
318 122 282 317 440
319 0 1 11 15 19 21 22 33 43 49 50 74 90 122 123 140 148 157 255 262 350 380 471
320 41 97 98 103 120 125 144 145 146 154 155 201 313 314 360 443 538 888 912
321 59 167 197 198 221 249 370 513 546 638 707 983
322 219 220 289 323 395 397
323 128 150 156 168 189 202 219 220 225 289 322 379 395 397 398 462 477 515 541 603 736
324 54 55 195 196 359 942
325 54 59 67 68 126 127 136 152 153 158 168 185 196 202 229 245 265 268 271 286 294 295 297 326 332 349 354 366 391 416 451 460 462 481 507 509 584 617 651 672 734 735 736 854
326 54 95 96 126 127 136 185 196 198 249 268 269 286 294 295 325 354 378 418 460 462 481 584 713 928
327 41 98 508
328 41 98 102 177
329 115 868
330 41 59 98 444
331 59 67 104 152 153 168 184 229 298 306 346 379 603
332 59 80 101 106 108 126 136 168 206 245 251 265 268 286 295 297 325 349 354 391 409 416 451 487 736 801
333 154 334
334 154 333 506
335 336
336 335 444
337 76 77 182 540
338 95 150 198 219 315 339 348 351 422 486 555 570 578 599 952
339 156 219 338 348 351 393 428 592 672 808 864
340 341 518 555 652 799
341 181 185 198 315 340 404 418 422 485 519 530 598 605 652 955
342 219
343 6 59 248 268 269 289 297 344 354
344 248 343 354 478 736 852
345 41 98 311 365 755
346 59 94 108 126 128 150 152 168 189 265 275 289 297 331
347 41 98 850 873
348 89 219 338 339 351 354 428 451 486 555 578 592 613 672 733 749 797 884
349 59 68 92 126 127 136 150 158 168 180 181 185 198 200 202 225 286 294 298 299 325 332 404 409 422 439 445 462 470 547 605 651 722 742
350 157 244 319
351 95 96 136 197 198 315 338 339 348 485 486 496 555 558 570 654
352 11 13 14
353 3 11 15 140 264 931
354 6 16 17 54 55 59 80 95 96 106 108 126 150 151 152 153 196 199 211 242 245 248 265 268 269 272 275 286 294 295 297 325 326 332 343 344 348 373 391 399 428 451 541 648 649 674 736
355 356
356 355
357 219 261 720
358 180 359 391 487 751
359 54 55 108 294 324 358 469 514
360 41 98 103 120 124 145 146 170 239 320 443 888 912
361 97 98 125 155 309 313
362 363 635
363 362 828
364 215 216
365 41 97 98 102 120 125 154 155 239 345
366 153 168 229 238 245 325 379 700 969
367 84 85 131 132 231 872
368 11 13 14 15 53 93 140 141 186 187 232 264 424 585 818
369 4 8 9 10 11 12 18 19 20 21 22 23 24 44 47 48 69 70 203 214 304
370 59 63 101 106 198 206 307 321 546 674 707 913
371 25 26 59 84 95 96 152 153 196 211 373 435 460 522 717 798
372 94 152 230 294 373
373 59 94 152 153 188 211 242 247 269 354 371 372 399 623 630
374 59 96 136 150 158 200 211 245 265 268 275 285 286 295 378 517 528
375 41 98
376 139 141 232
377 2 3 4 5 20 27 44 50 58 62 129 157 204 264 442
378 88 126 127 158 159 326 374
379 152 153 168 184 202 228 229 238 289 301 306 323 331 366 382 397 541 603 669
380 319 381
381 380 899
382 59 151 153 168 184 202 206 229 238 272 379 425 427 541 733
383 113 145 146 176 177 201 222 316 410
384 385
385 384
386 100
387 59 80 95 101 151 198 219 225 427 456 513 541 599 638
388 219
389 59 80 285 390 571 639 641 703
390 59 80 101 151 213 389 641 886
391 54 108 152 168 185 229 231 268 269 294 325 332 354 358 401 451 478 487 541 745 747 854
392 0 1 4 5 8 9 10 11 18 19 20 21 22 23 24 37 40 43 44 47 53 56 62 70 107 157 209 217 264 900
393 156 219 339 623
394 92 219 302 305 397 398 535 582 619 797
395 219 220 322 323 656
396 313 314 506
397 25 59 78 91 92 96 111 112 156 196 220 229 286 289 301 302 322 323 379 394 404 439 477 570 582 603
398 91 92 168 202 323 394 537 603
399 59 152 211 289 354 373
400 269 401 743
401 269 391 400 743
402 95 168 219 515
403 404
404 92 111 168 181 198 202 286 298 301 302 341 349 397 403 422 439 470 485 500 605
405 185 242 943
406 59 260 299
407 34 123 244 317 471
408 409
409 136 219 220 298 332 349 408 462
410 41 42 98 120 176 177 222 383
411 51 114 266 282 441 446 511 748
412 59 106 284
413 2 3 19 50 57 58 129 130 147 161 293 414 442
414 3 130 161 254 413
415 59 80 101 284 285 300 466 667 674 710 964
416 268 295 325 332
417 218 420
418 80 95 96 101 195 196 197 198 234 235 249 315 326 341 528 529 530 864
419 41
420 41 218 281 417 421
421 41 84 131 420 696
422 92 136 150 168 202 219 225 227 338 341 349 404 432 439 462 470 499 605 626 629 660
423 41 98 573
424 11 13 14 15 39 187 232 368 549
425 59 382 548
426 219 220 301 302 439 465 619
427 59 80 289 301 382 387 456 541
428 150 151 156 339 348 354 736
429 179 226 227 430 869 920
430 179 429 550 670
431 220 432 628
432 111 156 220 226 227 422 431
433 59 84 85 152 211 231 289 307
434 6 7 16 17 191 273 296
435 59 84 85 95 96 235 371 522 552 584
436 59 67 150 189 294
437 11 34 190 214 688 787
438 59 80 206 457 494
439 59 68 91 92 111 126 150 185 202 220 286 298 302 315 349 397 404 422 426 478 605 722 797
440 2 32 33 49 50 122 148 317 318 471
441 0 4 11 12 33 51 52 114 173 208 282 411 730 925
442 2 3 11 19 44 129 130 186 377 413
443 41 98 103 120 124 125 144 145 146 177 201 222 316 320 360 538 653 781 888 958
444 59 99 100 330 336 543 634
445 127 136 158 180 349 922
446 8 27 38 61 114 173 411
447 41 98 120 270 312 474
448 145 316 502
449 450
450 449
451 54 108 136 196 275 286 294 295 297 325 332 348 354 391 462 487 541 613 736
452 8 9 10 23 27 38 71
453 41 98
454 0 9 11 21 22 71 73 90 107 122 157 207 604 897
455 59 80 95 315 498
456 387 427 537
457 59 438 667 679
458 41 98
459 59
460 131 152 153 325 326 371 539 605 732 933
461 77 135 182 183
462 54 111 126 136 185 198 202 268 286 294 323 325 326 349 409 422 451 478 499 530 535 617 651
463 41 218 650
464 1 10 11 12 15 19 32 48 49 56 645
465 59 220 301 302 426 597
466 59 67 68 80 151 265 297 298 415 484 905
467 468 504
468 467
469 16 17 108 273 294 359
470 59 67 91 168 185 189 202 229 286 294 298 349 404 422 547 605 700 743 874
471 0 1 49 319 407 440
472 111 473 701
473 472 701
474 41 447 838
475 476
476 475
477 219 323 397 669
478 59 63 68 185 245 248 268 294 300 315 344 391 439 462 617 722
479 480
480 29 479
481 88 126 127 136 159 271 325 326 605 631 777
482 59 101 198 249 286 300 302 546 570 638 819
483 216 302 577 631 934
484 94 111 150 152 189 219 298 466
485 67 153 341 351 404 562 660 874
486 315 338 348 351 599 647 877 884
487 108 168 185 260 294 332 358 391 451
488 164 165 254
489 490
490 239 489
491 492 757
492 491 757
493 6 248 541 731
494 59 438
495 59
496 88 89 136 226 351 801 852
497 59 197 198 249 305 699
498 59 455
499 181 422 462
500 91 92 112 234 298 302 404 582 605 619 626
501 156 219 512 791
502 145 146 201 316 448 561
503 41 42 59 98 152 211 276 760
504 175 194 467
505 243 622 659
506 334 396
507 126 136 158 251 285 286 295 325 509 584 617 742 970
508 41 98 327 794
509 59 68 126 285 286 295 297 300 325 507 517 584 702
510 281 283 311
511 33 114 115 411
512 219 501 791
513 59 78 174 196 198 235 299 321 387 541 546 629 638 669
514 54 55 359 515 649 715 959
515 168 202 219 323 402 514 616 619 796
516 198 517
517 59 101 136 158 198 285 300 307 315 374 509 516 528 655 742 922
518 340 519 652 720 903
519 341 518 776 903
520 98 313 314 544
521 103 124 201 223 224 739 887
522 84 242 371 435
523 41
524 59 750
525 526 752 927
526 52 525 536
527 41 312 929
528 59 126 136 168 195 198 234 374 418 517 629
529 197 198 418 530
530 196 197 198 341 418 462 529 535 711
531 532 965
532 531 965
533 59 534
534 59 149 533
535 202 394 462 530 582 619 796 857
536 526
537 168 398 456
538 103 125 144 320 443
539 84 131 132 152 247 460 683
540 76 77 182 183 337
541 59 80 108 168 184 198 202 228 238 248 272 275 286 294 306 315 323 354 379 382 387 391 427 451 493 513 613 669
542 59 84 543
543 84 99 100 132 444 542 938
544 41 98 309 314 520
545 59 198
546 59 63 101 197 198 206 249 285 300 321 370 482 513 723
547 128 168 189 202 294 349 470 689
548 59 425
549 11 15 49 424
550 178 179 430 769
551 84 552 724 825
552 84 185 194 435 551 724
553 59 60 149 236
554 200
555 198 315 338 340 348 351 570
556 6 7 59 199
557 41 124 146 177 201 283
558 59 80 95 198 235 289 351 571
559 560
560 59 189 559
561 145 146 201 316 502
562 59 150 485 592 865
563 41 98 124 223
564 41 312 838
565 139
566 567
567 566
568 569
569 568
570 59 95 96 150 195 198 211 219 234 245 286 298 300 315 338 351 397 482 555 599 638 651 656
571 59 289 389 558
572 41 98 573
573 102 423 572 581 594 658 842 851
574 26 175 219
575 41 145 316
576 162 163
577 95 126 216 286 315 483 790
578 59 219 338 348 760
579 96 175
580 41 98
581 573
582 59 302 305 394 397 500 535 916
583 127
584 59 126 136 286 325 326 435 507 509
585 368
586 11
587 588
588 587
589 98 125
590 226 591 657 860
591 590 701
592 150 226 339 348 562 593 672 883
593 592
594 573
595 219 234
596 41 98
597 465
598 181 227 341 766
599 59 251 338 387 486 570
600 601
601 600
602 59 96 221 235
603 68 126 168 184 185 189 202 220 275 294 323 331 379 397 398
604 454
605 91 92 111 112 127 150 168 181 185 202 294 298 341 349 404 422 439 460 470 481 500 626 705 722 790
606 41 98
607 219
608 59 609
609 78 608
610 611
611 610
612 59
613 195 315 348 451 541 614 802
614 195 299 315 613 844
615 98
616 515
617 59 63 101 126 136 180 185 202 245 325 462 478 507 631 734 742
618 3 107 129 130
619 92 202 394 426 500 515 535 796 882
620 41 281 696
621 219
622 243 505
623 59 94 152 153 156 211 373 393 725
624 625
625 624 980
626 89 92 127 150 168 200 225 271 298 422 500 605 632
627 226 628 709
628 431 627
629 92 168 185 260 422 513 528
630 59 84 152 373
631 136 180 481 483 617 742
632 89 626
633 302
634 59 100 444
635 362
636 637
637 636
638 25 26 59 78 195 286 307 321 387 482 513 570 981
639 41 389 924
640 41 98
641 284 389 390 668 966
642 176 222 316
643 41 98
644 52 115
645 1 10 11 12 49 50 71 90 464
646 647 893
647 486 646
648 286 354 674 710 723
649 54 55 195 299 354 514 819 891
650 41 160 281 463
651 59 68 136 152 198 268 286 298 299 325 349 462 570
652 219 340 341 518 720 799 831
653 41 103 120 124 145 146 177 201 223 224 443
654 96 195 197 249 351
655 158 517 766
656 59 395 570
657 294 590
658 98 573 811
659 243 505
660 150 227 422 485
661 662 982
662 661
663 281
664 309 310
665 11
666 190 266
667 101 106 284 415 457 674 789
668 641
669 219 379 477 513 541
670 430
671 97 314
672 156 168 225 226 298 325 339 348 592 673 852
673 672
674 59 101 106 206 300 354 370 415 648 667 679 723 819
675 676
676 41 675
677 678
678 677 915
679 59 101 151 206 300 302 457 674
680 160 218
681 682
682 59 681
683 84 152 539
684 685
685 684
686 687
687 686
688 11 437
689 547 715
690 219 879 948
691 133 175
692 41 281
693 206 298 800
694 59
695 219
696 41 177 421 620
697 698
698 697
699 59 497
700 366 470
701 472 473 591 806 946
702 59 509
703 389 704 979
704 289 703
705 92 112 605 706
706 705
707 59 206 235 307 321 370 855
708 219 978
709 89 150 226 227 298 627
710 59 80 198 285 415 648
711 219 530 712 796 903
712 711
713 112 326
714 715
715 273 295 514 689 714 935
716 717
717 59 307 371 716
718 719 885
719 718
720 357 518 652
721 59
722 59 91 92 189 349 439 478 605
723 59 306 546 648 674
724 59 236 551 552 761
725 59 623
726 68 185 294 928
727 249 728
728 727
729 41 98
730 4 5 8 33 51 52 214 441 779
731 7 59 493
732 59 153 460
733 59 151 348 382
734 294 325 617 898
735 325 736 797
736 136 150 245 265 298 323 325 332 344 354 428 451 735 749 808
737 219
738 249
739 177 521
740 741
741 740 976
742 180 198 202 315 349 507 517 617 631
743 294 298 400 401 470 821
744 238
745 391 876
746 178 226
747 391
748 411
749 136 219 348 736
750 59 66 258 524
751 358
752 525 849
753 289 754
754 753
755 41 345 904
756 41 98
757 310 491 492
758 222
759 98
760 59 503 578
761 724
762 64 65
763 283
764 11 122 208 282 765
765 764 832
766 88 127 180 598 655
767 219 768
768 219 767
769 550
770 171 172
771 98
772 773
773 772
774 281
775 41
776 519
777 271 481
778 54 59 185 299
779 33 266 730 925 927
780 281
781 125 313 443
782 783
783 782
784 785
785 784
786 98 124 177 223 283
787 34 190 437
788 789
789 59 667 788
790 127 200 577 605
791 219 501 512
792 219
793 71 217
794 508
795 258
796 515 535 619 711
797 348 394 439 735
798 95 96 371
799 340 652
800 152 693
801 136 265 297 332 496
802 613
803 59
804 805
805 804
806 701 807
807 806
808 219 226 298 339 736 852 960
809 810
810 809 859
811 658
812 266
813 814
814 813
815 816
816 815
817 219
818 368
819 198 300 482 649 674
820 143 851
821 54 299 743
822 231
823 824
824 823
825 231 551
826 162
827 201
828 363 829
829 828
830 67 219 298 997
831 652
832 765
833 59 289
834 835
835 834
836 837
837 836
838 41 474 564
839 281
840 841
841 840
842 41 573
843 116
844 614 845
845 844
846 11
847 126 158 159 297
848 41
849 752
850 347 873
851 573 820 961
852 226 298 344 496 672 808
853 59 252
854 54 185 325 391 898
855 707 963
856 59
857 202 535
858 11 186
859 810
860 590
861 98
862 863
863 862
864 89 289 339 418
865 562
866 867
867 866
868 329
869 429
870 289
871 59
872 367
873 347 850 895
874 294 470 485 973
875 224
876 745
877 486
878 219 289 305
879 690
880 232
881 266 949
882 619
883 592
884 219 348 486
885 718
886 390
887 314 521
888 120 124 125 146 320 360 443 912
889 890
890 889
891 59 649
892 893
893 646 892
894 895
895 873 894
896 289
897 454 932
898 734 854
899 381
900 392
901 52 53
902 67
903 219 518 519 711
904 281 755
905 466
906 313
907 908 936
908 907
909 910
910 909
911 166
912 320 360 888
913 206 370 974
914 41
915 678
916 582
917 211
918 219
919 226 920
920 226 429 919
921 11
922 445 517
923 924
924 639 923
925 441 779
926 283
927 525 779
928 326 726
929 527
930 281
931 11 353
932 897
933 460
934 483
935 715
936 907
937 41 958
938 99 543
939 41
940 52 941
941 940
942 324
943 185 237 405
944 945
945 944
946 701
947 283
948 690
949 881
950 219
951 108
952 96 338
953 98
954 281
955 341
956 957
957 956
958 176 267 443 937
959 514
960 226 808
961 851
962 219
963 855
964 415
965 531 532
966 284 641 975
967 219
968 109 233
969 366
970 126 507
971 41
972 295
973 874
974 913
975 966
976 741
977 98
978 708
979 127 200 703
980 625
981 638
982 661
983 321
984 985
985 984
986 987
987 986
988 989
989 988
990 54
991 992
992 991
993 994
994 993
995 996
996 995
997 830
