1588 2740
0 945 1083
1 2 3 4 5
2 1 3 4 5
3 1 2 4 5
4 1 2 3 5
5 1 2 3 4
6 7 8 9 10
7 6
8 6 9 10 1423 1424 1531
9 6 8 10
10 6 8 9
11 12 13 14 1046 1047 1048 1049
12 11 13 14
13 11 12 14
14 11 12 13
15 16 17
16 15 17
17 15 16
18
19 20 21
20 19 21
21 19 20
22 23 24
23 22 24 200 201 368
24 22 23 200 201 368
25
26 27 28
27 26 28
28 26 27
29 30 31 32 33 53 130 326 401 839 893
30 29 31
31 29 30
32 29 33 50 51 52 53 130 131 132 133 189 374 375 376 463 484 487 488 506 507 508 560 561 838 839 1007 1189 1190 1227 1228 1294 1528 1549 1550
33 29 32 52 53 130 131 132 133 560 561 651 653 654 656 755 759 760 761 762 838 839 864 1129 1189 1190 1549 1550
34 35 36 37 38 39
35 34 36 37 38 39
36 34 35 37 38 39
37 34 35 36 38 39
38 34 35 36 37 39
39 34 35 36 37 38
40
41 42
42 41
43 44 45
44 43 45 608 609 610 611
45 43 44 77 190 191 192 193 427 595 1360 1361 1362
46 47 48 49
47 46 48 49 215 216 217
48 46 47 49
49 46 47 48
50 32 51 52 53 54 55 56 57 1007
51 32 50 52 53
52 32 33 50 51 53 131 132 133 560 561 1023 1024 1314 1467 1468 1469
53 29 32 33 50 51 52 131 132 133 487 488 560 561 838 839 1189 1190 1227 1228 1528 1549
54 50 55 89 183 546 653 892 933 1460
55 50 54 183 546 653 892 933 1460
56 50 57 684
57 50 56
58 59 60
59 58 60
60 58 59
61 62 63 64 361 804 805 806 807 1015 1069 1070 1071 1072 1561 1562 1563 1564 1565 1566
62 61 63 64 1561 1562 1563 1564 1565 1566
63 61 62 64 794 795 796 797
64 61 62 63
65 66 67
66 65 67
67 65 66
68 69 70 71 96 309 708 709 756 757 976 1081 1082
69 68 70 71
70 68 69 71 148 149 150 156 157 708 735 736
71 68 69 70 234 442 708 737 756 757 976
72 73 74 75
73 72 74 75
74 72 73 75
75 72 73 74 521 1380 1587
76 77 78 79
77 45 76 78 79 120 280 304 305 306 307 308 369 370 489 640 645 755 758 852 1004 1120 1121 1122 1171 1194 1195 1196
78 76 77 79
79 76 77 78
80 81 82
81 80 82 562 1497
82 80 81
83 84 85
84 83 85
85 83 84
86 87 710
87 86 710 975 990
88
89 54
90 91 92
91 90 92
92 90 91
93 94 95 96 97 98 99 149 224 707
94 93 95 96 97
95 93 94 96 97 98 99 149 224 699 700 701 707 1176 1480 1481
96 68 93 94 95 97 98 99 309 707 708 709
97 93 94 95 96
98 93 95 96 99 707
99 93 95 96 98
100
101 102 103
102 101 103
103 101 102
104 105 106
105 104 106 858
106 104 105
107 108
108 107
109
110 111
111 110
112 113
113 112 1161 1162
114
115 116
116 115 934 935 936 937
117 118 438 440
118 117
119 120
120 77 119 547 548 549 763 764 1029 1254
121 122 123
122 121 123
123 121 122
124
125 126 127 769 770 771 772
126 125 127 150 516 769 770 771 772 1020 1021 1022 1459
127 125 126 1020 1021 1022
128 129
129 128
130 29 32 33 202
131 32 33 52 53 132 133 560 561 1227 1228
132 32 33 52 53 131 133 560 561
133 32 33 52 53 131 132 560 561
134 135
135 134 215 222 584 585 586 728
136 137
137 136
138 139 140 141 142 143 144 145 146 147
139 138 140 141 142 143 144 145 146 147
140 138 139 141 142 143 144 145 146 147
141 138 139 140 142 143 144 145 146 147
142 138 139 140 141 143 144 145 146 147
143 138 139 140 141 142 144 145 146 147
144 138 139 140 141 142 143 145 146 147
145 138 139 140 141 142 143 144 146 147
146 138 139 140 141 142 143 144 145 147
147 138 139 140 141 142 143 144 145 146
148 70 149 150 151
149 70 93 95 148 150 224 280 300 499 515 516 1176 1177 1220 1341
150 70 126 148 149 224 300 329 330 515 516 962 963 1087 1459
151 148 516
152 153 154 155
153 152 154 155
154 152 153 155
155 152 153 154
156 70 157
157 70 156
158
159 160
160 159
161 162 300 315 637 638
162 161
163 164
164 163
165 166 405
166 165
167
168 169 170
169 168 170
170 168 169 917
171 172 173
172 171 173
173 171 172
174 175 176
175 174 176
176 174 175 925
177
178 179 180
179 178 180
180 178 179
181 182
182 181
183 54 55 184 185
184 183 185
185 183 184 1161 1412 1413 1414
186 187 188
187 186 188
188 186 187 566 649 650
189 32 506 507 508
190 45 191 192 193
191 45 190 192
192 45 190 191
193 45 190 954 955 1134 1135 1136 1137 1383 1384
194 195 196 197 198
195 194 196 197 198
196 194 195 197 198
197 194 195 196 198
198 194 195 196 197
199 200 201
200 23 24 199 201
201 23 24 199 200
202 130 300 301 302 315 316
203
204 205
205 204
206 207 208 1476 1477
207 206 208
208 206 207
209 210 211
210 209 211
211 209 210
212 213 214
213 212 214
214 212 213
215 47 135 216 217 218 219 220 221 222 223 250 251 344 345 346 515 787 1040 1451
216 47 215 217 250 251
217 47 215 216 218 219 223 250 251 1040
218 215 217 219 220 221 223 342 472 696 1144 1281 1282 1393 1394 1395 1396 1559 1560
219 215 217 218 220 221 223
220 215 218 219 221 342 1144
221 215 218 219 220 472
222 135 215
223 215 217 218 219 1040
224 93 95 149 150 515 516
225 226
226 225 1073
227 228 229 230
228 227 229 230
229 227 228 230
230 227 228 229
231
232 233 234
233 232 234
234 71 232 233
235
236 237
237 236
238 239 240 1499 1500 1501 1502
239 238
240 238
241 242
242 241 926 1517 1518 1519
243 244 245 246 434 512 1229
244 243 434 512
245 243
246 243 414 1123 1124
247 248 249
248 247 249
249 247 248
250 215 216 217 251
251 215 216 217 250 344 345 346
252
253 254 255 999
254 253 255 999
255 253 254
256
257 258 1165 1166
258 257 1165 1166
259 260
260 259
261 262 263 264 265 266 267 268
262 261 263 264 265 266 267 268 943 944
263 261 262 264 265 266 267 268
264 261 262 263 265 266 267 268 306 907 943 944
265 261 262 263 264 266 267 268 306 907 943 944
266 261 262 263 264 265 267 268
267 261 262 263 264 265 266 268 306 907 943 944
268 261 262 263 264 265 266 267
269 270
270 269
271
272 273 274
273 272 274
274 272 273 605 606 607
275 276 277
276 275 277 400 401 402 403 404 594
277 275 276 400 401 402 403 404 594
278 279 280 281 282 283 284
279 278 280 281 282 283 284
280 77 149 278 279 281 282 283 284 573 574 575 1080 1177 1341 1342 1343 1450
281 278 279 280 282 283 284 449
282 278 279 280 281 283 284 573 1450
283 278 279 280 281 282 284
284 278 279 280 281 282 283
285 286 287 288
286 285 287
287 285 286 288
288 285 287
289 290 291
290 289 291
291 289 290
292 293 741 742 743 930 931 1277 1367 1368
293 292 741 742 743 745 859 930 931 1027 1028 1277 1367 1368 1463 1464 1465 1466 1552 1553 1554
294
295 296 297 298 299
296 295
297 295 298 299
298 295 297 299
299 295 297 298 972 1496
300 149 150 161 202 301 302 303 315 316 462 637 638
301 202 300 302 303 1181
302 202 300 301 498 1025 1415 1416
303 300 301
304 77 305 306 307 308
305 77 304 306 307
306 77 264 265 267 304 305 307 589 907
307 77 304 305 306 308 1038 1039 1548
308 77 304 307 370 489 490 492
309 68 96
310 311
311 310
312 313 314
313 312 314 1397
314 312 313
315 161 202 300 316 637 638
316 202 300 315
317 318
318 317 420
319 320 321 322 323 324 1269
320 319 321 322 1269
321 319 320 322
322 319 320 321 323 324
323 319 322 324
324 319 322 323
325 326 327 328
326 29 325 327 328 401 415 416 595 893 1188 1403 1404 1405 1406 1407
327 325 326 328 401 415 1188
328 325 326 327 546 1388
329 150 330 1213 1214 1215 1216
330 150 329
331 332 333 334
332 331 333 334
333 331 332 334
334 331 332 333
335 336
336 335 630 1569 1570 1571 1572
337 338 339 340
338 337 339 340
339 337 338 340
340 337 338 339
341 342 343 691
342 218 220 341 343 696 1144 1393 1394 1395 1396
343 341 342
344 215 251 345 346
345 215 251 344 346 515 787
346 215 251 344 345
347 348 349 350 351 352
348 347 349 350 351 352
349 347 348 350 351 352 685
350 347 348 349 351 352
351 347 348 349 350 352
352 347 348 349 350 351
353 354 355
354 353 355
355 353 354
356 357 358 359 360
357 356 358 359 360
358 356 357
359 356 357 360
360 356 357 359
361 61 362 363 364 804 805 806 1070 1348 1349 1350 1351
362 361
363 361 364
364 361 363
365 366 367
366 365 367
367 365 366
368 23 24
369 77 370
370 77 308 369 758 865 866
371 372 373
372 371 373
373 371 372
374 32 375 376 377 1262 1294
375 32 374 376 377 1262 1294
376 32 374 375 377 1262 1294 1346 1347
377 374 375 376
378 379 380
379 378 380
380 378 379
381 382 383
382 381 383
383 381 382
384 385 386 387 388 389 390 391
385 384 386 387 388 389 390 391
386 384 385 387 388 389 390 391
387 384 385 386 388 389 390 391
388 384 385 386 387 389 390 391
389 384 385 386 387 388 390 391
390 384 385 386 387 388 389 391
391 384 385 386 387 388 389 390
392 393 394 395
393 392 394 395
394 392 393 395
395 392 393 394
396 397 398 399
397 396 398 399
398 396 397 399
399 396 397 398
400 276 277 401 402 403 404
401 29 276 277 326 327 400 402 403 404 415 416 893
402 276 277 400 401 403 404 594
403 276 277 400 401 402 404
404 276 277 400 401 402 403
405 165
406
407 408 409 410 411 412
408 407 409 410 411
409 407 408 410 411 412
410 407 408 409 411
411 407 408 409 410 412
412 407 409 411
413 414
414 246 413 921 1123 1124 1232 1233
415 326 327 401 595 1403 1404 1405 1406 1407
416 326 401
417 418
418 417
419
420 318
421 422 423
422 421 423
423 421 422
424 425 426
425 424 426
426 424 425
427 45 428 1360 1361
428 427
429 430 431
430 429
431 429
432 433
433 432
434 243 244
435 436 437
436 435 437
437 435 436
438 117 439 440
439 438
440 117 438
441 442
442 71 441 674 675 737 738
443 444
444 443 698
445 446 447 448
446 445 447 448
447 445 446 448
448 445 446 447
449 281
450
451 452 453 454 455 456 457 458
452 451 453 454 455 456 457 458
453 451 452 454 455 456 457 458
454 451 452 453 455 456 457 458
455 451 452 453 454 456 457 458
456 451 452 453 454 455 457 458
457 451 452 453 454 455 456 458
458 451 452 453 454 455 456 457
459 460 461 462
460 459 461 462
461 459 460 462
462 300 459 460 461 637
463 32 464 465
464 463 465
465 463 464
466 467 468 469 470
467 466 468 469 470
468 466 467 469 470
469 466 467 468 470
470 466 467 468 469
471 472 473 983 1090
472 218 221 471 473 983 984 1090 1091
473 471 472
474 475 476 477
475 474
476 474 477
477 474 476 939
478 479 480 481
479 478 480 481
480 478 479 481 1234 1235 1249 1250
481 478 479 480 1045 1243 1244 1245 1246 1454
482 483
483 482
484 32
485 486
486 485
487 32 53 488
488 32 53 487
489 77 308 490 491 492
490 308 489
491 489
492 308 489
493 494 495
494 493 495
495 493 494 779 780 1408 1409
496 497
497 496
498 302
499 149 500 501 502 1220
500 499 501
501 499 500 502
502 499 501
503
504 505
505 504
506 32 189 507 508
507 32 189 506 508
508 32 189 506 507
509
510 511
511 510
512 243 244
513 514 515 516
514 513 515 516 673
515 149 150 215 224 345 513 514 516 673 787 1085 1086 1087 1088
516 126 149 150 151 224 513 514 515 962 963 1340 1459
517 518
518 517
519 520
520 519
521 75 522 523 524 525 526 1380 1587
522 521 523 524 525 741 745 1355
523 521 522 524 525 1321
524 521 522 523 525
525 521 522 523 524
526 521
527 528
528 527
529 530 531 532 1532 1533 1534
530 529 531 532 1532 1533 1534
531 529 530 532 1532 1533 1534
532 529 530 531
533 534
534 533
535
536 537 538 539 540 541 688 689
537 536 538
538 536 537 688 689
539 536 540 541
540 536 539 541
541 536 539 540
542
543 544
544 543
545 546
546 54 55 328 545 1238 1388
547 120 548 549
548 120 547 549
549 120 547 548 1029
550
551 552 553
552 551 553
553 551 552
554
555 556 557
556 555 557
557 555 556
558 559
559 558
560 32 33 52 53 131 132 133 561
561 32 33 52 53 131 132 133 560
562 81 563 564 565
563 562 564 565
564 562 563 565
565 562 563 564
566 188 649 650
567 568
568 567
569 570
570 569
571 572
572 571
573 280 282 574 575
574 280 573
575 280 573
576 577
577 576
578
579 580 581
580 579 581
581 579 580
582 583
583 582
584 135 585 586
585 135 584 586
586 135 584 585 728
587
588 589 590 591 1179 1180
589 306 588 590 591 1179 1180
590 588 589 591 1179 1180
591 588 589 590
592 593
593 592
594 276 277 402
595 45 326 415
596 597 788 789
597 596
598 599
599 598
600
601 602
602 601
603
604
605 274 606 607
606 274 605 607
607 274 605 606
608 44 609 610 611
609 44 608
610 44 608 611
611 44 608 610
612
613 614
614 613
615 616
616 615
617 618 619
618 617 619
619 617 618
620 621
621 620
622 623
623 622
624 625 626 627
625 624 626 627
626 624 625 627
627 624 625 626
628 629 630
629 628 630 1578
630 336 628 629 782 783 1569 1570 1571 1572 1573 1578
631 632
632 631
633
634 635 636
635 634 636
636 634 635
637 161 300 315 462 638 639
638 161 300 315 637
639 637
640 77
641 642 711 712
642 641
643
644 1428 1429 1430 1431 1432 1433 1434 1435 1436 1437 1438 1439 1440 1441 1442 1443 1444 1445 1446
645 77 852
646 647
647 646
648
649 188 566 650
650 188 566 649
651 33 652 653 654 655 656 892
652 651 653 654
653 33 54 55 651 652 654 655 656 773 862 863 864 892 1129
654 33 651 652 653 655 656 892
655 651 653 654
656 33 651 653 654 773 1129
657 658 659 660
658 657 659 660
659 657 658 660
660 657 658 659
661 662 663 664 665 676 791 792 793
662 661 663 664 665 676
663 661 662 664 665
664 661 662 663 665
665 661 662 663 664
666 667
667 666
668 669 670
669 668 720
670 668
671 672
672 671
673 514 515
674 442 675
675 442 674 1555 1556 1557
676 661 662
677 678 679
678 677 679
679 677 678
680 681 682 683
681 680 682 683
682 680 681 683
683 680 681 682
684 56
685 349
686
687
688 536 538 689
689 536 538 688
690
691 341
692 693 694 695 696 697
693 692 694 695 696 697
694 692 693 695 696 697 714 715 716 717
695 692 693 694 696 697
696 218 342 692 693 694 695 697 1144 1393 1394 1395 1396
697 692 693 694 695 696
698 444
699 95 700 701
700 95 699 701
701 95 699 700
702
703 704 705 706
704 703 705 706
705 703 704 706
706 703 704 705
707 93 95 96 98
708 68 70 71 96 709
709 68 96 708
710 86 87
711 641 712
712 641 711
713
714 694 715 716 717
715 694 714 716 717
716 694 714 715 717
717 694 714 715 716
718 719 751 752
719 718
720 669 1345 1453
721
722 723 724 725
723 722 724 725
724 722 723 725
725 722 723 724
726
727
728 135 586
729 730
730 729
731 732 733
732 731 733
733 731 732
734
735 70 736
736 70 735
737 71 442
738 442
739
740
741 292 293 522 742 743 744 745 930 931 1277 1355
742 292 293 741 743 930 931 1277
743 292 293 741 742 1277 1278 1279 1280
744 741
745 293 522 741 1027 1028 1355
746 747
747 746
748
749 750
750 749
751 718 752
752 718 751
753 754
754 753
755 33 77 756 757 758 759 760 761 762 763 764 774 891 1122
756 68 71 755 757 976
757 68 71 755 756 976
758 77 370 755
759 33 755
760 33 755 761 762 763 764 773 774 775 891
761 33 755 760 762
762 33 755 760 761
763 120 755 760 764 774 891 1254
764 120 755 760 763 774 891 1254
765 766 767 768
766 765 767 768
767 765 766 768
768 765 766 767
769 125 126 770 771 772
770 125 126 769 771 772
771 125 126 769 770 772
772 125 126 769 770 771
773 653 656 760 774 775 1129
774 755 760 763 764 773 775 891
775 760 773 774
776 777
777 776
778
779 495 780
780 495 779
781
782 630 783 1573
783 630 782
784 785 786
785 784 786
786 784 785
787 215 345 515
788 596 789
789 596 788
790
791 661 792 793
792 661 791 793
793 661 791 792
794 63 795 796 797
795 63 794 796 797
796 63 794 795 797
797 63 794 795 796
798 799 800 801 802 803
799 798 800 801 802 803
800 798 799 801 802 803
801 798 799 800 802 803
802 798 799 800 801 803
803 798 799 800 801 802
804 61 361 805 806 807 1069 1070 1071 1072
805 61 361 804 806 807 1015 1069 1070 1071 1072
806 61 361 804 805 807 1069 1070 1071 1072
807 61 804 805 806
808 809
809 808
810
811 812
812 811
813 814 815
814 813 815
815 813 814
816 817
817 816
818 819
819 818 1169
820 821 822 823
821 820 822 823
822 820 821 823
823 820 821 822
824 825 826 827 828 829 830 831 832 833
825 824 826 827 828 829 830 831 832 833
826 824 825 827 828 829 830 831 832 833
827 824 825 826 828 829 830 831 832 833
828 824 825 826 827 829 830 831 832 833
829 824 825 826 827 828 830 831 832 833
830 824 825 826 827 828 829 831 832 833
831 824 825 826 827 828 829 830 832 833
832 824 825 826 827 828 829 830 831 833
833 824 825 826 827 828 829 830 831 832
834 835 836
835 834 836
836 834 835
837
838 32 33 53
839 29 32 33 53 1189 1190
840 841 842
841 840 842
842 840 841 1272 1273 1274 1275 1535
843 844 845 846
844 843 845 846
845 843 844 846
846 843 844 845
847 848
848 847
849 850 851
850 849 851
851 849 850
852 77 645
853
854 855 856
855 854 856
856 854 855
857
858 105
859 293 860 861 1463 1464 1465 1466
860 859 861
861 859 860
862 653 863
863 653 862
864 33 653
865 370 866
866 370 865
867
868
869 870 871 872 873
870 869 871 872 873
871 869 870 872 873 1267
872 869 870 871 873
873 869 870 871 872
874
875
876 877 878 879 880
877 876 878 879 880
878 876 877 879 880
879 876 877 878 880
880 876 877 878 879
881 1338
882 883 884
883 882 884
884 882 883
885 886
886 885
887 888 889
888 887 889
889 887 888
890
891 755 760 763 764 774
892 54 55 651 653 654
893 29 326 401
894 895 896 897 898
895 894 896 897 898
896 894 895 897 898
897 894 895 896 898
898 894 895 896 897
899 900 901 1317
900 899 901
901 899 900
902 903 904
903 902 904
904 902 903
905 906
906 905
907 264 265 267 306
908 909 910
909 908 910
910 908 909
911 912 913 914 915 916
912 911 913 914 915 916 999 1200 1201 1202 1203 1204 1205 1206 1207
913 911 912 914 915 916 1200 1205 1206 1207
914 911 912 913 915 916 1200 1205 1206 1207
915 911 912 913 914 916 999 1200 1201 1202 1203 1204 1205 1206 1207 1255 1256
916 911 912 913 914 915
917 170
918
919 920
920 919
921 414
922 923 924
923 922 924
924 922 923
925 176
926 242 1517 1518 1519
927
928 929
929 928 1417
930 292 293 741 742 931 932 1174 1175 1355 1367 1368
931 292 293 741 742 930 1367 1368
932 930
933 54 55
934 116 935 936 937
935 116 934 936 937
936 116 934 935 937
937 116 934 935 936
938
939 477
940 941 942
941 940 942
942 940 941
943 262 264 265 267 944
944 262 264 265 267 943
945 0
946 947 1270 1271
947 946
948 949
949 948
950 951 952 953
951 950 952 953
952 950 951 953
953 950 951 952
954 193 955
955 193 954 1134 1135 1136 1137
956 957 958
957 956 958
958 956 957
959 960 961
960 959 961
961 959 960
962 150 516 963
963 150 516 962
964 965 966 967 968 969
965 964 966 967 968 969
966 964 965 967 968 969
967 964 965 966 968 969
968 964 965 966 967 969
969 964 965 966 967 968
970
971 972
972 299 971 988 1001 1002 1003
973 974 975
974 973 975
975 87 973 974 1128
976 68 71 756 757
977 978
978 977
979 980 981
980 979 981
981 979 980
982 983 984 985
983 471 472 982 984 985 1090 1091
984 472 982 983 1091
985 982 983
986 987
987 986
988 972
989
990 87
991 992
992 991
993 994 995 996 997
994 993 995 996 997
995 993 994 996 997
996 993 994 995 997
997 993 994 995 996
998 999
999 253 254 912 915 998 1200 1201 1202 1203 1204 1503 1513
1000
1001 972 1002 1003
1002 972 1001 1003
1003 972 1001 1002
1004 77
1005 1006
1006 1005
1007 32 50
1008 1009
1009 1008 1044
1010 1011
1011 1010
1012 1013
1013 1012
1014
1015 61 805 1070
1016 1017 1305 1306 1307 1308
1017 1016 1302 1303 1304 1305 1306 1307 1308
1018
1019
1020 126 127 1021 1022
1021 126 127 1020 1022
1022 126 127 1020 1021
1023 52 1024
1024 52 1023
1025 302 1026 1415 1416
1026 1025
1027 293 745 1028
1028 293 745 1027
1029 120 549
1030 1031
1031 1030
1032 1033
1033 1032
1034 1035 1036 1037
1035 1034
1036 1034 1037
1037 1034 1036
1038 307 1039
1039 307 1038
1040 215 217 223
1041 1042 1043
1042 1041 1043
1043 1041 1042
1044 1009
1045 481
1046 11 1047 1048 1049
1047 11 1046 1048 1049
1048 11 1046 1047 1049
1049 11 1046 1047 1048
1050
1051 1052
1052 1051
1053 1054 1055 1056 1057
1054 1053
1055 1053 1056 1057
1056 1053 1055 1057
1057 1053 1055 1056
1058
1059 1060 1061 1062 1063 1064 1065 1066 1067 1068 1411
1060 1059 1061 1062 1063 1064 1065 1066 1067 1068
1061 1059 1060 1062 1063 1064 1065 1066 1067 1068
1062 1059 1060 1061 1063 1064 1065 1066 1067 1068
1063 1059 1060 1061 1062 1064 1065 1066 1067 1068
1064 1059 1060 1061 1062 1063 1065 1066 1067 1068
1065 1059 1060 1061 1062 1063 1064 1066 1067 1068
1066 1059 1060 1061 1062 1063 1064 1065 1067 1068
1067 1059 1060 1061 1062 1063 1064 1065 1066 1068
1068 1059 1060 1061 1062 1063 1064 1065 1066 1067
1069 61 804 805 806 1070 1071 1072
1070 61 361 804 805 806 1015 1069 1071 1072
1071 61 804 805 806 1069 1070 1072
1072 61 804 805 806 1069 1070 1071
1073 226
1074
1075
1076
1077 1078
1078 1077
1079
1080 280
1081 68 1082
1082 68 1081
1083 0
1084
1085 515 1086
1086 515 1085 1087 1088
1087 150 515 1086
1088 515 1086
1089
1090 471 472 983
1091 472 983 984
1092 1093 1094 1095
1093 1092 1094 1095
1094 1092 1093 1095
1095 1092 1093 1094
1096 1097 1098
1097 1096 1098
1098 1096 1097
1099
1100 1101 1102
1101 1100 1102
1102 1100 1101
1103
1104 1105 1106 1107 1108 1109 1110 1111 1112
1105 1104 1106 1107 1108 1109 1110 1111 1112
1106 1104 1105 1107 1108 1109 1110 1111 1112 1356 1357 1410
1107 1104 1105 1106 1108 1109 1110 1111 1112
1108 1104 1105 1106 1107 1109 1110 1111 1112
1109 1104 1105 1106 1107 1108 1110 1111 1112
1110 1104 1105 1106 1107 1108 1109 1111 1112
1111 1104 1105 1106 1107 1108 1109 1110 1112
1112 1104 1105 1106 1107 1108 1109 1110 1111
1113 1114
1114 1113
1115 1116 1117 1118 1119
1116 1115 1117 1118 1119
1117 1115 1116 1118 1119
1118 1115 1116 1117 1119
1119 1115 1116 1117 1118 1514 1515 1516
1120 77 1121
1121 77 1120
1122 77 755
1123 246 414 1124
1124 246 414 1123
1125
1126 1127
1127 1126
1128 975
1129 33 653 656 773
1130 1131
1131 1130
1132 1133
1133 1132
1134 193 955 1135 1136 1137
1135 193 955 1134 1136
1136 193 955 1134 1135
1137 193 955 1134
1138 1139
1139 1138
1140 1141
1141 1140 1487 1488
1142
1143
1144 218 220 342 696 1281 1282 1393 1394 1395 1396 1559 1560
1145 1146 1147 1148 1149
1146 1145 1147 1148 1149
1147 1145 1146 1148 1149
1148 1145 1146 1147 1149
1149 1145 1146 1147 1148
1150
1151 1152 1153 1154 1155 1156 1157 1158 1159
1152 1151 1153 1154 1155 1156 1157 1158 1159
1153 1151 1152 1154 1155 1156 1157 1158 1159
1154 1151 1152 1153 1155 1156 1157 1158 1159
1155 1151 1152 1153 1154 1156 1157 1158 1159
1156 1151 1152 1153 1154 1155 1157 1158 1159
1157 1151 1152 1153 1154 1155 1156 1158 1159
1158 1151 1152 1153 1154 1155 1156 1157 1159
1159 1151 1152 1153 1154 1155 1156 1157 1158
1160
1161 113 185 1162 1412 1413 1414
1162 113 1161
1163 1164
1164 1163
1165 257 258 1166
1166 257 258 1165
1167 1168
1168 1167
1169 819
1170
1171 77
1172
1173
1174 930 1175
1175 930 1174
1176 95 149
1177 149 280 1341
1178
1179 588 589 590 1180
1180 588 589 590 1179
1181 301
1182
1183 1184 1185
1184 1183 1185
1185 1183 1184
1186
1187
1188 326 327
1189 32 33 53 839 1190
1190 32 33 53 839 1189
1191
1192 1193
1193 1192
1194 77 1195 1196
1195 77 1194 1196
1196 77 1194 1195
1197 1198 1199
1198 1197 1199
1199 1197 1198
1200 912 913 914 915 999 1201 1202 1203 1204 1205 1206 1207 1255 1256
1201 912 915 999 1200 1202 1203 1204
1202 912 915 999 1200 1201 1203 1204
1203 912 915 999 1200 1201 1202 1204
1204 912 915 999 1200 1201 1202 1203
1205 912 913 914 915 1200 1206 1207
1206 912 913 914 915 1200 1205 1207
1207 912 913 914 915 1200 1205 1206
1208 1209 1210 1211
1209 1208 1210 1211
1210 1208 1209 1211
1211 1208 1209 1210
1212
1213 329 1214 1215 1216
1214 329 1213 1215 1216
1215 329 1213 1214 1216
1216 329 1213 1214 1215
1217 1218
1218 1217
1219
1220 149 499
1221 1222 1223
1222 1221 1223
1223 1221 1222
1224 1225 1226 1344
1225 1224
1226 1224
1227 32 53 131 1228
1228 32 53 131 1227
1229 243
1230 1231
1231 1230
1232 414 1233
1233 414 1232
1234 480 1235
1235 480 1234
1236 1237
1237 1236
1238 546
1239 1240
1240 1239
1241 1242
1242 1241
1243 481 1244 1245 1246
1244 481 1243 1245 1246
1245 481 1243 1244 1246
1246 481 1243 1244 1245
1247 1248
1248 1247
1249 480 1250
1250 480 1249
1251 1252 1253
1252 1251 1253
1253 1251 1252
1254 120 763 764
1255 915 1200 1256
1256 915 1200 1255
1257 1258
1258 1257
1259 1260 1261
1260 1259 1261
1261 1259 1260
1262 374 375 376
1263 1264 1265 1266
1264 1263 1265 1266
1265 1263 1264 1266
1266 1263 1264 1265
1267 871
1268
1269 319 320
1270 946 1271
1271 946 1270
1272 842 1273 1274 1275
1273 842 1272 1274 1275
1274 842 1272 1273 1275
1275 842 1272 1273 1274
1276
1277 292 293 741 742 743
1278 743 1279 1280
1279 743 1278 1280
1280 743 1278 1279
1281 218 1144 1282
1282 218 1144 1281
1283
1284
1285 1286 1287 1288 1289 1363 1364 1365 1366
1286 1285 1287 1288 1289
1287 1285 1286 1288 1289
1288 1285 1286 1287 1289
1289 1285 1286 1287 1288
1290
1291 1292 1293
1292 1291 1293
1293 1291 1292 1376 1377
1294 32 374 375 376
1295
1296
1297 1298
1298 1297
1299
1300
1301
1302 1017 1303
1303 1017 1302
1304 1017
1305 1016 1017 1306 1307 1308
1306 1016 1017 1305 1307 1308
1307 1016 1017 1305 1306 1308
1308 1016 1017 1305 1306 1307
1309 1310
1310 1309
1311 1312 1313 1314 1315
1312 1311 1313 1314 1315
1313 1311 1312 1314 1315
1314 52 1311 1312 1313 1315 1467 1468 1469
1315 1311 1312 1313 1314
1316
1317 899
1318
1319 1320
1320 1319
1321 523
1322 1323 1324
1323 1322 1324
1324 1322 1323
1325 1326
1326 1325
1327 1328
1328 1327
1329
1330 1331 1332
1331 1330 1332
1332 1330 1331
1333
1334 1335 1336 1337
1335 1334 1336 1337 1418
1336 1334 1335 1337
1337 1334 1335 1336
1338 881
1339
1340 516
1341 149 280 1177
1342 280 1343
1343 280 1342
1344 1224
1345 720
1346 376 1347
1347 376 1346
1348 361 1349 1350 1351
1349 361 1348 1350 1351
1350 361 1348 1349 1351
1351 361 1348 1349 1350
1352
1353 1354
1354 1353
1355 522 741 745 930 1356 1357 1358
1356 1106 1355 1357 1410
1357 1106 1355 1356 1410
1358 1355
1359 1452
1360 45 427 1361
1361 45 427 1360
1362 45
1363 1285 1364 1365 1366
1364 1285 1363 1365 1366
1365 1285 1363 1364 1366
1366 1285 1363 1364 1365
1367 292 293 930 931 1368
1368 292 293 930 931 1367
1369 1370
1370 1369
1371 1372
1372 1371
1373 1374 1375
1374 1373 1375
1375 1373 1374
1376 1293 1377
1377 1293 1376
1378
1379
1380 75 521
1381
1382
1383 193 1384
1384 193 1383
1385 1386
1386 1385
1387
1388 328 546
1389 1390 1391
1390 1389 1391
1391 1389 1390
1392
1393 218 342 696 1144 1394 1395 1396
1394 218 342 696 1144 1393 1395 1396
1395 218 342 696 1144 1393 1394 1396
1396 218 342 696 1144 1393 1394 1395
1397 313
1398 1399 1400 1401 1402
1399 1398 1400 1401 1402
1400 1398 1399 1401 1402
1401 1398 1399 1400 1402
1402 1398 1399 1400 1401
1403 326 415 1404 1405 1406 1407
1404 326 415 1403 1405 1406 1407
1405 326 415 1403 1404 1406 1407
1406 326 415 1403 1404 1405 1407
1407 326 415 1403 1404 1405 1406
1408 495 1409
1409 495 1408
1410 1106 1356 1357
1411 1059
1412 185 1161 1413 1414
1413 185 1161 1412 1414
1414 185 1161 1412 1413
1415 302 1025 1416
1416 302 1025 1415
1417 929
1418 1335
1419 1420 1421 1422
1420 1419 1421 1422
1421 1419 1420 1422
1422 1419 1420 1421
1423 8 1424
1424 8 1423
1425 1426 1427
1426 1425 1427
1427 1425 1426
1428 644 1429 1430 1431 1432 1433 1434 1435 1436 1437 1438 1439 1440 1441 1442 1443 1444 1445 1446 1447
1429 644 1428 1430 1431 1432 1433 1434 1435 1436 1437 1438 1439 1440 1441 1442 1443 1444 1445 1446 1447
1430 644 1428 1429 1431 1432 1433 1434 1435 1436 1437 1438 1439 1440 1441 1442 1443 1444 1445 1446 1447
1431 644 1428 1429 1430 1432 1433 1434 1435 1436 1437 1438 1439 1440 1441 1442 1443 1444 1445 1446
1432 644 1428 1429 1430 1431 1433 1434 1435 1436 1437 1438 1439 1440 1441 1442 1443 1444 1445 1446
1433 644 1428 1429 1430 1431 1432 1434 1435 1436 1437 1438 1439 1440 1441 1442 1443 1444 1445 1446
1434 644 1428 1429 1430 1431 1432 1433 1435 1436 1437 1438 1439 1440 1441 1442 1443 1444 1445 1446
1435 644 1428 1429 1430 1431 1432 1433 1434 1436 1437 1438 1439 1440 1441 1442 1443 1444 1445 1446
1436 644 1428 1429 1430 1431 1432 1433 1434 1435 1437 1438 1439 1440 1441 1442 1443 1444 1445 1446
1437 644 1428 1429 1430 1431 1432 1433 1434 1435 1436 1438 1439 1440 1441 1442 1443 1444 1445 1446
1438 644 1428 1429 1430 1431 1432 1433 1434 1435 1436 1437 1439 1440 1441 1442 1443 1444 1445 1446
1439 644 1428 1429 1430 1431 1432 1433 1434 1435 1436 1437 1438 1440 1441 1442 1443 1444 1445 1446
1440 644 1428 1429 1430 1431 1432 1433 1434 1435 1436 1437 1438 1439 1441 1442 1443 1444 1445 1446
1441 644 1428 1429 1430 1431 1432 1433 1434 1435 1436 1437 1438 1439 1440 1442 1443 1444 1445 1446
1442 644 1428 1429 1430 1431 1432 1433 1434 1435 1436 1437 1438 1439 1440 1441 1443 1444 1445 1446
1443 644 1428 1429 1430 1431 1432 1433 1434 1435 1436 1437 1438 1439 1440 1441 1442 1444 1445 1446
1444 644 1428 1429 1430 1431 1432 1433 1434 1435 1436 1437 1438 1439 1440 1441 1442 1443 1445 1446
1445 644 1428 1429 1430 1431 1432 1433 1434 1435 1436 1437 1438 1439 1440 1441 1442 1443 1444 1446
1446 644 1428 1429 1430 1431 1432 1433 1434 1435 1436 1437 1438 1439 1440 1441 1442 1443 1444 1445
1447 1428 1429 1430
1448 1449
1449 1448
1450 280 282
1451 215
1452 1359
1453 720
1454 481
1455 1456 1457 1458
1456 1455 1457 1458
1457 1455 1456 1458
1458 1455 1456 1457
1459 126 150 516
1460 54 55
1461
1462
1463 293 859 1464 1465 1466
1464 293 859 1463 1465 1466
1465 293 859 1463 1464 1466
1466 293 859 1463 1464 1465
1467 52 1314 1468 1469
1468 52 1314 1467 1469
1469 52 1314 1467 1468
1470 1471 1472
1471 1470 1472
1472 1470 1471
1473 1474 1475
1474 1473 1475
1475 1473 1474
1476 206 1477
1477 206 1476
1478 1479
1479 1478
1480 95 1481
1481 95 1480
1482 1483 1484
1483 1482 1484
1484 1482 1483
1485 1486
1486 1485
1487 1141 1488
1488 1141 1487
1489
1490 1491 1492 1539 1540 1541
1491 1490
1492 1490 1493 1539 1540 1541
1493 1492
1494 1495
1495 1494
1496 299
1497 81
1498
1499 238 1500 1501 1502
1500 238 1499 1501 1502
1501 238 1499 1500 1502
1502 238 1499 1500 1501
1503 999 1504 1505 1506 1507 1508 1513
1504 1503 1505 1506 1507 1508
1505 1503 1504 1506 1507 1508
1506 1503 1504 1505 1507 1508
1507 1503 1504 1505 1506 1508
1508 1503 1504 1505 1506 1507
1509
1510 1511 1512
1511 1510 1512
1512 1510 1511
1513 999 1503
1514 1119 1515 1516
1515 1119 1514 1516
1516 1119 1514 1515
1517 242 926 1518 1519
1518 242 926 1517 1519
1519 242 926 1517 1518
1520
1521 1522
1522 1521
1523
1524 1525
1525 1524
1526
1527
1528 32 53
1529 1530
1530 1529
1531 8
1532 529 530 531 1533 1534
1533 529 530 531 1532 1534
1534 529 530 531 1532 1533
1535 842
1536 1537 1538
1537 1536 1538
1538 1536 1537
1539 1490 1492 1540 1541
1540 1490 1492 1539 1541
1541 1490 1492 1539 1540
1542 1543
1543 1542
1544 1545 1546 1547
1545 1544 1546 1547
1546 1544 1545 1547
1547 1544 1545 1546
1548 307
1549 32 33 53 1550
1550 32 33 1549
1551
1552 293 1553 1554
1553 293 1552 1554
1554 293 1552 1553
1555 675 1556 1557
1556 675 1555 1557
1557 675 1555 1556
1558
1559 218 1144 1560
1560 218 1144 1559
1561 61 62 1562 1563 1564 1565 1566
1562 61 62 1561 1563 1564 1565 1566
1563 61 62 1561 1562 1564 1565 1566
1564 61 62 1561 1562 1563 1565 1566
1565 61 62 1561 1562 1563 1564 1566
1566 61 62 1561 1562 1563 1564 1565
1567 1568
1568 1567
1569 336 630 1570 1571 1572
1570 336 630 1569 1571 1572
1571 336 630 1569 1570 1572
1572 336 630 1569 1570 1571
1573 630 782
1574 1575 1576 1577
1575 1574 1576 1577
1576 1574 1575 1577
1577 1574 1575 1576
1578 629 630
1579 1580
1580 1579
1581
1582 1583
1583 1582
1584 1585 1586
1585 1584
1586 1584
1587 75 521
