500 6276
0 16 17 52 127 132 159 178 204 221 222 239 245 252 313 332 333 339 343 351 358 377 379 395 485 494
1 3 6 44 66 93 106 114 157 159 165 172 312 322 385 393 397 446 487 488
2 5 56 57 60 62 78 132 146 168 174 177 178 223 237 268 287 288 323 345 352 366 396 397 425 455 466 474 477
3 1 13 15 30 70 102 143 161 172 229 277 284 297 320 364 402 410 429 431 445 466 472 473
4 8 24 63 78 98 124 128 139 165 176 226 242 247 248 253 275 328 362 382 409 427 468
5 2 12 15 21 30 41 91 109 206 251 295 300 366 381 426 446 477 497
6 1 8 122 129 150 157 167 196 242 259 274 276 287 290 328 371 439 441 450 456 457 472
7 49 55 69 74 89 104 112 122 147 196 199 201 215 217 232 242 307 311 320 324 369 372 380 390 392 403 414 434 442 448 453 481 498
8 4 6 10 40 62 67 93 112 119 135 139 186 204 235 248 252 257 283 298 313 321 335 342 351 375 390 406 419 434 487
9 17 31 33 79 106 110 140 146 197 233 255 311 335 353 359 368 387 396 399 481
10 8 13 19 41 78 87 107 172 185 197 220 251 312 366 406 414 441
11 12 40 52 63 88 92 129 135 137 154 172 185 204 214 243 263 277 300 314 320 438 471 478 480 491
12 5 11 63 73 111 118 123 135 156 160 199 202 238 257 274 288 329 378 398 401 410 457 495
13 3 10 23 46 57 71 85 126 135 138 139 160 179 183 230 247 251 293 320 323 352 357 361 418 429 447 449 454 471
14 67 69 89 95 118 133 189 195 199 207 212 213 226 248 255 258 287 293 316 361 390 395 428 432
15 3 5 22 31 34 39 43 66 82 107 115 144 159 212 242 302 308 329 364 369 372 384 385 393 410 456
16 0 27 41 59 64 88 138 163 241 247 251 265 277 299 311 336 338 398 428 432 460
17 0 9 58 95 147 235 285 320 348 429 464 482 483
18 40 51 68 88 127 142 158 165 223 228 266 285 326 347 351 375 394 418 429 445 464 467 496
19 10 35 41 89 91 94 99 138 151 160 180 208 249 263 269 284 339 342 364 366 374 376 403 436 483 498
20 48 55 68 94 98 112 124 125 127 165 180 182 194 204 209 231 305 327 328 341 345 361 391 415 469 470 494
21 5 26 27 49 51 58 86 146 199 205 239 287 324 325 331 343 348 370 371 375 419 451
22 15 30 37 53 54 57 79 94 96 109 117 132 151 152 153 162 173 175 190 205 217 220 244 247 261 289 291 308 311 316 318 325 351 394 411 413 414 438 466 467 477 493
23 13 30 35 36 55 56 60 76 91 93 118 123 128 134 149 164 226 232 266 389 428 430 458 465
24 4 47 71 98 99 149 164 170 180 182 190 193 199 273 299 310 383 402 466
25 54 58 99 137 147 168 203 229 238 258 284 295 344 369 378 404 431 468 469 472
26 21 72 105 138 140 171 182 219 297 352 469 470 474 477 484 489 497
27 16 21 43 92 108 124 131 201 214 220 237 247 259 274 281 306 328 390 400 422 425 432 471 478 485
28 92 117 139 140 155 177 196 210 234 326 376 421 435 437 462 497
29 38 41 47 57 61 65 91 122 143 149 198 218 241 246 329 352 354 381 390 409 426 472 485 489
30 3 5 22 23 38 40 56 80 107 112 127 128 147 163 166 217 218 232 239 241 276 282 364 377 431 463 481 482
31 9 15 45 67 88 119 141 159 167 201 212 227 237 255 277 279 317 325 349 350 368 392 410 411 417 421 425 442 455 457
32 64 71 114 157 165 219 237 252 271 279 284 314 322 349 351 358 404 413 450 451 462 488
33 9 54 65 84 138 156 166 175 182 227 262 264 277 281 311 337 371 391 407 426 444 473 490 493 497
34 15 83 87 93 161 169 171 172 231 232 246 258 259 278 317 320 364 375 401 411 423 427 473
35 19 23 53 70 75 133 135 137 146 154 165 199 223 301 303 351 356 388 393 399 442 474 493 496
36 23 45 51 55 73 75 91 100 106 118 124 137 138 141 161 183 246 247 258 309 315 320 326 330 333 378 379 381 399 435 449 457 463 489
37 22 64 76 94 106 109 123 126 174 176 177 183 185 188 206 225 245 262 273 281 336 365 369 386 415 451 458 461 464 491
38 29 30 82 86 103 106 107 156 181 221 233 235 264 267 286 300 314 334 372 382 406 407 432 462 496
39 15 43 44 56 61 75 79 82 115 120 121 130 158 165 170 203 235 239 243 253 283 320 333 334 337 342 351 390 392 451 467 490 499
40 8 11 18 30 73 96 119 120 128 165 212 228 233 238 261 301 310 340 381 385 386 408 434 452 454
41 5 10 16 19 29 58 65 73 100 164 169 185 189 195 212 253 272 274 301 307 327 329 344 362 421 437
42 43 44 76 110 168 169 197 227 288 297 331 342 347 378 402 407 417 432 480 495 497
43 15 27 39 42 56 134 160 178 186 250 252 261 281 325 331 347 354 362 374 401 420 434 475 493
44 1 39 42 66 103 106 132 133 134 147 149 163 175 185 205 219 258 263 295 302 314 318 345 375 378 382 418 443 468 480
45 31 36 57 107 117 175 190 207 229 241 247 358 363 401 418 425 428 450 460 479
46 13 48 58 63 89 112 127 129 157 198 220 223 225 244 255 257 263 268 283 291 305 351 360 371 377 393 410 447 464 474 482 485
47 24 29 49 61 70 96 128 148 152 179 191 194 294 302 357 365 371 411 469 481
48 20 46 64 69 79 85 109 138 188 231 248 250 336 358 390 397 403 407 426
49 7 21 47 55 81 97 135 165 181 225 254 277 307 343 345 346 359 383 396 452 456 460 497
50 138 188 243 253 258 285 292 299 317 322 330 333 346 363 421 459
51 18 21 36 66 77 92 236 242 257 269 270 276 282 308 329 331 339 362 392 418 443 475 480 487
52 0 11 74 84 113 115 131 152 154 191 214 231 243 254 256 262 303 357 375 384 392 399 421 458 478 482 485
53 22 35 58 82 84 162 165 168 209 212 245 264 278 285 333 335 344 366 406 420 433
54 22 25 33 59 72 80 87 91 101 112 130 146 169 176 182 230 243 292 305 320 325 327 351 372 373 412 431 462 468 476
55 7 20 23 36 49 56 59 62 72 83 101 102 105 129 212 214 287 294 296 305 331 389 418 434 452 471 477 491
56 2 23 30 39 43 55 75 80 84 97 120 123 153 162 207 209 253 267 297 309 310 344 353 362 371 375 377 384 404 413 441 455 456
57 2 13 22 29 45 74 76 82 102 110 114 121 126 131 140 170 180 218 247 275 279 281 289 337 363 382 386 420
58 17 21 25 41 46 53 99 105 141 143 148 153 162 186 189 243 254 264 266 288 291 301 302 332 338 346 380 386 387 399 425 445 457 477 495
59 16 54 55 63 95 119 130 136 147 157 191 200 203 215 234 254 268 317 323 334 359 362 371 374 386 389 405 438 450 477 496
60 2 23 125 129 131 182 186 244 256 308 316 343 370 411 417 422 463 470 496 498
61 29 39 47 86 107 115 116 119 125 150 156 166 197 208 219 236 244 249 261 263 272 282 292 307 314 326 367 377 384 417 429 432 434 474 487 490 494
62 2 8 55 95 103 120 142 147 178 189 197 200 214 262 281 318 321 343 380 392 403 406 413 422 447 467 484
63 4 11 12 46 59 68 80 81 91 103 123 124 145 152 154 162 191 235 266 273 286 298 343 374 375 396 412 471
64 16 32 37 48 90 93 109 113 120 156 191 210 221 245 266 289 343 346 347 391 403 428 468
65 29 33 41 144 156 170 213 226 272 284 295 334 378 403 404 465 485
66 1 15 44 51 75 79 86 91 101 113 124 129 143 155 173 206 223 247 256 285 292 328 330 360 364 399 416 447 475
67 8 14 31 82 94 152 162 183 340 349 351 375 415 423 429 475 493
68 18 20 63 172 176 222 237 244 248 275 329 365 399 401 412 420 426 427 440 448 457 488
69 7 14 48 132 152 160 184 250 254 284 295 330 355 373 388 399 411 415 465 488 491
70 3 35 47 90 91 113 124 137 153 166 168 170 180 202 211 217 219 238 239 243 254 276 282 288 293 297 303 356 378 446 491 498
71 13 24 32 100 103 114 137 163 171 196 228 229 266 269 274 278 280 281 295 302 316 321 357 379 405 425 440 469 473 479 482
72 26 54 55 87 100 139 141 154 177 212 219 232 245 276 298 302 326 329 330 354 359 361 367 385 397 417 442 461 467 473 479 480 485 487 488
73 12 36 40 41 100 139 181 184 186 187 194 206 214 230 238 245 264 294 317 329 346 358 432 437 438
74 7 52 57 109 120 134 137 145 179 242 247 252 334 406 414 419 423 449 470 477 479 480
75 35 36 39 56 66 107 110 128 136 150 159 173 188 238 242 252 263 267 283 284 291 305 312 383 385 388 453 457 460 474
76 23 37 42 57 83 109 123 129 136 158 165 168 184 210 224 229 245 261 268 310 311 313 356 392 408 409 418 425 426 433 441 461 463 470
77 51 81 99 127 161 186 209 212 220 224 230 244 246 261 271 277 280 299 332 360 389
78 2 4 10 96 99 102 116 166 188 189 194 207 213 222 245 264 325 331 368 373 387 398 410 434 445 466 471 489 490
79 9 22 39 48 66 81 82 94 105 157 160 170 177 204 247 268 281 306 324 339 341 394 406 411 442 463 490
80 30 54 56 63 81 96 138 147 151 153 156 185 197 277 304 309 360 377 398 451 459 465 476 484 499
81 49 63 77 79 80 108 116 123 129 133 141 155 163 168 182 195 196 221 227 231 234 266 283 308 379 382 417 460 493
82 15 38 39 53 57 67 79 85 99 102 174 245 252 265 292 323 336 357 369 427 434 437 478 490
83 34 55 76 101 105 106 172 213 241 348 358 373 398 442 493
84 33 52 53 56 131 138 157 235 247 253 279 284 296 306 330 384 396 409 434 461 463 466 479 486
85 13 48 82 106 112 145 208 226 232 271 293 306 312 318 319 323 371 382 390 416 426 469 486
86 21 38 61 66 102 125 149 172 250 335 342 357 368 377 401 437 447 449 465 473
87 10 34 54 72 103 108 127 214 215 278 280 285 289 322 323 324 349 362 377 383 388 412 434 450 463 470 482 484
88 11 16 18 31 90 105 170 191 213 220 222 230 238 239 242 287 328 353 360 387 391 412 425
89 7 14 19 46 93 125 182 186 209 231 279 303 349 356 371 383 398 413 414 452 495
90 64 70 88 138 156 182 192 240 250 261 285 320 338 347 374 393 399 421 454 456 485
91 5 19 23 29 36 54 63 66 70 97 102 103 110 144 151 218 238 262 264 266 285 297 302 347 369 381 389 392 409
92 11 27 28 51 121 125 134 141 153 155 157 184 188 189 191 198 203 205 212 253 274 289 303 314 334 347 356 420 478 481 488 499
93 1 8 23 34 64 89 95 97 169 187 197 280 296 307 320 325 330 345 377 381 453 499
94 19 20 22 37 67 79 115 121 147 167 176 182 195 215 218 230 262 290 293 296 297 318 342 413 427 429 447 486
95 14 17 59 62 93 149 232 238 299 323 325 326 349 367 382 391 470 479
96 22 40 47 78 80 108 150 160 167 183 187 191 231 250 262 278 280 293 298 314 328 338 367 371 381 383 422 424 429 459 469 498
97 49 56 91 93 123 127 130 155 165 172 214 216 219 225 250 255 260 267 280 299 303 333 336 344 353 354 378 388 399 440 475 479
98 4 20 24 103 118 138 157 164 168 189 197 235 256 291 293 374 375 382 398 425 433 443 491 493 495
99 19 24 25 58 77 78 82 111 167 170 175 195 205 237 247 250 251 269 272 280 292 322 327 350 429 477
100 36 41 71 72 73 135 169 170 221 237 257 275 356 371 372 383 388 393 401 434 436 439 479 483 489 492
101 54 55 66 83 188 204 238 261 271 301 302 357 368 382 393 419 449 466 487 493
102 3 55 57 78 82 86 91 115 137 168 286 300 335 357 372 431 433 447 454
103 38 44 62 63 71 87 91 98 111 114 124 136 169 188 220 239 276 288 384 410 429 430 453
104 7 180 205 224 276 289 290 305 316 326 340 356 388 397 400 407 429 487 493 499
105 26 55 58 79 83 88 157 162 207 211 221 249 250 252 275 332 336 359 377 393 398 403 424 444 453 471 486
106 1 9 36 37 38 44 83 85 123 136 164 181 189 194 209 214 230 252 278 326 332 341 344 375 398 433 477
107 10 15 30 38 45 61 75 138 174 197 201 224 227 232 253 262 276 290 304 306 393 426 438 486 497
108 27 81 87 96 119 125 148 150 159 167 179 213 222 276 341 345 368 369 413 493
109 5 22 37 48 64 74 76 110 139 149 185 186 189 200 218 250 267 283 298 346 375 390 404 472 482 484
110 9 42 57 75 91 109 124 129 168 172 177 185 189 218 220 246 281 305 315 357 390 402 476
111 12 99 103 123 134 138 200 216 221 232 244 265 269 317 320 327 335 336 339 359 375 383 474 479 485 495
112 7 8 20 30 46 54 85 120 139 164 187 197 229 265 279 284 290 294 339 352 355 374 380 398 407 417 432 471 478
113 52 64 66 70 121 135 144 183 191 210 227 253 271 345 360 367 407 459
114 1 32 57 71 103 145 226 232 245 297 300 306 357 373 385 421 454 461 488 495 498
115 15 39 52 61 94 102 130 144 164 184 195 214 242 247 276 287 295 322 339 354 362 456 479
116 61 78 81 136 145 173 174 216 217 219 223 230 240 286 389 391 408 411 416 428 440 442 489
117 22 28 45 135 149 182 208 229 247 269 274 295 328 358 365 398 409 488
118 12 14 23 36 98 120 132 151 185 204 230 252 271 309 313 315 348 375 401 404 419 436 472 474 487
119 8 31 40 59 61 108 132 180 187 211 220 223 279 282 297 299 304 327 335 394 404 454 457 473 489
120 39 40 56 62 64 74 112 118 130 143 156 204 230 241 242 274 289 361 363 385 393 442 484
121 39 57 92 94 113 153 174 189 194 201 229 234 241 244 324 329 345 376 388 430 476
122 6 7 29 137 162 192 193 195 211 230 252 259 261 328 342 361 363 394 402 444 467 474
123 12 23 37 56 63 76 81 97 106 111 132 135 183 196 200 213 222 235 322 335 337 369 395 415 452
124 4 20 27 36 63 66 70 103 110 128 147 157 194 215 219 225 228 246 265 270 271 278 285 307 371 378 431 436 485 496
125 20 60 61 86 89 92 108 135 147 150 182 214 216 222 230 242 260 304 348 354 420 430 440 441 453 464 468 480 484 490
126 13 37 57 142 156 171 175 225 236 237 250 277 283 310 314 329 353 376 396 430 441 445 463 484 499
127 0 18 20 30 46 77 87 97 133 140 153 164 204 224 234 287 329 343 350 384 402 432 463 468 475 476
128 4 23 30 40 47 75 124 141 142 183 215 222 269 270 307 347 358 379 391 439 444 471 484
129 6 11 46 55 60 66 76 81 110 144 181 219 223 321 329 333 338 371 383 398 410 414 425 434 492
130 39 54 59 97 115 120 135 139 152 172 178 206 239 258 306 317 330 334 366 392 397 428 440 471 484
131 27 52 57 60 84 159 167 195 211 212 213 223 228 231 258 267 299 302 308 320 348 379 380 381 402 406 419 421 442 456
132 0 2 22 44 69 118 119 123 144 214 224 237 262 271 283 322 324 333 341 387 388 430 475
133 14 35 44 81 127 135 151 156 157 158 177 238 259 281 283 353 373 466 470
134 23 43 44 74 92 111 153 190 217 228 248 256 257 267 285 302 327 422 430 444 493
135 8 11 12 13 35 49 100 113 117 123 125 130 133 152 156 163 171 316 328 340 363 418 425 426 438 463 483
136 59 75 76 103 106 116 145 158 160 179 202 216 223 299 300 319 333 389 415 426 430 434 446 459 460
137 11 25 35 36 70 71 74 102 122 141 152 154 184 195 208 235 253 299 327 332 339 356 439
138 13 16 19 26 33 36 48 50 80 84 90 98 107 111 139 142 158 168 263 283 284 294 300 317 339 371 383 404 450 457 483
139 4 8 13 28 72 73 109 112 130 138 165 186 188 193 200 215 250 251 267 277 285 299 310 340 345 376 397 415 438 466 474 497
140 9 26 28 57 127 150 155 159 179 180 212 227 229 276 281 290 293 359 360 377 387 409 417 418 425
141 31 36 58 72 81 92 128 137 188 193 214 244 260 266 274 287 344 363 371 403 445 456
142 18 62 126 128 138 174 195 216 217 245 266 282 326 364 389 407 411 474 483 494
143 3 29 58 66 120 145 178 181 224 242 245 265 271 284 302 305 307 367 370 383 390 417 420 423 427 442 473 496
144 15 65 91 113 115 129 132 147 158 188 201 207 210 259 297 305 309 358 402 420 446
145 63 74 85 114 116 136 143 169 179 187 197 210 223 273 284 287 290 301 353 357 361 389 403 412 419 421 469
146 2 9 21 35 54 164 167 200 204 205 211 278 283 310 313 334 341 369 413 425 458 487 490
147 7 17 25 30 44 59 62 80 94 124 125 144 157 158 160 171 187 199 220 256 274 307 315 338 349 387 393 401 433 442 457 466 486 490
148 47 58 108 206 219 235 242 264 274 295 306 311 318 339 382 383 416 425 455 469 485 489 498
149 23 24 29 44 86 95 109 117 153 154 187 199 211 212 247 264 271 275 323 325 341 374 385 410 415 432 443 445 463 475 499
150 6 61 75 96 108 125 140 219 222 235 238 267 279 306 340 358 400 427 440 443 457 465 467 483
151 19 22 80 91 118 133 160 162 194 255 333 352 372 381 402 415 449 467 478 490 494
152 22 47 52 63 67 69 130 135 137 159 209 218 223 235 241 242 256 275 289 315 319 323 389 402 418 419 437 440 473 480 481
153 22 56 58 70 80 92 121 127 134 149 176 201 205 223 245 271 289 327 335 337 366 407 452 474 475 485 495
154 11 35 52 63 72 137 149 167 188 241 267 273 275 296 309 322 326 336 346 353 395 416 424 437
155 28 66 81 92 97 140 161 188 241 284 285 290 302 307 354 376 403 414 429 446 447 458 465 488 496
156 12 33 38 61 64 65 80 90 120 126 133 135 163 164 217 244 261 271 304 319 353 354 376 404 430 436 477 484 497
157 1 6 32 46 59 79 84 92 98 105 124 133 147 204 208 216 225 291 299 310 335 342 347 357 371 376 379 394 418 421 423 430 439 447 454 489 497
158 18 39 76 133 136 138 144 147 167 170 175 236 255 288 292 314 324 366 389 405 454 462 470
159 0 1 15 31 75 108 131 140 152 164 179 208 222 237 247 258 259 268 355 356 362 370 410 414 438 462 471
160 12 13 19 43 69 79 96 136 147 151 173 191 197 208 228 239 268 278 282 293 322 333 338 339 346 390 408 448 468 473 489
161 3 34 36 77 155 164 179 191 194 224 233 237 248 263 271 278 298 347 368 455 464
162 22 53 56 58 63 67 105 122 151 171 173 174 236 240 250 286 307 336 363 391 405 458
163 16 30 44 71 81 135 156 189 204 224 241 267 296 311 353 364 368 389 412 422 438 469 480 482 490
164 23 24 41 98 106 112 115 127 146 156 159 161 182 192 199 205 249 274 292 327 376 407 414 416 422 431 486
165 1 4 18 20 32 35 39 40 49 53 76 97 139 170 187 201 219 228 249 250 262 267 270 279 302 338 352 403 414 419 422 431 436 442 445 474 496
166 30 33 61 70 78 204 232 234 237 241 255 263 282 309 406 407 410 437 464 472 492
167 6 31 94 96 99 108 131 146 154 158 168 184 258 260 275 285 321 322 369 426 488
168 2 25 42 53 70 76 81 98 102 110 138 167 206 215 229 240 241 285 315 317 345 374 385 388 443 458 481
169 34 41 42 54 93 100 103 145 186 210 236 249 252 260 288 291 295 357 376 406 424 443 464 481 493
170 24 39 57 65 70 79 88 99 100 158 165 173 183 222 228 268 274 283 314 346 352 367 391 418 443 446 455 458 498
171 26 34 71 126 135 147 162 185 204 219 245 301 307 328 330 339 343 356 375 380 382 488 493
172 1 3 10 11 34 68 83 86 97 110 130 204 215 225 263 297 304 306 351 353 376 384 389 395 429 473 494
173 22 66 75 116 160 162 170 201 203 229 235 247 273 281 301 369 379 386 393 395 406 432 436 438 448 460 469 481 489
174 2 37 82 107 116 121 142 162 196 235 254 257 312 316 318 324 327 336 338 353 357 360 405 432
175 22 33 44 45 99 126 158 181 182 215 237 239 243 260 263 314 315 320 348 356 365 377 398 416 424 435 460
176 4 37 54 68 94 153 179 180 192 212 221 244 250 344 361 365 421 435 454 478 489 492
177 2 28 37 72 79 110 133 190 204 218 230 238 246 262 266 267 306 325 358 362 460 475 489
178 0 2 43 62 130 143 201 266 299 309 345 368 390 412 424 433 464
179 13 47 74 108 136 140 145 159 161 176 187 211 212 226 268 300 303 313 331 372 394 395 482
180 19 20 24 57 70 104 119 140 176 193 198 209 219 276 297 311 349 359 363 366 433 438 454 475
181 38 49 73 106 129 143 175 183 188 190 213 221 225 251 318 339 350 361 404 413 426 462 467
182 20 24 26 33 54 60 81 89 90 94 117 125 164 175 188 195 224 232 269 307 369 382 413 440 450 452
183 13 36 37 67 96 113 123 128 170 181 191 205 206 250 260 286 339 346 364 376 399 423 425 440 489
184 69 73 76 92 115 137 167 216 235 246 253 263 267 287 294 305 316 334 338 341 348 369 434 496
185 10 11 37 41 44 80 109 110 118 171 191 196 217 275 281 288 341 372 380 442 447 486
186 8 43 58 60 73 77 89 109 139 169 207 226 247 276 280 304 314 315 339 350 372 382 419 426 449 489 496
187 73 93 96 112 119 145 147 149 165 179 190 205 231 298 320 322 349 351 370 375 376 377 394 424 447 458 490
188 37 48 50 75 78 92 101 103 139 141 144 154 155 181 182 190 217 270 287 289 292 299 320 321 385 412 415 460 484
189 14 41 58 62 78 92 98 106 109 110 121 163 217 230 278 311 313 314 315 323 343 363 366 373 412 424 469 487 499
190 22 24 45 134 177 181 187 188 197 206 211 225 255 265 287 310 314 331 368 377 389 400 434 463 482
191 47 52 59 63 64 88 92 96 113 160 161 183 185 197 240 246 261 262 295 296 306 317 319 352 367 380 399 441 465 473
192 90 122 164 176 197 230 285 288 296 455 457 467 478 497
193 24 122 139 141 180 213 219 264 276 284 287 313 330 341 355 401 432 434 453 491
194 20 47 73 78 106 121 124 151 161 214 223 234 241 314 328 355 357 370 371 374 375 383 388 428 430 442 461 488
195 14 41 81 94 99 115 122 131 137 142 182 198 219 225 270 276 301 308 319 339 351 354 361 373 389 395 401 460 493
196 6 7 28 71 81 123 174 185 203 205 248 249 250 274 279 289 320 323 360 367 388 427 444 453 478 492
197 9 10 42 61 62 80 93 98 107 112 145 160 190 191 192 205 215 336 347 391 413 421 426 428 463 469 484 487
198 29 46 92 180 195 199 212 217 249 264 284 300 326 332 348 357 366 381 386 387 412 454 455 477
199 7 12 14 21 24 35 147 149 164 198 203 247 286 293 297 303 330 346 367 415 430 438 442 448 466 476 482 497
200 59 62 109 111 123 139 146 218 249 251 253 261 278 293 305 310 375 380 389 404 449 458 466 499
201 7 27 31 107 121 144 153 165 173 178 231 302 323 337 339 343 361 381 386 387 413 417 432 451 457
202 12 70 136 211 240 278 292 310 313 329 339 347 355 363 371 384 402 412 435 445 447 467 473 476 483 493
203 25 39 59 92 173 196 199 223 282 313 318 370 390 399 412 413 483
204 0 8 11 20 79 101 118 120 127 146 157 163 166 171 172 177 219 225 227 269 275 315 323 334 336 338 340 341 359 427 432 450 472 495
205 21 22 44 92 99 104 146 153 164 183 187 196 197 211 256 265 266 282 290 296 299 306 368 405 467
206 5 37 66 73 130 148 168 183 190 239 260 291 328 334 363 375 396 419 456 459 464 479
207 14 45 56 78 105 144 186 227 240 290 310 331 344 385 398 412 415 425 446 469
208 19 61 85 117 137 157 159 160 211 219 225 234 245 249 266 301 303 313 341 344 354 357 360 361 367 388 417 441 442 458
209 20 53 56 77 89 106 152 180 224 232 245 263 273 311 319 391 394 441 453 455
210 28 64 76 113 144 145 169 257 280 291 306 318 322 340 351 368 413 435 461 486 487
211 70 105 119 122 131 146 149 179 190 202 205 208 256 260 316 334 348 368 384 423 463 468 497
212 14 15 31 40 41 53 55 72 77 92 131 140 149 176 179 198 214 245 253 276 280 289 297 304 316 317 322 324 343 346 358 404 415 422 429 432 434 451 473 483
213 14 65 78 83 88 108 123 131 181 193 214 227 238 251 287 307 311 314 369 372 389 396 412 428
214 11 27 52 55 62 73 87 97 106 115 125 132 141 194 212 213 220 222 256 296 318 331 335 366 369 382 403 412 429 434 466 475
215 7 59 87 94 124 128 139 168 172 175 197 220 275 300 309 311 378 387 403 438 456 470 481 482 490
216 97 111 116 125 136 142 157 184 225 243 261 275 299 308 309 312 316 322 365 367 373 423 430 481
217 7 22 30 70 116 134 142 156 185 188 189 198 238 247 284 308 322 338 361 367 379 415 419 421 425 430 455 482 484 487
218 29 30 57 91 94 109 110 152 177 200 223 300 306 321 326 343 352 357 370 387 402 413 436 440 449 462 478 496
219 26 32 44 61 70 72 97 116 124 129 148 150 165 171 180 193 195 204 208 224 257 265 290 323 324 354 391 395 418 423 425 445 465
220 10 22 27 46 77 88 103 110 119 147 214 215 230 231 245 248 283 319 321 342 422 445 461 470 473
221 0 38 64 81 100 105 111 176 181 225 250 280 285 300 322 340 356 397 409 418
222 0 68 78 88 108 123 125 128 150 159 170 214 229 234 236 243 252 285 296 317 350 363 418 423 428 431 439 443 483 496
223 2 18 35 46 66 116 119 129 131 136 145 152 153 194 203 218 234 246 253 254 272 288 298 312 318 353 380 381 389 395 401 488
224 76 77 104 107 127 132 143 161 163 182 209 219 226 230 244 253 263 313 328 358 365 387 415 428 442 458 463 472 478 499
225 37 46 49 97 124 126 157 172 181 190 195 204 208 216 221 243 247 268 281 296 299 307 327 338 348 349 376 378 493
226 4 14 23 65 85 114 179 186 224 249 252 261 265 321 332 379 393 405 411 438 443 478 489
227 31 33 42 81 107 113 140 204 207 213 248 272 280 309 327 391 396 397 405 417 437
228 18 40 71 124 131 134 160 165 170 234 252 262 269 271 330 353 405 407 436 437 458 465 474 492 495
229 3 25 45 71 76 112 117 121 140 168 173 222 252 264 280 287 316 342 356 396 423 434 435 481 498
230 13 54 73 77 88 94 106 116 118 120 122 125 177 189 192 220 224 250 253 263 277 285 293 349 364 393 396 406 431 449 466 480 499
231 20 34 48 52 81 89 96 131 187 201 220 273 274 286 322 324 327 350 380 381 416 421 443 460 465 477
232 7 23 30 34 72 85 95 107 111 114 166 182 209 292 350 370 381 382 394 435 468 488
233 9 38 40 161 241 252 256 258 284 344 348 353 371 386 419 444 477 483 494
234 28 59 81 121 127 166 194 208 222 223 228 267 275 276 297 313 326 337 363 384 412 415 443 482 487
235 8 17 38 39 63 84 98 123 137 148 150 152 173 174 184 278 295 299 309 323 340 371 406 416 422 445 486
236 51 61 126 158 162 169 222 243 253 272 275 281 369 407 409 428 465
237 2 27 31 32 68 99 100 126 132 159 161 166 175 272 279 287 313 332 348 352 353 354 357 361 371 420 472
238 12 25 40 70 73 75 88 91 95 101 133 150 177 213 217 265 338 354 398 424 427 445 451 472 479 483 499
239 0 21 30 39 70 88 103 130 160 175 206 270 295 316 327 328 337 342 345 370 380 388 444 447
240 90 116 162 168 191 202 207 254 309 315 325 375 378 494
241 16 29 30 45 83 120 121 152 154 155 163 166 168 194 233 246 258 259 270 286 289 292 321 324 331 344 386 388 393 395 396 449 450 469
242 4 6 7 15 51 74 75 88 115 120 125 143 148 152 273 276 283 301 357 369 377 392 434 499
243 11 39 50 52 54 58 70 175 216 222 225 236 291 304 311 333 353 358 364 372 406 433 446 449 455 475 479
244 22 46 60 61 68 77 111 121 141 156 176 224 288 292 335 370 387 388 392 397 406 433 439 475
245 0 37 53 64 72 73 76 78 82 114 142 143 153 171 208 209 212 220 247 254 270 334 350 360 382 408 412 426 430 433 478 482 497 499
246 29 34 36 77 110 124 177 184 191 223 241 247 255 306 340 415 418 436 466 470
247 4 13 16 22 27 36 45 57 66 74 79 84 99 115 117 149 159 173 186 199 217 225 245 246 251 269 282 292 294 326 337 398 409 412 471 477 480 482 497
248 4 8 14 48 68 134 161 196 220 227 254 263 270 277 285 286 320 341 364 426 453 472
249 19 61 105 164 165 169 196 198 200 208 226 257 296 313 384 406 437 454 498
250 43 48 69 86 90 96 97 99 105 109 126 139 162 165 176 183 196 221 230 278 279 316 323 327 343 380 418 419 456 494
251 5 10 13 16 99 139 181 200 213 247 270 278 304 312 319 360 425
252 0 8 32 43 74 75 82 105 106 118 122 169 222 226 228 229 233 259 261 291 308 339 350 356 364 377 396 403 409 414 436 441 447 456 464 487
253 4 39 41 50 56 84 92 107 113 137 184 200 212 223 224 230 236 254 278 294 315 330 331 351 384 402 412 423 456 463 465
254 49 52 58 59 69 70 174 223 240 245 248 253 255 278 290 304 320 323 335 344 346 416 438 456 474 485 492
255 9 14 31 46 97 151 158 166 190 246 254 275 292 319 339 351 357 395 432 473 479 482
256 52 60 66 98 134 147 152 205 211 214 233 263 283 284 329 385 400 403 411 415 432 444 476 478 484 493
257 8 12 46 51 100 134 174 210 219 249 303 326 327 336 368 376 395 450 470 479 488
258 14 25 34 36 44 50 130 131 159 167 233 241 262 276 281 308 312 339 345 364 397 401 415 432 438 466
259 6 27 34 122 133 144 159 241 252 266 295 331 344 357 364 380 419 438 447 448 449 457 465
260 97 125 141 167 169 175 183 206 211 263 275 315 347 355 401 407 410 426 432 443 460 471 475 492
261 22 40 43 61 76 77 90 101 122 156 191 200 216 226 252 298 300 315 336 345 352 395 417 446
262 33 37 52 62 91 94 96 107 132 165 177 191 228 258 263 269 320 335 343 363 372 376 378 389 407 432 453 474 485
263 11 19 44 46 61 75 138 161 166 172 175 184 209 224 230 248 256 260 262 282 286 315 320 325 330 342 389 399 404 424 427 456 477 480 493
264 33 38 53 58 73 78 91 148 149 193 198 229 308 310 324 343 351 387 391 400 407 466 487 488 495
265 16 82 111 112 124 143 190 205 219 226 238 271 284 300 348 361 365 407 423 427 433 439 479 483 495
266 18 23 58 63 64 71 81 91 141 142 177 178 205 208 259 304 386 394 410 422 458 488
267 38 56 75 97 109 131 134 139 150 154 163 165 177 184 234 311 358 396 476
268 2 46 59 76 79 159 160 170 179 225 271 280 294 298 315 356 364 418 432 444 464 466 485 487
269 19 51 71 99 111 117 128 182 204 228 247 262 315 323 327 342 368 384 391 426 455 464 472 473 484 494
270 51 124 128 165 188 195 239 241 245 248 251 284 287 289 294 301 306 311 314 315 318 322 378 382 403 405 423 424 429 430 444 468 486 491
271 32 77 85 101 113 118 124 132 143 149 153 156 161 228 265 268 299 304 309 337 343 349 359 368 398 426 442 447 468 475 493
272 41 61 65 99 223 227 236 237 284 343 378 423 443 466 474 483 489 493
273 24 37 63 145 154 173 209 231 242 276 294 304 306 327 331 351 365 379 380 416 452 466 478
274 6 12 27 41 71 92 117 120 141 147 148 164 170 196 231 293 297 329 330 337 350 366 370 371 373 384 396 419 421 475 493
275 4 57 68 100 105 149 152 154 167 185 204 215 216 234 236 255 260 286 332 338 341 354 369 372 373 383 404 412 424
276 6 30 51 70 72 103 104 107 108 115 140 180 186 193 195 212 234 242 258 273 283 315 336 337 399 402 405 412 421 457 470
277 3 11 16 31 33 49 77 80 126 139 230 248 304 317 341 352 373 399 462 469 478
278 34 53 71 87 96 106 124 146 160 161 189 200 202 235 250 251 253 254 285 293 297 335 345 362 389 401 423 468 487
279 31 32 57 84 89 112 119 150 165 196 237 250 282 339 351 383 397 411 443 451 452 456 476 494
280 71 77 87 93 96 97 99 186 210 212 221 227 229 268 286 289 305 318 331 333 383 394 398 408 411 424 456 459 463 469 477 488 497
281 27 33 37 43 57 62 71 79 110 133 140 173 185 225 236 258 324 355 369 395 405 437 448 476 499
282 30 51 61 70 119 142 160 166 203 205 247 263 279 291 301 326 328 352 372 396 413 415 420 441 447 457
283 8 39 46 75 81 109 126 132 133 138 146 170 220 242 256 276 297 367 382 404 425 462 476
284 3 19 25 32 65 69 75 84 112 138 143 145 155 193 198 217 233 256 265 270 272 302 396 413 424 431 447 468 471
285 17 18 50 53 66 87 90 91 124 134 139 155 167 168 192 221 222 230 248 278 325 327 329 341 351 356 364 383 386 392 398 402 474 481 493
286 38 63 102 116 162 183 199 231 241 248 263 275 280 287 333 338 345 355 371 381 389 421 428 443 465 476
287 2 6 14 21 55 88 115 127 141 145 184 188 190 193 213 229 237 270 286 292 316 318 331 370 397 405 437
288 2 12 42 58 70 103 158 169 185 192 223 244 389 396 398 449
289 22 57 64 87 92 104 120 152 153 188 196 212 241 270 280 301 329 392 400 407 423 429 444 454 462 475 490
290 6 94 104 107 112 140 145 155 205 207 219 254 304 334 351 361 362 368 373 374 399 408 425 435 463 478 483 491
291 22 46 58 75 98 157 169 206 210 243 252 282 294 312 338 349 371 380 382 410 489 493
292 50 54 61 66 82 99 158 164 188 202 232 241 244 247 255 287 295 317 343 358 373 383 408 414 456 459 481
293 13 14 70 85 94 96 98 140 160 199 200 230 274 278 298 312 317 343 363 383 408 433 439 448 457
294 47 55 73 112 138 184 247 253 268 270 273 291 325 399 436 450 471 477 491
295 5 25 44 65 69 71 115 117 148 169 191 235 239 259 292 302 377 379 380 384 388 394 407 436 466 475 499
296 55 84 93 94 154 163 191 192 205 214 222 225 249 312 319 327 356 378 387 419 421 440 449 460 468 487 490 492
297 3 26 42 56 70 91 94 114 119 144 172 180 199 212 234 274 278 283 324 336 379 398 402 441 449 485
298 8 63 72 96 109 161 187 223 261 268 293 312 321 324 331 342 344 383 401 405 410 414 432 449 499
299 16 24 50 77 95 97 119 131 136 137 139 157 178 188 205 216 225 235 271 301 336 378 381 384 385 409 422 434 484 492
300 5 11 38 102 114 136 138 179 198 215 218 221 261 265 310 318 360 365 429 478
301 35 40 41 58 101 145 171 173 195 208 242 270 282 289 299 309 321 329 375 379 380 395 418 438 449 458 473 489 496
302 15 44 47 58 71 72 91 101 131 134 143 155 165 201 284 295 308 313 314 336 353 354 359 372 406 421 448 461 467 469
303 35 52 70 89 92 97 179 199 208 257 305 321 347 353 360 362 363 444 473 479 482 495 498
304 80 107 119 125 156 172 186 212 243 251 254 266 271 273 277 290 330 337 341 356 370 425 443 444 467 479 483 486 498
305 20 46 54 55 75 104 110 143 144 184 200 280 303 343 367 370 384 391 401 412 454
306 27 79 84 85 107 114 130 148 150 172 177 191 205 210 218 246 270 273 324 326 395 426 438 439 444 494
307 7 41 49 61 93 124 128 143 147 155 162 171 182 213 225 310 312 313 314 315 324 333 364 385 422 435 444 449 487 488
308 15 22 51 60 81 131 195 216 217 252 258 264 302 345 435 466 473 481
309 36 56 80 118 144 154 166 178 215 216 227 235 240 271 301 312 330 387 390 395 414 452 453 490
310 24 40 56 76 126 139 146 157 190 200 202 207 264 300 307 325 344 356 369 424 442 455 463 493 496
311 7 9 16 22 33 76 148 163 180 189 209 213 215 243 267 270 344 357 371 422 426 448 457 459 468 476 482 488
312 1 10 75 85 174 216 223 251 258 291 293 296 298 307 309 325 361 406 418 445 446 449 453 454 469 483 484 487
313 0 8 76 118 146 179 189 193 202 203 208 224 234 237 249 302 307 326 328 329 338 340 355 388 394 405 441 459 478
314 11 32 38 44 61 92 96 126 158 170 175 186 189 190 194 213 270 302 307 383 425 430 462 495 498
315 36 110 118 147 152 168 175 186 189 204 240 253 260 261 263 268 269 270 276 307 323 352 387 394 482 496
316 14 22 60 71 104 135 174 184 211 212 216 229 239 250 287 328 347 361 369 377 422 457 478 492 493
317 31 34 50 59 73 111 130 138 168 191 212 222 277 292 293 338 348 370 373 394 396 417 426 455 467 495
318 22 44 62 85 94 148 174 181 203 210 214 223 270 280 287 300 348 354 406 421 449 458 465 466 474
319 85 136 152 156 191 195 209 220 251 255 296 327 345 349 354 422 449 472 486 497
320 3 7 11 13 17 34 36 39 54 90 93 111 131 175 187 188 196 248 254 262 263 332 339 346 366 379 400 409 422 429 449 462 497
321 8 62 71 129 167 188 218 220 226 241 298 301 303 361 362 373 449 453 466 476 484 490 493 497
322 1 32 50 87 99 115 123 132 154 160 167 187 210 212 216 217 221 231 270 366 409 428 437 463
323 2 13 59 82 85 87 95 149 152 189 196 201 204 219 235 250 254 269 315 325 348 366 370 376 384 396 471 472 484
324 7 21 79 87 121 132 158 174 212 219 231 241 264 281 297 298 306 307 325 328 330 335 346 358 364 401 432 435 471 477
325 21 22 31 43 54 78 93 95 149 177 240 263 285 294 310 312 323 324 347 355 365 418 440 442 469 481
326 18 28 36 61 72 95 104 106 142 154 198 218 234 247 257 282 306 313 332 334 349 356 365 411 427 435
327 20 41 54 99 111 119 134 137 153 164 174 225 227 231 239 250 257 269 273 285 296 319 368 377 395 440 453 480 494
328 4 6 20 27 66 88 96 117 122 135 171 194 206 224 239 282 313 316 324 332 334 355 393 445 465 476 489
329 12 15 29 41 51 68 72 73 121 126 127 129 202 256 274 285 289 301 313 347 357 362 373 376 382 387 389 412 416 421 432 434 469 476 495
330 36 50 66 69 72 84 93 130 171 193 199 228 253 263 274 304 309 324 352 358 396 410 412 434 481 483
331 21 42 43 51 55 78 179 190 207 214 241 253 259 273 280 287 298 338 412 442 460
332 0 58 77 105 106 137 198 226 237 275 320 326 328 339 347 371 378 403 408 433 446 477
333 0 36 39 50 53 97 129 132 136 151 160 243 280 286 307 368 402 422 437 465
334 38 39 59 65 74 92 130 146 184 204 206 211 245 290 326 328 341 343 401 407 427 440 445 453 470 481 495
335 8 9 53 86 102 111 119 123 153 157 214 244 254 262 278 324 339 349 357 362 480
336 16 37 48 82 97 105 111 154 162 174 197 204 257 261 276 297 299 302 382 388 427 438 443 444 472 497
337 33 39 57 123 153 201 234 239 247 271 274 276 304 348 383 408 421 455 459 496
338 16 58 90 96 129 147 160 165 174 184 204 217 225 238 275 286 291 313 317 331 357 359 366 448 456 463 470 472 481 483
339 0 19 51 79 111 112 115 137 138 148 160 171 181 183 186 195 201 202 252 255 258 279 320 332 335 352 390 474 480 484
340 40 67 104 135 139 150 204 210 221 235 246 313 343 379 448 455 457
341 20 79 106 108 132 146 149 184 185 193 204 208 248 275 277 285 304 334 357 362 373 376 388 438 444 445 452 461
342 8 19 39 42 86 94 122 157 220 229 239 263 269 298 345 384 394 405 417 442 444 453 470 473 496
343 0 21 49 60 62 63 64 127 171 189 201 212 218 250 262 264 271 272 292 293 305 334 340 370 381 391 406 421 458 479
344 25 41 53 56 97 106 141 176 207 208 233 241 254 259 298 310 311 350 352 435 452 453 463
345 2 20 44 49 93 108 113 121 139 168 178 239 258 261 278 286 308 319 342 385 388 389 421 433 440 462 483
346 49 50 58 64 73 109 154 160 170 183 199 212 254 320 324 347 352 374 396 421 453 455 474 484 496
347 18 42 43 64 90 91 92 128 157 161 197 202 260 303 316 325 329 332 346 357 372 374 378 392 407 414 468 496
348 17 21 83 118 125 131 175 184 198 211 225 233 237 265 317 318 323 337 365 382 386 412 422 454 487 489
349 31 32 67 87 89 95 147 180 187 225 230 271 291 319 326 335 370 383 400 404 444 478 485
350 31 99 127 181 186 222 231 232 245 252 274 344 394 397 441 490
351 0 8 18 22 32 35 39 46 54 67 172 187 195 210 253 255 264 273 279 285 290 352 358 377 430 455 461 471 474
352 2 13 26 29 112 151 165 170 191 218 237 261 277 282 315 330 339 344 346 351 356 366 386 420 458 481 487
353 9 56 88 97 126 133 145 154 156 163 172 174 223 228 233 237 243 302 303 360 405 419 448 465 492
354 29 43 72 97 115 125 155 156 195 208 219 237 238 275 302 318 319 363 416 431 442 446 466
355 69 112 159 193 194 202 260 281 286 313 325 328 382 391 410 453 460 471 483 494
356 35 70 76 89 92 100 104 137 159 171 175 221 229 252 268 285 296 304 310 326 352 365 396 399 401 435 475
357 13 47 52 71 82 86 101 102 110 114 145 157 169 174 194 198 208 218 237 242 255 259 311 329 335 338 341 347 365 369 390 400 406 452 459 496
358 0 32 45 48 73 83 117 128 144 150 177 212 224 243 267 292 324 330 351 365 371 386 400 425 441 442 488 491
359 9 49 59 72 105 111 140 180 204 271 302 338 360 381 410 425 453 472 497
360 46 66 77 80 88 113 140 174 196 208 245 251 300 303 353 359 375 386 487 494
361 13 14 20 72 120 122 145 176 181 195 201 208 217 237 265 290 312 316 321 402 431 449
362 4 41 43 51 56 59 87 115 159 177 278 290 303 321 329 335 341 409 441 456 467 476 489
363 45 50 57 120 122 135 141 162 180 189 202 206 222 234 262 293 303 354 391 394 397 440 446 486 487 490
364 3 15 19 30 34 66 142 163 183 230 243 248 252 258 259 268 285 307 324 366 376 452 484
365 37 47 68 117 175 176 216 224 265 273 300 325 326 348 356 357 358 366 404 417 433 444 456 487 497
366 2 5 10 19 53 130 153 158 180 189 198 214 274 320 322 323 338 352 364 365 416 430 469 486
367 61 72 95 96 113 143 170 191 196 199 208 216 217 283 305 377
368 9 31 78 86 101 108 161 163 178 190 205 210 211 257 269 271 290 327 333 396 419 426 454 462
369 7 15 25 37 82 91 108 123 146 167 173 182 184 213 214 236 242 275 281 310 316 357 371 402 415 491
370 21 60 143 159 187 194 203 218 232 239 244 274 287 304 305 317 323 343 349 406 414 419 438 499
371 6 21 33 46 47 56 59 85 89 96 100 124 129 138 141 157 194 202 233 235 237 274 286 291 311 332 358 369 396 433 464 483 491
372 7 15 38 54 100 102 151 179 185 186 213 243 262 275 282 302 347 388 425 447 456
373 54 69 78 83 114 133 189 195 216 274 275 277 290 292 317 321 329 341 401 424 439 457 471 478 495
374 19 43 59 63 90 98 112 149 168 194 290 346 347 396 398 400 408 429 445 453 497
375 8 18 21 34 44 52 56 63 67 98 106 109 111 118 171 187 194 200 206 240 301 360 381 440 443 449 459
376 19 28 121 126 139 155 156 157 164 169 172 183 187 225 257 262 323 329 341 364 377 424 446 459
377 0 30 46 56 61 80 86 87 93 105 140 175 187 190 242 252 295 316 327 351 367 376 389 391 395 485 495
378 12 25 36 42 44 65 70 97 124 215 225 240 262 270 272 296 299 332 347 383 384 402 436 464 487
379 0 36 71 81 128 131 157 173 217 226 273 295 297 301 320 340 398 414 497
380 7 58 62 112 131 171 185 191 200 223 231 239 250 259 273 291 295 301 445 452 487 492
381 5 29 36 40 91 93 96 131 151 198 201 223 231 232 286 299 343 359 375 386 447 452 478 491
382 4 38 44 57 81 85 95 98 101 148 171 182 186 214 232 245 270 283 291 329 336 348 355 388 393 413 415 432 454 472 479 480
383 24 49 75 87 89 96 100 111 129 138 143 148 194 275 279 280 285 292 293 298 314 337 349 378 384 397 460 461 483 498
384 15 52 56 61 84 103 127 172 202 211 234 249 253 269 274 295 299 305 323 342 378 383 393 402 408 442 475 494
385 1 15 40 72 75 114 120 149 168 188 207 256 299 307 345 439 471 484 490
386 37 40 57 58 59 173 198 201 233 241 266 285 348 352 358 360 381 387 393 395 452 479
387 9 58 78 88 132 140 147 198 201 215 218 224 244 264 296 309 315 329 386 393 419 440 462 463 467
388 35 69 75 87 97 100 104 121 132 168 194 196 208 239 241 244 295 313 336 341 345 372 382 393 408 415 478
389 23 55 59 77 91 116 136 142 145 152 158 163 172 190 195 200 213 223 262 263 278 286 288 329 345 377 405 435 457 463
390 7 8 14 27 29 39 48 85 109 110 143 160 178 203 309 339 357 438 449 472 496
391 20 33 64 88 95 116 128 162 170 197 209 219 227 264 269 305 343 355 363 377 403 407 428 431 434 490 492
392 7 31 39 51 52 62 76 91 130 242 244 285 289 347 402 407 408 453 475 480
393 1 15 35 46 90 100 101 105 107 120 147 173 226 230 241 328 382 384 386 387 388 451 456 486
394 18 22 79 119 122 157 179 187 209 232 266 280 295 313 315 317 342 350 363 439 453 464 471 472 473 476 495
395 0 14 123 154 172 173 179 195 219 223 241 255 257 261 281 301 306 309 327 377 386 397 413 415 485 490
396 2 9 49 63 84 126 206 213 227 229 230 241 252 267 274 282 284 288 317 323 330 346 356 368 371 374 407 447 482 499
397 1 2 48 72 104 130 139 221 227 244 258 279 287 350 363 383 395 406 411 440 462 478 481 490
398 12 16 78 80 83 89 98 105 106 112 117 129 175 207 238 247 271 280 285 288 297 374 379 403 452 466 487
399 9 35 36 52 58 66 68 69 90 97 183 191 203 263 276 277 290 294 356 404 414 420 427 451
400 27 104 150 190 256 264 289 320 349 357 358 374 431 437 467 472
401 12 34 43 45 68 86 100 118 147 193 195 223 258 260 278 298 305 324 334 356 373 410 424 435 436 449 453 466 497
402 3 24 42 110 122 127 131 144 151 152 202 218 253 276 285 297 333 361 369 378 384 392 436 458 473 487
403 7 19 48 62 64 65 105 141 145 155 165 214 215 252 256 270 332 391 398 452 480
404 25 32 56 65 109 118 119 138 156 181 200 212 263 275 283 349 365 399 420 421 426 434 454 460 467 468 478 488
405 59 71 158 162 174 205 226 227 228 270 276 281 287 298 313 342 353 389 409 414 416 436 462 474
406 8 10 38 53 62 74 79 131 166 169 173 230 235 243 244 249 302 312 318 343 357 370 397 429 475 498
407 33 38 42 48 104 112 113 142 153 164 166 228 236 260 262 264 265 289 295 334 347 391 392 396 420 422 469 470 489
408 40 76 116 160 245 280 290 292 293 332 337 374 384 388 392
409 4 29 76 84 91 117 140 221 236 247 252 299 320 322 362 405 492
410 3 12 15 31 46 78 103 129 149 159 166 260 266 291 298 330 355 359 401 422 426 428 431 464
411 22 31 34 47 60 69 79 116 142 226 256 279 280 326 397 439 443 479
412 54 63 68 87 88 145 163 178 188 189 198 202 203 207 213 214 234 245 247 253 275 276 305 329 330 331 348 435 446 461 465 466 467 477 478
413 22 32 56 62 89 94 108 146 181 182 197 201 203 210 218 282 284 382 395 425 434 444 462
414 7 10 22 74 89 129 155 159 164 165 252 292 298 309 347 370 379 399 405 428 467 478 486
415 20 37 67 69 123 136 139 149 151 188 199 207 212 217 224 234 246 256 258 282 369 382 388 395 421 429 433 434 435 444 453 454 477
416 66 85 116 148 154 164 175 231 235 254 273 329 354 366 405 446 451 462 469 476 481 485
417 31 42 60 61 72 81 112 140 143 201 208 227 261 317 342 365 429 439 488
418 13 18 44 45 51 55 76 135 140 152 157 170 219 221 222 246 250 268 301 312 325 438 439 440 470 491 492
419 8 21 74 101 118 131 145 152 165 186 206 217 233 250 259 274 296 353 368 370 387 422 434 439 476
420 43 53 57 68 92 125 143 144 237 282 352 399 404 407 435 483 493
421 28 31 41 50 52 90 114 131 145 157 176 197 217 231 274 276 286 296 302 318 329 337 343 345 346 404 415 427 433 451 452 483
422 27 60 62 96 134 163 164 165 212 220 235 266 299 307 311 316 319 320 333 348 407 410 419 431 442 452 480 492
423 34 67 74 143 157 183 211 216 219 222 229 253 265 270 272 278 289 481 497
424 96 105 154 169 175 178 187 189 238 263 270 275 280 284 310 373 376 401 430 473
425 2 27 31 45 58 71 76 88 98 129 135 140 146 148 183 207 217 219 251 283 290 304 314 358 359 372 413 438 453 458
426 5 29 33 48 68 76 85 107 135 136 167 181 186 197 245 248 260 269 271 306 311 317 368 404 410
427 4 34 68 82 94 143 150 196 204 238 263 265 326 334 336 399 421 430 434 446 454 460 471
428 14 16 23 45 64 116 130 194 197 213 222 224 236 286 322 391 410 414 444 454 456 482
429 3 13 17 18 61 67 94 96 99 103 104 155 172 212 214 270 289 300 320 374 406 415 417 436
430 23 103 121 125 126 132 134 136 156 157 194 199 216 217 245 270 314 351 366 424 427 443 463 469 490
431 3 25 30 54 102 124 164 165 222 230 284 354 361 391 400 410 422 462 465 474 482
432 14 16 27 38 42 61 73 112 127 149 173 174 193 201 204 212 255 256 258 260 262 268 298 324 329 382 436 452 455 463 476 488
433 53 76 98 102 106 147 178 180 243 244 245 265 293 332 345 365 371 415 421 439 454 489 491 499
434 7 8 40 43 55 61 78 82 84 87 100 129 136 184 190 193 212 214 229 242 299 329 330 391 404 413 415 419 427 453 460
435 28 36 175 176 202 210 229 232 290 307 308 324 326 344 356 389 401 412 415 420 438 463 477 480
436 19 100 118 124 156 165 173 218 228 246 252 294 295 378 401 402 405 429 432 460 479
437 28 41 73 82 86 152 154 166 227 228 249 281 287 322 333 400 471 474 488 496
438 11 22 59 73 107 135 139 159 163 173 180 199 215 226 254 258 259 301 306 336 341 370 390 418 425 435 446 453 457
439 6 100 128 137 157 222 244 265 293 306 373 385 394 411 417 418 419 433 477 499
440 68 71 97 116 125 130 150 152 182 183 218 296 325 327 334 345 363 375 387 397 418
441 6 10 56 76 125 126 191 208 209 252 282 297 313 350 358 362 469 476
442 7 31 35 72 79 83 116 120 131 143 147 165 185 194 199 208 224 271 310 325 331 342 354 358 384 422 456 457 467 482 498
443 44 51 98 149 150 168 169 170 222 226 231 234 260 272 279 286 304 336 375 411 430 468
444 33 105 122 128 134 196 233 239 256 268 270 289 303 304 306 307 336 341 342 349 365 413 415 428 458 467 470 496
445 3 18 58 78 126 141 149 165 202 219 220 235 238 312 328 334 341 374 380 480 494
446 1 5 70 136 144 155 170 207 243 261 312 332 354 363 376 412 416 427 438 448 474
447 13 46 62 66 86 94 102 155 157 185 187 202 239 252 259 271 282 284 372 381 396 453 474 482 494 498
448 7 68 160 173 199 259 281 293 302 311 338 340 353 446
449 13 36 74 86 101 151 186 200 218 230 241 243 259 288 296 297 298 301 307 312 318 319 320 321 361 375 390 401 452 458 473 475 487
450 6 32 45 59 87 138 182 204 241 257 294 487
451 21 32 37 39 80 201 212 238 279 393 399 416 421 480
452 40 49 55 89 123 153 182 273 279 309 341 344 357 364 380 381 386 398 403 421 422 432 449 461 471
453 7 75 93 103 105 125 193 196 209 248 262 309 312 321 327 334 342 344 346 355 359 374 392 394 401 415 425 434 438 447 473
454 13 40 90 102 114 119 157 158 176 180 198 249 289 305 312 348 368 382 404 415 427 428 433 458 466
455 2 31 56 148 161 170 192 198 209 217 243 269 310 317 337 340 346 351 432 463 475 482 497
456 6 15 49 56 90 115 131 141 206 215 250 252 253 254 263 279 280 292 338 362 365 372 393 428 442 496
457 6 12 31 36 58 68 75 119 138 147 150 192 201 259 276 282 293 311 316 340 373 389 438 442 462 487
458 23 37 52 146 155 162 168 170 187 200 208 224 228 266 301 318 343 352 402 425 444 449 454 459 491
459 50 80 96 113 136 206 280 292 311 313 337 357 375 376 458 487
460 16 45 49 75 81 136 173 175 177 188 195 231 260 296 331 355 383 404 427 434 436
461 37 72 76 84 114 194 210 220 302 341 351 383 412 452 466 468
462 28 32 38 54 158 159 181 218 277 283 289 314 320 345 368 387 397 405 413 416 431 457 469 472 473 488 494
463 30 36 60 76 79 84 87 126 127 135 149 190 197 211 224 253 280 290 310 322 338 344 387 389 430 432 435 455 495
464 17 18 37 46 125 161 166 169 178 206 252 268 269 371 378 394 410 467 483
465 23 65 69 80 86 150 155 191 219 228 231 236 253 259 286 318 328 333 353 412 431 489
466 2 3 22 24 78 84 101 133 139 147 199 200 214 230 246 258 264 268 272 273 295 308 318 321 354 398 401 412 454 461 469 495
467 18 22 39 62 72 122 150 151 181 192 202 205 302 304 317 362 387 400 404 412 414 442 444 464 471 491
468 4 25 44 54 64 125 127 160 211 232 270 271 278 284 296 311 347 404 443 461 479 497
469 20 25 26 47 71 85 96 145 148 163 173 189 197 207 241 277 280 302 312 325 329 366 407 416 430 441 462 466 497
470 20 26 60 74 76 87 95 133 158 215 220 246 257 276 334 338 342 407 418 444 487 493
471 11 13 27 55 63 78 105 112 128 130 159 247 260 284 294 323 324 351 355 373 385 394 427 437 452 467
472 3 6 25 29 109 118 166 204 224 237 238 248 269 319 323 336 338 359 382 390 394 400 462 477 481
473 3 33 34 71 72 86 119 143 152 160 172 191 202 212 220 255 269 301 303 308 342 394 402 424 449 453 462 485
474 2 26 35 46 61 75 111 118 122 139 142 153 165 228 254 262 272 285 318 339 346 351 405 431 437 446 447
475 43 51 66 67 97 127 132 149 153 177 180 214 243 244 260 271 274 289 295 356 384 392 406 449 455 484
476 54 80 110 121 127 199 202 256 267 279 281 283 286 311 321 328 329 362 394 416 419 432 441 477 487
477 2 5 22 26 55 58 59 74 99 106 156 198 231 233 247 263 280 294 324 332 412 415 435 439 472 476 495
478 11 27 52 82 92 112 151 176 192 196 218 224 226 245 256 273 277 290 300 313 316 349 373 381 388 397 404 412 414 490 491
479 45 71 72 74 84 95 97 100 111 115 206 238 243 255 257 265 303 304 343 382 386 411 436 468 485 492
480 11 42 44 51 72 74 125 152 163 230 247 263 327 335 339 382 392 403 422 435 445 451 488
481 7 9 30 47 92 152 168 169 173 215 216 229 285 292 308 325 330 334 338 352 397 416 423 472 482 494
482 17 30 46 52 71 87 109 163 179 190 199 215 217 234 245 247 255 303 311 315 396 428 431 442 447 455 481
483 17 19 100 135 138 142 150 202 203 212 222 233 238 265 272 290 304 312 330 338 345 355 371 383 420 421 464 494
484 26 62 80 87 109 120 125 126 128 130 156 188 197 217 256 269 299 312 321 323 339 346 364 385 475 489
485 0 27 29 46 52 65 72 90 111 124 148 153 254 262 268 297 349 377 395 416 473 479
486 84 85 94 105 107 147 164 185 210 235 270 304 319 363 366 393 414
487 1 8 51 61 72 101 104 118 146 189 197 210 217 234 252 264 268 278 296 307 312 348 352 360 363 365 378 380 398 402 449 450 457 459 470 476 492 494
488 1 32 68 69 72 92 114 117 155 167 171 194 223 232 257 264 266 280 307 311 358 404 417 432 437 462 480 498
489 26 29 36 78 100 116 119 148 157 160 173 176 177 183 186 226 272 291 301 328 348 362 407 433 465 484
490 33 39 61 78 79 82 125 146 147 151 163 187 215 289 296 309 321 350 363 385 391 395 397 430 478
491 11 37 55 69 70 98 193 270 290 294 358 369 371 381 418 433 458 467 478 493
492 100 129 166 176 196 228 254 260 296 299 316 353 380 391 409 418 422 479 487
493 22 33 35 43 67 81 83 98 101 104 108 134 169 171 195 202 225 256 263 271 272 274 285 291 310 316 321 420 470 491
494 0 20 61 142 151 172 233 240 250 269 279 306 327 355 360 384 445 447 462 481 483 487
495 12 42 58 89 98 111 114 153 204 228 264 265 303 314 317 329 334 373 377 394 463 466 477
496 18 35 38 59 60 124 143 155 165 184 186 218 222 301 310 315 337 342 346 347 357 390 437 444 456
497 5 26 28 33 42 49 107 139 156 157 192 199 211 245 247 280 319 320 321 336 359 365 374 379 401 423 455 468 469
498 7 19 60 70 96 114 148 170 229 249 303 304 314 383 406 442 447 488
499 39 80 92 93 104 126 149 189 200 224 230 238 242 245 281 295 298 370 396 433 439
