1457 1943
0 154 949 1031
1 457 995
2 593
3 25 776
4 365
5 282 442 1139
6 805 817 1126
7 420 463 686
8 214
9 70 152 289 599 624 726 931 1201 1214
10 79 245 467 624 775 1072 1178 1195 1196 1197 1198
11 96 431 565 736 1271
12 327 940
13 1103
14 343
15 565 842 1238 1271 1366
16 83 112
17 190
18 373 621 1065 1193 1238 1359 1360
19 704
20 163 200 286 424 808 1113
21 583
22 150 688 911 1437 1438
23 164 261 345 470 618 636 782 787 953 1027 1061
24 34 199
25 3 119 153 216 683 694 722 754 896 1007 1024 1130 1206 1240 1329 1348 1349 1350 1351 1352 1353 1354 1355 1356 1357
26 42 967
27 565
28 631
29 540 983
30 378 437 537 672 755 957
31 79 775 852
32 145
33 631
34 24 355 625 966
35 455
36 804 852
37 636
38 145
39 262 673
40 145
41 398 406 462 680 862 999 1261
42 26
43 863 1248
44 97
45 456
46 324 343 560 781 1063 1093
47 343 995
48 184
49 136 1160
50 101 231 426
51 353
52 702 856
53 782
54 571 1090
55 108 265
56 258 883 1091 1215 1216
57 565 904
58 134
59 593 642 758
60 565
61 202 773 826 833 965
62 190 849 907 1273
63 134
64 160 940 1252
65 70 161 334 459 1166 1430
66 593
67 561 1238
68 145 156 360 1401 1402
69 280
70 9 65 161 326 361 424 459 563 630 743 767 897 978 1115 1143 1199 1200 1201
71 449
72 842 1404
73 681 753
74 613
75 274 754
76 754
77 434
78 218 221 279 299 488
79 10 31 167 200 365 493 624 1065 1177 1178 1179 1180
80 303 583 751 786
81 146 364 431 520 1163
82 268
83 16 182 540 817 818 889 983 1125 1171
84 805
85 754
86 959
87 284 713 1404
88 382 561 570 706 817 903
89 779 906
90 828 963
91 817
92 355
93 709
94 365 1229 1230 1259
95 844
96 11 110 119 177 184 249 250 264 274 322 511 656 679 729 773 808 911 935 1019 1038 1169 1177 1239 1371 1372 1373 1374 1375 1376 1377
97 44 365 848
98 404
99 145
100 954
101 50
102 428
103 132
104 626 817 1449 1450
105 967
106 184
107 604
108 55 265
109 954
110 96 306
111 129
112 16
113 1097
114 129
115 145
116 271
117 456 636
118 631
119 25 96 1034
120 187 250 278 336 423 469 511 534 847 852 1082 1271 1273
121 211 842
122 265 365 951 977 1085
123 565
124 153 593 873
125 330 412
126 301
127 213 381 504 530 589 610 1099
128 132 292 341 565
129 111 114 152 164 301 384 458 612 676 993 1028
130 553
131 646 959
132 103 128 134 275 288 631 840 851 857 996 1032 1034 1068 1124
133 145
134 58 63 132 207 223 264 272 340 394 472 620 631 691 723 884 917 924 996 1135
135 269
136 49 292 331 890 1128
137 256 741 1308
138 343
139 224 308 359 487 955
140 817
141 748
142 194
143 835
144 299 1225
145 32 38 40 68 99 115 133 175 193 240 244 251 280 293 295 297 298 310 374 445 476 478 509 529 533 542 545 555 568 587 595 622 675 739 761 795 838 849 850 895 905 908 916 976 979 990 997 1005 1020 1029 1047 1056 1095 1107 1151 1167
146 81 185 528 1146
147 377 719
148 669 1045
149 470
150 22 602 817
151 211 1111
152 9 129 186 255 356 439 749 756 809 897 1143 1203
153 25 124
154 0 1031 1284
155 710 775 1168
156 68 1071 1121 1415
157 197
158 222 230
159 448 705
160 64 389 419 582 899
161 65 70
162 753
163 20 200 446 797
164 23 129 300 457 659 995 1027
165 753
166 279 443
167 79 365
168 1111
169 452 1105
170 227 302
171 404
172 821 1153
173 859
174 245
175 145
176 959
177 96 546 748 817 1015
178 662 842 918 1111
179 709 791
180 395
181 199
182 83 817
183 202
184 48 96 106
185 146
186 152 968
187 120
188 436 668
189 359
190 17 62 315 849 907
191 331
192 492 613 1435
193 145
194 142 1254
195 416 427
196 522
197 157 260 441 456
198 396 1433
199 24 181 927
200 20 79 163 245 446 808 1072
201 333 527 1273
202 61 183 348 565 842 1127
203 1013 1210
204 1018
205 365 1065
206 343 1210
207 134
208 269 539 634 1273
209 255
210 241 413 482 536 586 632
211 121 151 257 353 1379
212 292 918 1396 1411
213 127
214 8 474
215 645
216 25 375
217 817
218 78 821 832 854 1121 1425
219 631
220 257 554 832 842
221 78 279 299 342 346 385 403 517 903 1408 1419 1420 1421
222 158 711 859 1233
223 134
224 139
225 593
226 734 1361 1362
227 170 337
228 319 343
229 777 864 949
230 158 515 582 708 1257
231 50 316 601 1027 1040
232 657 1000 1013 1099
233 580 1219
234 601
235 464
236 453 650 1128
237 709 1394
238 913 963 1392 1393 1394 1395
239 279 392 636 817 818 868 1078 1154
240 145 270
241 210 413 765 962
242 689
243 817
244 145
245 10 174 200 653 1072 1427
246 383
247 636
248 342
249 96 299 1024 1062
250 96 120 511 522 665 775 852 866 977 1054 1128 1191 1231
251 145 463 674 686 789 817 1013
252 1122
253 658 782 802 1045
254 309 570
255 152 209 356 561 654 747 774 806 809 816 819 845 879 1041
256 137
257 211 220 442 1100 1147
258 56 541 948
259 817 1169
260 197
261 23 339 636
262 39 365 1414
263 798
264 96 134 1166
265 55 108 122 365 486 652 935 940 1065 1238 1346 1347
266 456 1168
267 449 701
268 82 481 1052 1079
269 135 208 325 564 573 578 603 932 1012 1021 1046
270 240 878
271 116 408 1062
272 134
273 343 1166
274 75 96 465 641 685
275 132
276 285 317 404
277 359 887 1101
278 120
279 78 166 221 239 299 346 484 517 1398 1408
280 69 145
281 950
282 5 896
283 510 732 821
284 87 713
285 276 316 404 430 912 964 1391
286 20 446 508 516 1113
287 390 1084
288 132
289 9
290 687
291 709
292 128 136 212 613
293 145
294 357
295 145
296 514
297 145
298 145
299 78 144 221 249 279 403 532 903 1112 1404 1406
300 164 335 561 636 842 946
301 126 129 852
302 170 337
303 80 786
304 311 349 393 690 1058 1326
305 525 640
306 110 1155
307 1055
308 139
309 254
310 145
311 304 382 1286 1292
312 753
313 382 395 844 855
314 548 884
315 190
316 231 285 404
317 276 758 772 958 996
318 707 952 1038 1130 1185 1208 1383 1384 1385
319 228 350 701 829 1210
320 464 918 1238
321 359
322 96 331 348 1128 1238
323 950
324 46
325 269
326 70 611 764 1111
327 12
328 959
329 528 954
330 125 817
331 136 191 322 417 755 836 902 1140 1148
332 1010 1011
333 201 651 1138
334 65 359
335 300 382 565 601 888 1210
336 120
337 227 302 959
338 1166 1407
339 261 618 636 782 785 953 1027 1039 1061
340 134
341 128 444
342 221 248
343 14 46 47 138 206 228 273 518 592 604 781 967 1063 1089 1093
344 866
345 23 636 953
346 221 279 483 488 591 1397 1398 1399
347 463
348 202 322 428 537
349 304 642 763
350 319 392 394 472 475 656
351 565 904
352 396
353 51 211 570 582 735 740 755 757 842 985 1068 1226 1227
354 706
355 34 92
356 152 255
357 294 466 1069
358 565 639 1077
359 139 189 277 321 334 1009 1102
360 68 766
361 70 1156
362 1007
363 844
364 81 734 742 1038 1142
365 4 79 94 97 122 167 205 262 265 502 544 730 799 877 951 972 1053 1065 1409
366 961
367 922 981 1439
368 881 981
369 959
370 463 603 888 1416
371 864
372 944
373 18 486 1238
374 145 1287
375 216
376 968
377 147
378 30 437 537 672 755 957
379 575 876 1086
380 565
381 127 728
382 88 311 313 335 1242 1292 1296
383 246 661
384 129
385 221
386 799
387 455 559 936 1039 1042 1208 1209
388 1023
389 160 1023
390 287
391 681 904 1110
392 239 350 868 1019
393 304 1079 1398
394 134 350
395 180 313 460 708 1431 1432
396 198 352 595
397 405 601
398 41 1250
399 1190
400 636 1090
401 567 1070
402 431
403 221 299 488 903 906
404 98 171 276 285 316 430 617 652 853 915
405 397 601
406 41 706 906 1019
407 1128
408 271
409 1111
410 1253
411 1162
412 125 1099
413 210 241 765 962 1016 1162
414 440
415 752
416 195 427 431 520 1038 1369
417 331
418 623 703 727 831 1071 1074
419 160
420 7 462 1416
421 636
422 591
423 120
424 20 70 446 827
425 1170
426 50
427 195 416
428 102 348 583 776 1271 1342
429 456
430 285 404
431 11 81 402 416 621 762 817 830 865 871 971 1022 1050 1087 1142
432 1111
433 842 959
434 77 599 601 627 633 892 1043 1152
435 672 968
436 188
437 30 378 537 672 957
438 719
439 152
440 414 448 552 1039
441 197
442 5 257 893 1092 1139
443 166 582 599 601 967 977 1133
444 341 569 683 959 1118
445 145
446 163 200 286 424 516 808 1113 1262
447 968
448 159 440 483
449 71 267 701 1137
450 1048 1090
451 669
452 169 466 752 928 1082
453 236
454 813
455 35 387
456 45 117 197 266 429 637 695 696 699 824
457 1 164 995
458 129
459 65 70
460 395
461 968
462 41 420 603 817 903 918 1416
463 7 251 347 370 817 988 1098 1162 1170
464 235 320 991 1285
465 274
466 357 452
467 10 1128
468 866
469 120
470 23 149 636 805
471 776
472 134 350 1026 1084
473 944
474 214 717
475 350
476 145
477 1035
478 145
479 565
480 719
481 268
482 210
483 346 448 1399
484 279 514 1408
485 1170
486 265 373 1055
487 139
488 78 346 403 903
489 758
490 495
491 817
492 192 737 817 923
493 79 631
494 959
495 490 944
496 688
497 734
498 1054
499 1099
500 547
501 778 906 969 1238
502 365 565
503 572 1116 1123
504 127
505 636
506 636 1166
507 842
508 286
509 145 655
510 283 825 1109 1162 1445 1446
511 96 120 250 522 775 852 866 977 1128 1191 1231
512 1111
513 809
514 296 484 565
515 230 939
516 286 446 1113 1400
517 221 279 593 1419
518 343
519 717 1098
520 81 416 971 1037 1142
521 809
522 196 250 511 650 758 977 1057 1128 1194
523 817
524 817 1434
525 305 770 1073
526 534 1170
527 201 959 1129
528 146 329 945
529 145
530 127
531 817
532 299
533 145 852 977
534 120 526 1440 1441 1442
535 659 892 1040
536 210
537 30 348 378 437 672 755 957
538 817
539 208
540 29 83 893 983 1172 1173
541 258 768 948
542 145
543 758
544 365
545 145
546 177 1443
547 500 553 1132
548 314 1456
549 593 817
550 842
551 1090
552 440
553 130 547 700 1381
554 220
555 145
556 639 1077
557 693 1366 1413
558 665 1065 1422
559 387 936 1039 1042
560 46
561 67 88 255 300 607 660 744 942 1267 1268 1269 1270
562 1072
563 70 1111
564 269
565 11 15 27 57 60 123 128 202 335 351 358 380 479 502 514 733 760 769 823 833 858 861 960 985 1000 1083 1096 1108 1135
566 646 668
567 401 791
568 145 655 800
569 444
570 88 254 353 687 870 928 1114
571 54
572 503 725
573 269
574 972
575 379
576 753
577 800 801 812 817
578 269
579 758
580 233
581 593
582 160 230 353 443 829 1129 1145
583 21 80 428 789 817 1128
584 809 1330
585 710 1053
586 210
587 145
588 1128
589 127
590 636
591 346 422 867
592 343 934 1238
593 2 59 66 124 225 517 549 581 613 694 719 740 822 829 926 938 1030 1032 1108
594 644 942
595 145 396
596 918
597 771
598 813 1058 1292
599 9 434 443 968 1035
600 776 1002
601 231 234 335 397 405 434 443 964 968
602 150 817
603 269 370 462
604 107 343
605 687 809 1210
606 885
607 561 817 842
608 1416
609 619 989
610 127 989
611 326 789 1097
612 129
613 74 192 292 593 1099
614 1076 1123
615 923
616 721
617 404
618 23 339 1106
619 609 986
620 134
621 18 431 1065
622 145
623 418
624 9 10 79
625 34
626 104
627 434
628 864 1129
629 1054
630 70
631 28 33 118 132 134 219 493 718 740 914 996 1015 1025
632 210
633 434
634 208
635 753
636 23 37 117 239 247 261 300 339 345 400 421 470 505 506 590 782 785 929 946 953 994 996 1027 1044 1061 1090 1149
637 456
638 968
639 358 556 1077
640 305
641 274
642 59 349
643 842
644 594 942 1127
645 215 1228 1390
646 131 566 668 810 992
647 753
648 759 778 1081
649 791 1066
650 236 522 852 1085 1128
651 333
652 265 404
653 245 1072 1410
654 255
655 509 568 708 814
656 96 350 1163
657 232 886
658 253
659 164 535
660 561 842 1308
661 383 959
662 178 842 918 959 1111 1273
663 884
664 734
665 250 558 1193
666 842
667 753 968
668 188 566 646
669 148 451
670 1018
671 776 1273
672 30 378 435 437 537 755 957
673 39 1447
674 251 712
675 145
676 129
677 1228
678 715 872
679 96 935 947 1273
680 41 977
681 73 391 753 807 839 1108 1117
682 717 938
683 25 444 1120
684 1143 1188 1189
685 274 966
686 7 251 1013
687 290 570 605 920 924 959 1150
688 22 496 918 1018 1144
689 242 699
690 304 1262
691 134
692 1116
693 557
694 25 593
695 456 943
696 456
697 896
698 954
699 456 689 1418
700 553
701 267 319 449
702 52 1434
703 418
704 19 818
705 159
706 88 354 406 821 909 910
707 318 1366
708 230 395 655
709 93 179 237 291 933
710 155 585 949 972 1128
711 222
712 674
713 87 284
714 758
715 678 817
716 829
717 474 519 682 1004 1160 1259 1293 1297 1298 1299 1300 1301 1302 1303 1304 1305 1306 1307
718 631
719 147 438 480 593
720 843
721 616 1273
722 25
723 134
724 796 941 1049
725 572 1238
726 9 758
727 418
728 381
729 96 817 999
730 365 877 1065
731 879
732 283
733 565
734 226 364 497 664 784 896
735 353
736 11
737 492
738 1128
739 145
740 353 593 631
741 137
742 364
743 70
744 561
745 904
746 1050
747 255
748 141 177
749 152
750 877
751 80 786
752 415 452
753 73 162 165 312 576 635 647 667 681 839 869 1108 1117
754 25 75 76 85
755 30 331 353 378 537 672
756 152
757 353
758 59 317 489 522 543 579 714 726 820 822 875
759 648
760 565
761 145
762 431
763 349
764 326
765 241 413 962
766 360 846 864
767 70
768 541 948
769 565
770 525 813
771 597 991 1141 1220 1221
772 317
773 61 96
774 255
775 10 31 155 250 511 972 1128
776 3 428 471 600 671 837 966
777 229 1164
778 501 648
779 89
780 1033
781 46 343
782 23 53 253 339 636 1027
783 944
784 734
785 339 636
786 80 303 751
787 23 1169
788 842 1064
789 251 583 611 889 1104 1264 1265 1266
790 1023 1115
791 179 567 649 1004
792 1097
793 959
794 1040 1099
795 145
796 724 941 1049
797 163 808 1076 1123 1330
798 263 1162
799 365 386 972
800 568 577 805 1313
801 577
802 253
803 1033
804 36
805 6 84 470 800
806 255
807 681
808 20 96 200 446 797
809 152 255 513 521 584 605 863 1159 1161
810 646
811 1168
812 577
813 454 598 770
814 655
815 1050
816 255 970 1174 1175 1176
817 6 83 88 91 104 140 150 177 182 217 239 243 251 259 330 431 462 463 491 492 523 524 531 538 549 577 583 602 607 715 729 842 860 898 964 1011 1129 1170
818 83 239 704
819 255 940 1222
820 758
821 172 218 283 706
822 593 758 928 1217 1218 1219
823 565
824 456
825 510
826 61
827 424
828 90 963
829 319 582 593 716 996
830 431
831 418
832 218 220
833 61 565
834 959
835 143 888
836 331
837 776
838 145
839 681 753
840 132
841 986
842 15 72 121 178 202 220 300 353 433 507 550 607 643 660 662 666 788 817 964 981 1033 1075 1113 1130 1169 1264 1361 1380 1444
843 720 1313
844 95 313 363 1014 1424
845 255
846 766
847 120 1080 1436
848 97
849 62 145 190 907
850 145
851 132
852 31 36 120 250 301 511 533 650 912 972 977 1191 1243 1387
853 404
854 218
855 313
856 52
857 132
858 565
859 173 222 995
860 817
861 565
862 41
863 43 809 918
864 229 371 628 766
865 431 1000
866 250 344 468 511 982
867 591
868 239 392 1019
869 753
870 570
871 431
872 678
873 124
874 950
875 758
876 379
877 365 730 750 951
878 270
879 255 731 1100
880 881 981
881 368 880 922 1273
882 964
883 56
884 134 314 663 1006
885 606 888
886 657
887 277 1101
888 335 370 835 885
889 83 789 1125
890 136
891 954
892 434 535 1162
893 442 540
894 991 1310
895 145
896 25 282 697 734 1003 1038 1050
897 70 152
898 817
899 160 924
900 959
901 1097
902 331 1001 1282
903 88 221 299 403 462 488
904 57 351 391 745 1090 1108
905 145
906 89 403 406 501
907 62 190 849
908 145
909 706 954
910 706
911 22 96
912 285 852
913 238
914 631
915 404
916 145
917 134
918 178 212 320 462 596 662 688 863 1033 1075 1122
919 928 970 1085
920 687 1102
921 1018
922 367 881 981
923 492 615
924 134 687 899
925 940
926 593
927 199
928 452 570 822 919 1114
929 636
930 1101
931 9
932 269
933 709 1012
934 592
935 96 265 679 1023 1170
936 387 559 1039 1042
937 1128
938 593 682 956 975 1099 1138
939 515
940 12 64 265 819 925 969 1104 1178 1308 1366
941 724 796 1202 1329
942 561 594 644
943 695
944 372 473 495 783 1164 1284 1390
945 528
946 300 636 1027
947 679
948 258 541 768
949 0 229 710
950 281 323 874 1166
951 122 365 877 1053 1370
952 318 1259
953 23 339 345 636
954 100 109 329 698 891 909 1099
955 139
956 938
957 30 378 437 537 672
958 317
959 86 131 176 328 337 369 433 444 494 527 661 662 687 793 834 900 1008 1046 1119 1134 1157
960 565 1153
961 366 1040 1099 1111 1127 1165
962 241 413 765
963 90 238 828 1394
964 285 601 817 842 882
965 61
966 34 685 776
967 26 105 343 443
968 186 376 435 447 461 599 601 638 667 1099
969 501 940 977 1053 1085
970 816 919 1287 1292 1339 1378
971 431 520 1369
972 365 574 710 775 799 852 1053 1168
973 1001
974 1018
975 938
976 145
977 122 250 443 511 522 533 680 852 969 1054 1181 1184
978 70 1000 1210
979 145
980 1000
981 367 368 842 880 922 1439
982 866
983 29 83 540
984 1062
985 353 565
986 619 841
987 1166
988 463
989 609 610
990 145
991 464 771 894
992 646
993 129
994 636
995 1 47 164 457 859
996 132 134 317 631 636 829
997 145
998 999
999 41 729 998
1000 232 565 865 978 980
1001 902 973
1002 600
1003 896
1004 717 791
1005 145
1006 884
1007 25 362
1008 959
1009 359
1010 332
1011 332 817
1012 269 933 1273
1013 203 232 251 686 1051 1098
1014 844
1015 177 631
1016 413
1017 1169
1018 204 670 688 921 974
1019 96 392 406 868
1020 145
1021 269
1022 431
1023 388 389 790 935
1024 25 249 1062
1025 631
1026 472 1084
1027 23 164 231 339 636 782 946
1028 129
1029 145
1030 593
1031 0 154
1032 132 593
1033 780 803 842 918
1034 119 132
1035 477 599
1036 1310
1037 520
1038 96 318 364 416 896 1126
1039 339 387 440 559 936 1042 1088 1129 1271
1040 231 535 794 961
1041 255
1042 387 559 936 1039
1043 434
1044 636
1045 148 253
1046 269 959
1047 145
1048 450
1049 724 796 1417
1050 431 746 815 896
1051 1013
1052 268
1053 365 585 951 969 972 1103
1054 250 498 629 977 1168
1055 307 486
1056 145
1057 522
1058 304 598
1059 1169
1060 1162
1061 23 339 636
1062 249 271 984 1024
1063 46 343 1233
1064 788
1065 18 79 205 265 365 558 621 730 1142 1263
1066 649
1067 1184
1068 132 353
1069 357 1282 1366
1070 401
1071 156 418 1388 1390
1072 10 200 245 562 653 1389
1073 525
1074 418
1075 842 918 1273
1076 614 797
1077 358 556 639
1078 239
1079 268 393 1343 1344
1080 847
1081 648
1082 120 452 1210
1083 565
1084 287 472 1026
1085 122 650 919 969 1238
1086 379 1121
1087 431
1088 1039
1089 343
1090 54 400 450 551 636 904
1091 56 1273
1092 442
1093 46 343
1094 1162
1095 145
1096 565
1097 113 611 792 901
1098 463 519 1013
1099 127 232 412 499 613 794 938 954 961 968 1153
1100 257 879
1101 277 887 930
1102 359 920 1289
1103 13 1053
1104 789 940 1131 1325
1105 169
1106 618
1107 145
1108 565 593 681 753 904
1109 510
1110 391
1111 151 168 178 326 409 432 512 563 662 961 1136
1112 299
1113 20 286 446 516 842
1114 570 928
1115 70 790
1116 503 692
1117 681 753
1118 444
1119 959
1120 683
1121 156 218 1086 1223 1428 1429
1122 252 918
1123 503 614 797
1124 132
1125 83 889
1126 6 1038
1127 202 644 961 1205 1327
1128 136 236 250 322 407 467 511 522 583 588 650 710 738 775 937 1168 1182 1183
1129 527 582 628 817 1039 1366
1130 25 318 842 1386
1131 1104
1132 547 1407
1133 443
1134 959
1135 134 565
1136 1111
1137 449
1138 333 938
1139 5 442
1140 331
1141 771
1142 364 431 520 1065
1143 70 152 684
1144 688
1145 582
1146 146 1210
1147 257
1148 331
1149 636
1150 687
1151 145
1152 434
1153 172 960 1099 1158
1154 239
1155 306
1156 361
1157 959
1158 1153
1159 809
1160 49 717
1161 809
1162 411 413 463 510 798 892 1060 1094
1163 81 656
1164 777 944 1390
1165 961
1166 65 264 273 338 506 950 987
1167 145
1168 155 266 811 972 1054 1128
1169 96 259 787 842 1017 1059
1170 425 463 485 526 817 935
1171 83
1172 540
1173 540
1174 816
1175 816
1176 816
1177 79 96
1178 10 79 940
1179 79 1184
1180 79
1181 977
1182 1128
1183 1128
1184 977 1067 1179 1185 1186 1187
1185 318 1184 1273
1186 1184
1187 1184 1330
1188 684
1189 684
1190 399 1191 1192
1191 250 511 852 1190
1192 1190
1193 18 665 1238
1194 522
1195 10
1196 10
1197 10
1198 10 1342
1199 70
1200 70 1209 1210
1201 9 70
1202 941
1203 152
1204 1205 1206 1207 1208
1205 1127 1204 1328
1206 25 1204
1207 1204
1208 318 387 1204
1209 387 1200
1210 203 206 319 335 605 978 1082 1146 1200 1211 1212 1213
1211 1210
1212 1210
1213 1210 1382
1214 9 1232
1215 56
1216 56
1217 822
1218 822
1219 233 822 1271
1220 771
1221 771
1222 819 1254
1223 1121
1224 1273
1225 144
1226 353
1227 353
1228 645 677
1229 94
1230 94
1231 250 511
1232 1214
1233 222 1063 1234 1235 1236 1237
1234 1233
1235 1233
1236 1233
1237 1233
1238 15 18 67 265 320 322 373 501 592 725 1085 1193 1239 1240 1241 1242 1243 1244 1245 1246 1247
1239 96 1238
1240 25 1238 1292
1241 1238 1282
1242 382 1238 1249
1243 852 1238
1244 1238
1245 1238
1246 1238
1247 1238
1248 43
1249 1242 1250 1251
1250 398 1249
1251 1249
1252 64
1253 410 1310
1254 194 1222 1255 1256
1255 1254
1256 1254
1257 230 1258
1258 1257
1259 94 717 952 1260
1260 1259
1261 41
1262 446 690
1263 1065
1264 789 842 1273
1265 789
1266 789
1267 561 1426
1268 561
1269 561
1270 561
1271 11 15 120 428 1039 1219 1272
1272 1271
1273 62 120 201 208 662 671 679 721 881 1012 1075 1091 1185 1224 1264 1274 1275 1276 1277 1278 1279 1280 1281
1274 1273
1275 1273
1276 1273
1277 1273
1278 1273
1279 1273
1280 1273
1281 1273
1282 902 1069 1241 1283
1283 1282
1284 154 944 1423
1285 464
1286 311
1287 374 970 1288 1290 1291
1288 1287
1289 1102
1290 1287
1291 1287
1292 311 382 598 970 1240 1293 1294 1295
1293 717 1292
1294 1292 1339
1295 1292
1296 382
1297 717
1298 717
1299 717
1300 717
1301 717
1302 717
1303 717
1304 717
1305 717
1306 717
1307 717
1308 137 660 940
1309 1310
1310 894 1036 1253 1309 1311 1312
1311 1310
1312 1310
1313 800 843 1314 1315 1316 1317 1318 1319 1320 1321 1322 1323 1324
1314 1313
1315 1313
1316 1313
1317 1313
1318 1313
1319 1313
1320 1313
1321 1313
1322 1313
1323 1313
1324 1313
1325 1104
1326 304
1327 1127 1363 1364 1365
1328 1205
1329 25 941
1330 584 797 1187 1331 1332 1333 1334 1335 1336 1337 1338
1331 1330
1332 1330
1333 1330
1334 1330
1335 1330
1336 1330
1337 1330
1338 1330
1339 970 1294 1340
1340 1339
1341 1342
1342 428 1198 1341 1345 1358
1343 1079
1344 1079 1345
1345 1342 1344
1346 265
1347 265
1348 25
1349 25
1350 25
1351 25
1352 25
1353 25 1386
1354 25
1355 25
1356 25
1357 25
1358 1342
1359 18
1360 18
1361 226 842
1362 226
1363 1327
1364 1327
1365 1327
1366 15 557 707 940 1069 1129 1367 1368 1369
1367 1366
1368 1366
1369 416 971 1366 1422 1452
1370 951
1371 96
1372 96
1373 96
1374 96
1375 96
1376 96
1377 96 1455
1378 970
1379 211
1380 842
1381 553
1382 1213
1383 318
1384 318
1385 318
1386 1130 1353
1387 852
1388 1071
1389 1072
1390 645 944 1071 1164
1391 285
1392 238 1394
1393 238 1394
1394 237 238 963 1392 1393 1412
1395 238
1396 212
1397 346
1398 279 346 393
1399 346 483
1400 516 1403
1401 68 1415
1402 68
1403 1400
1404 72 87 299 1405
1405 1404
1406 299
1407 338 1132
1408 221 279 484 1421
1409 365
1410 653
1411 212
1412 1394
1413 557
1414 262
1415 156 1401
1416 370 420 462 608
1417 1049
1418 699
1419 221 517
1420 221
1421 221 1408
1422 558 1369
1423 1284
1424 844
1425 218
1426 1267
1427 245
1428 1121
1429 1121
1430 65 1448
1431 395
1432 395
1433 198
1434 524 702
1435 192
1436 847
1437 22
1438 22
1439 367 981
1440 534
1441 534
1442 534
1443 546
1444 842
1445 510 1451
1446 510
1447 673
1448 1430
1449 104
1450 104
1451 1445 1453 1454
1452 1369
1453 1451
1454 1451
1455 1377
1456 548
